windninja/all_results/maria_elevation_tif_point_11-01-2019_0500_500m_vel.asc
ncols	128
nrows	92
xllcorner	280654.681342
yllcorner	3772085.885776
cellsize	500.000000
NODATA_value	-32768.000000
[rows 0 to 37 of 92, columns 0 to 83 of 128]
5.50 5.65 6.26 6.78 6.63 6.19 6.05 6.55 7.16 7.47 7.46 7.31 6.94 6.75 6.30 5.62 5.32 5.31 6.07 6.85 7.14 7.17 7.19 7.31 7.22 7.12 7.36 7.41 7.07 6.89 6.91 6.85 6.78 6.87 6.99 7.13 7.54 7.90 8.20 8.40 8.32 8.07 7.76 8.03 8.41 8.49 8.25 7.76 7.36 7.97 8.41 8.59 8.51 8.57 8.47 7.97 7.42 6.87 6.83 7.03 7.43 8.28 8.67 8.66 8.80 8.59 8.08 7.20 6.03 5.39 5.44 5.80 5.79 5.44 5.06 5.06 5.09 4.89 5.02 5.24 5.43 5.66 7.24 8.35
5.50 5.65 6.26 6.78 6.63 6.19 6.05 6.55 7.16 7.47 7.46 7.31 6.94 6.75 6.30 5.62 5.32 5.31 6.07 6.85 7.14 7.17 7.19 7.31 7.22 7.12 7.36 7.41 7.07 6.89 6.91 6.85 6.78 6.87 6.99 7.13 7.54 7.90 8.20 8.40 8.32 8.07 7.76 8.03 8.41 8.49 8.25 7.76 7.36 7.97 8.41 8.59 8.51 8.57 8.47 7.97 7.42 6.87 6.83 7.03 7.43 8.28 8.67 8.66 8.80 8.59 8.08 7.20 6.03 5.39 5.44 5.80 5.79 5.44 5.06 5.06 5.09 4.89 5.02 5.24 5.43 5.66 7.24 8.35
4.96 4.47 4.51 5.41 5.86 5.69 5.19 5.11 5.66 6.08 6.21 6.36 6.07 6.09 6.17 5.86 5.69 5.46 5.37 5.62 5.96 6.17 6.24 6.40 6.36 5.93 5.98 6.40 6.31 6.06 6.01 6.04 5.90 5.88 6.02 6.12 6.00 5.82 6.47 7.00 7.27 7.48 7.06 6.39 6.47 6.93 6.84 7.04 6.68 6.81 7.03 6.74 6.56 7.05 7.41 7.66 7.55 6.73 6.52 6.56 6.33 6.92 7.57 7.42 7.47 7.56 7.50 7.26 6.66 6.12 5.82 5.96 6.06 5.87 5.52 5.40 5.31 5.16 5.37 5.61 5.87 5.83 6.28 7.53
5.49 4.66 3.88 4.34 5.35 5.84 5.27 4.64 4.87 5.12 5.16 5.61 5.77 5.80 6.05 6.13 5.94 5.43 5.01 5.05 5.23 5.20 5.09 5.23 5.48 5.26 5.06 5.42 5.69 5.69 5.53 5.58 5.58 5.45 5.39 5.23 4.93 4.81 5.24 5.44 5.59 6.14 6.16 5.54 5.77 6.30 5.73 5.90 5.70 5.51 5.78 5.42 5.48 5.84 5.78 6.74 7.87 7.01 6.10 6.25 5.74 5.55 6.14 5.94 5.90 6.57 7.18 7.37 7.18 6.86 6.34 6.14 6.37 6.43 6.18 5.97 5.81 5.80 6.12 6.27 5.94 5.15 5.18 6.82
5.92 5.99 5.46 4.76 4.99 5.49 5.41 5.06 5.05 5.11 5.06 5.15 5.48 5.55 5.46 5.61 5.60 5.26 5.10 5.17 5.21 5.07 4.95 5.02 5.18 5.19 5.04 5.05 5.20 5.41 5.39 5.37 5.50 5.49 5.40 5.19 5.04 5.06 5.23 5.19 5.10 5.46 5.63 5.27 5.67 6.78 6.42 5.93 5.67 5.30 5.49 5.55 6.08 6.04 4.85 5.04 7.40 7.75 6.08 5.99 5.97 5.74 6.12 6.35 6.40 6.63 7.29 7.73 7.60 7.42 6.99 6.38 6.36 6.36 6.10 6.01 5.84 5.46 5.36 5.62 5.09 4.44 4.63 5.79
4.87 5.60 5.88 4.88 4.34 4.43 4.38 4.46 4.70 4.92 5.16 5.00 4.91 5.11 5.13 5.24 5.39 5.24 5.06 5.07 5.17 5.17 5.12 5.18 5.21 5.12 5.02 5.02 5.05 5.13 5.17 5.16 5.20 5.21 5.21 5.12 4.97 4.83 4.93 5.13 5.17 5.53 5.60 4.88 4.81 5.91 6.45 6.49 6.46 6.11 5.71 5.76 6.40 6.63 5.58 4.19 5.37 7.80 6.85 5.55 5.60 6.05 6.43 6.78 7.16 6.87 6.97 7.69 7.96 8.10 7.76 7.06 7.03 7.02 6.56 5.84 4.85 4.55 4.72 5.10 5.22 4.58 3.85 4.03
4.55 5.09 5.76 5.47 4.88 4.50 4.21 4.28 4.59 4.88 5.29 5.51 5.34 5.19 5.26 5.28 5.29 5.25 5.18 5.21 5.29 5.32 5.26 5.28 5.36 5.36 5.29 5.27 5.32 5.33 5.30 5.29 5.28 5.22 5.17 5.10 5.02 4.80 4.53 4.56 4.64 5.08 5.60 5.34 5.18 5.35 5.56 5.83 6.09 6.31 5.91 5.87 6.18 6.50 6.74 5.33 4.47 6.56 7.63 6.05 5.16 5.59 5.54 5.39 6.40 6.49 6.54 7.02 7.33 8.05 8.00 7.39 7.54 7.91 8.14 7.38 5.56 5.32 5.84 6.01 5.61 4.60 3.61 3.19
4.83 5.23 5.79 6.11 6.27 5.85 5.21 4.88 4.79 4.89 5.13 5.52 5.79 5.67 5.60 5.53 5.36 5.29 5.22 5.16 5.12 5.19 5.29 5.33 5.33 5.31 5.29 5.28 5.27 5.24 5.19 5.14 5.10 5.03 4.96 4.86 4.77 4.69 4.50 4.28 4.19 4.38 4.89 5.23 5.44 5.49 5.23 5.16 5.24 5.38 5.48 5.75 5.83 5.89 6.45 6.27 5.41 5.63 7.22 6.74 4.81 4.45 4.61 4.86 5.73 5.55 5.72 6.10 6.36 7.52 7.81 6.89 6.52 6.71 7.30 8.02 7.36 6.49 5.72 5.58 5.78 5.80 5.34 4.25
4.79 5.28 5.76 5.71 6.14 6.42 6.06 5.59 5.28 5.17 5.18 5.28 5.51 5.65 5.66 5.60 5.43 5.35 5.37 5.35 5.16 5.07 5.19 5.35 5.40 5.37 5.38 5.41 5.40 5.30 5.17 5.12 5.01 4.85 4.89 4.96 4.86 4.94 5.15 4.97 4.67 4.52 4.59 4.90 5.15 5.31 5.15 5.08 5.22 5.10 5.03 5.43 5.58 5.70 5.85 5.83 5.83 5.63 6.27 6.56 5.39 4.32 3.83 4.47 5.43 5.20 4.90 4.97 5.19 6.52 7.15 6.80 6.51 5.91 5.67 6.05 5.89 5.79 5.40 5.44 6.18 6.90 7.19 6.33
4.56 5.00 5.66 5.51 5.38 5.65 5.81 5.76 5.54 5.31 5.17 5.12 5.07 5.16 5.34 5.41 5.38 5.33 5.36 5.51 5.44 5.21 5.18 5.33 5.44 5.39 5.39 5.43 5.40 5.19 4.90 4.94 5.10 5.01 5.11 5.34 5.27 5.09 5.21 5.34 5.23 5.04 4.84 4.74 4.79 4.89 4.78 4.65 4.93 5.23 5.03 4.87 5.08 5.45 5.64 5.48 5.44 5.60 6.15 6.46 6.73 6.23 4.27 3.83 4.66 5.15 4.75 4.53 4.92 6.30 6.56 6.83 7.85 7.92 7.27 6.07 5.58 6.05 6.71 6.83 6.16 5.79 6.26 6.17
4.43 4.72 5.49 5.71 5.49 5.40 5.33 5.38 5.41 5.33 5.22 5.17 5.11 5.10 5.21 5.31 5.33 5.30 5.22 5.31 5.44 5.33 5.22 5.30 5.39 5.34 5.39 5.67 5.96 5.91 5.51 5.38 5.55 5.52 5.43 5.38 5.25 5.04 4.90 4.91 4.93 4.97 4.95 4.83 4.81 4.90 4.77 4.46 4.51 5.06 5.38 5.13 4.96 5.21 5.28 5.53 6.02 6.45 7.31 7.70 8.22 8.96 7.84 5.76 5.35 6.02 6.03 6.01 6.19 7.53 7.49 6.10 7.19 8.80 9.65 8.67 7.30 6.91 6.58 6.49 6.16 5.83 5.71 5.59
4.29 4.38 4.93 5.32 5.30 5.26 5.18 5.17 5.23 5.30 5.31 5.26 5.10 5.07 5.15 5.18 5.27 5.35 5.29 5.21 5.27 5.20 5.08 5.18 5.30 5.20 5.14 5.45 6.12 6.61 6.52 6.23 5.95 5.54 5.22 5.12 5.05 4.93 4.87 4.72 4.59 4.79 4.99 4.91 4.90 5.08 5.03 4.60 4.20 4.23 4.79 5.36 5.34 5.24 4.96 5.16 5.97 6.58 7.03 7.36 7.58 8.57 9.77 9.22 8.27 8.00 8.07 7.92 6.95 7.13 8.37 6.58 5.48 6.55 9.12 9.58 7.43 6.22 6.25 6.27 6.25 6.55 6.28 5.69
4.39 4.36 4.68 5.01 5.07 5.14 5.16 5.17 5.23 5.32 5.36 5.43 5.23 5.02 5.15 5.26 5.30 5.40 5.43 5.36 5.41 5.38 5.18 5.27 5.42 5.30 5.09 4.81 4.95 5.58 5.86 5.80 5.73 5.61 5.29 5.14 5.21 5.13 5.22 5.17 4.89 5.01 5.30 5.17 5.06 5.22 5.28 5.03 4.57 3.99 3.83 4.32 4.81 5.06 4.81 4.79 5.02 5.18 5.30 5.49 5.65 5.94 7.32 8.61 8.14 7.13 7.13 7.77 6.99 6.47 8.10 7.75 5.81 5.47 7.67 9.56 8.30 6.37 6.49 6.78 6.24 6.46 6.55 5.93
4.76 4.48 4.50 4.90 5.05 5.15 5.20 5.09 5.10 5.33 5.44 5.65 5.69 5.30 5.17 5.33 5.39 5.42 5.54 5.52 5.54 5.60 5.27 5.12 5.23 5.08 5.01 4.72 4.34 4.56 4.95 5.21 5.52 5.82 5.49 5.04 4.95 4.83 5.10 5.32 5.10 5.12 5.36 5.36 5.29 5.49 5.71 5.93 6.02 5.55 4.92 4.69 4.92 5.21 5.04 4.97 5.22 5.29 5.23 5.28 5.35 5.53 6.02 7.02 7.27 6.21 5.85 6.75 6.93 7.00 8.02 8.06 6.49 5.28 6.54 8.87 9.09 7.43 6.66 7.02 6.75 6.46 6.46 6.11
5.45 4.98 4.53 4.72 4.99 5.18 5.37 5.32 5.12 5.26 5.41 5.56 5.80 5.65 5.34 5.32 5.43 5.39 5.45 5.57 5.61 5.69 5.39 5.02 4.97 4.68 4.52 4.56 4.53 4.63 4.81 4.98 5.44 6.00 5.87 5.64 5.60 5.28 5.31 5.40 5.27 5.57 5.83 5.89 6.00 6.26 6.61 6.98 7.38 7.51 7.23 6.89 6.69 6.45 5.76 5.08 5.26 5.73 5.75 5.43 5.18 5.42 5.75 6.51 7.29 6.58 5.75 5.64 5.74 6.32 7.25 8.07 7.26 5.25 5.43 7.49 8.43 7.99 7.20 6.98 7.03 6.78 6.49 6.16
5.77 5.26 4.69 4.62 4.74 4.92 5.20 5.36 5.18 5.13 5.17 5.20 5.34 5.37 5.27 5.28 5.45 5.48 5.40 5.41 5.57 5.83 5.89 5.86 5.84 5.47 4.96 4.55 4.58 4.83 4.89 4.80 5.34 6.36 6.79 7.12 7.26 7.08 6.96 6.90 6.77 6.92 7.01 6.96 7.04 7.00 6.94 6.90 6.83 6.97 6.70 6.34 6.30 6.24 5.65 4.98 5.01 5.63 6.01 5.53 4.65 4.60 5.01 5.72 6.73 6.76 6.37 5.53 5.20 5.60 5.70 6.84 7.65 6.21 5.26 6.22 7.14 7.25 7.05 6.70 6.78 6.85 6.57 6.19
6.02 5.18 4.43 4.35 4.34 4.49 4.77 5.06 5.05 5.02 5.04 5.06 5.10 5.11 5.16 5.26 5.46 5.57 5.52 5.39 5.53 5.90 6.05 6.16 6.52 6.82 6.67 5.84 5.42 5.64 5.79 5.86 6.25 6.81 6.93 7.02 7.14 7.17 7.43 7.46 7.29 7.22 7.05 6.77 6.74 6.48 6.00 5.87 5.64 5.88 5.95 5.75 5.98 6.04 5.53 4.99 4.91 5.42 6.06 5.81 5.21 5.16 5.36 5.71 6.19 6.66 7.21 6.47 5.73 5.72 5.52 6.24 7.21 7.24 6.33 5.94 6.49 6.78 6.85 6.66 6.61 6.70 6.54 6.25
6.52 5.97 5.18 4.81 4.59 4.53 4.74 4.95 4.99 5.05 5.11 5.11 5.02 4.99 5.04 5.08 5.20 5.34 5.43 5.41 5.35 5.49 5.62 5.65 6.02 6.72 7.40 7.57 7.38 7.24 7.15 6.89 6.42 6.11 5.77 5.82 6.16 6.03 6.17 6.21 5.85 6.23 6.33 5.85 5.81 5.79 5.45 5.37 5.34 5.69 5.94 5.80 6.26 6.55 5.97 5.14 4.65 5.04 5.91 5.94 5.75 5.94 6.17 6.29 6.11 6.25 7.24 7.31 6.73 6.27 5.88 6.47 6.75 7.11 7.18 6.60 6.52 6.61 6.75 6.63 6.55 6.58 6.50 6.31
6.15 6.25 6.23 5.97 5.70 5.27 5.10 5.20 5.14 5.14 5.30 5.30 4.97 4.81 4.98 5.08 5.10 5.17 5.22 5.18 5.12 5.23 5.50 5.69 5.70 5.70 5.88 6.21 6.22 6.07 5.81 5.47 5.29 5.15 4.89 4.85 5.16 4.95 4.90 5.29 5.08 5.15 5.48 5.33 5.44 5.79 5.74 5.50 5.31 5.54 5.93 5.72 6.01 6.56 6.32 5.62 4.81 4.89 5.73 6.05 6.11 6.19 6.25 6.42 6.41 6.19 6.70 7.35 7.41 6.84 5.98 6.36 6.71 6.60 6.80 6.82 6.74 6.62 6.64 6.63 6.55 6.52 6.47 6.36
5.48 5.53 5.72 5.79 5.79 5.57 5.23 5.23 5.21 5.16 5.42 5.67 5.27 4.79 4.88 5.08 5.16 5.16 5.23 5.27 5.29 5.45 5.50 5.50 5.39 5.24 5.08 4.93 4.79 4.84 4.85 4.89 5.13 5.27 5.26 5.05 4.87 4.64 4.48 4.90 5.20 5.03 5.21 5.32 5.34 5.80 6.14 5.96 5.54 5.42 5.71 5.62 5.69 6.30 6.47 6.25 5.58 5.08 5.51 5.89 6.12 6.51 6.32 6.02 6.40 6.35 6.19 6.86 7.44 7.37 6.53 6.24 6.75 6.68 6.46 6.55 6.73 6.76 6.72 6.69 6.64 6.60 6.55 6.47
5.38 5.10 4.77 4.82 4.96 5.03 5.01 5.07 5.13 5.04 5.13 5.57 5.47 4.86 4.86 5.13 5.28 5.28 5.38 5.61 5.64 5.41 5.00 4.85 4.86 4.92 5.03 5.21 5.18 5.05 4.98 5.05 5.14 5.04 5.16 5.42 5.23 4.91 4.68 4.84 5.40 5.38 5.37 5.55 5.44 5.56 5.99 6.19 5.93 5.68 5.68 5.61 5.57 5.92 6.02 5.99 6.04 5.41 5.15 5.47 5.74 6.39 6.55 6.11 6.37 6.45 5.87 6.27 7.08 7.45 6.99 6.27 6.43 6.63 6.50 6.46 6.55 6.64 6.71 6.74 6.71 6.67 6.61 6.53
5.63 5.25 4.69 4.58 4.74 4.79 4.79 4.94 5.01 5.01 5.01 5.28 5.42 4.99 4.90 5.11 5.32 5.40 5.32 5.24 5.28 5.32 4.87 4.54 4.71 4.82 4.72 4.78 5.04 5.16 5.00 4.83 4.83 4.72 4.71 5.26 5.57 5.34 5.02 4.86 5.23 5.29 5.03 5.23 5.44 5.47 5.65 6.01 6.14 5.96 5.97 6.02 5.86 5.86 5.82 5.67 5.93 5.75 5.20 5.29 5.76 6.11 6.10 6.18 6.58 6.76 6.04 5.86 6.64 7.21 7.02 6.49 6.28 6.35 6.42 6.52 6.62 6.63 6.68 6.75 6.75 6.74 6.70 6.64
6.01 5.69 5.28 5.12 5.12 5.10 4.88 4.83 4.87 4.96 5.15 5.34 5.40 5.19 5.06 4.99 5.04 5.12 5.08 5.12 5.19 5.47 5.28 4.65 4.69 4.88 4.87 4.74 4.76 5.10 5.29 5.31 5.16 4.87 4.60 4.85 5.28 5.23 5.02 4.87 5.20 5.46 5.16 5.13 5.39 5.60 5.56 5.66 5.96 5.77 5.67 5.93 6.17 6.14 6.02 5.93 5.99 5.95 5.45 5.34 6.00 6.54 6.06 5.96 6.64 7.10 6.83 6.35 6.63 6.99 6.88 6.60 6.40 6.33 6.32 6.49 6.73 6.78 6.77 6.81 6.82 6.81 6.78 6.73
6.04 5.79 5.44 5.23 5.00 4.80 4.72 4.68 4.63 4.65 4.95 5.36 5.28 5.02 5.26 5.28 4.95 4.91 4.89 5.06 5.17 5.36 5.56 4.96 4.62 4.77 4.95 5.04 4.92 4.94 5.07 5.27 5.31 5.01 4.60 4.60 4.93 5.01 4.95 4.87 5.22 5.63 5.43 5.30 5.35 5.55 5.62 5.71 6.05 6.01 5.81 5.86 6.21 6.21 5.90 5.79 6.03 6.15 5.63 5.40 5.90 6.80 6.61 5.98 6.44 6.89 6.97 6.86 6.88 6.99 6.82 6.59 6.45 6.39 6.31 6.42 6.67 6.85 6.91 6.92 6.92 6.89 6.87 6.84
5.85 5.51 4.96 4.93 4.93 4.45 4.25 4.29 4.25 4.18 4.33 4.99 5.26 4.83 4.93 5.41 5.14 4.88 4.93 5.01 4.93 4.89 5.39 5.36 4.94 4.98 5.03 4.98 4.98 4.99 5.00 5.13 5.26 5.04 4.65 4.49 4.64 4.84 4.93 4.83 5.02 5.50 5.46 5.34 5.47 5.48 5.31 5.50 6.03 6.14 5.96 5.99 6.27 6.27 6.02 5.82 6.01 6.31 5.88 5.47 5.60 6.41 6.75 6.28 6.44 6.76 6.86 6.96 7.04 7.07 6.86 6.56 6.42 6.40 6.38 6.49 6.72 6.90 7.01 7.05 7.05 7.01 6.97 6.95
6.08 5.97 5.30 5.05 5.31 4.91 4.52 4.32 4.16 3.95 3.81 4.20 4.75 4.68 4.44 4.98 5.16 4.65 4.72 5.14 5.19 4.88 5.16 5.45 5.20 5.10 5.08 4.85 4.67 4.85 5.07 5.28 5.55 5.33 4.83 4.60 4.53 4.59 4.73 4.86 4.95 5.21 5.38 5.32 5.63 5.75 5.27 5.13 5.57 5.91 5.84 6.02 6.45 6.47 6.19 5.98 6.11 6.41 6.15 5.73 5.69 6.17 6.59 6.53 6.63 6.89 7.06 7.17 7.25 7.22 7.04 6.65 6.38 6.38 6.48 6.69 6.95 7.13 7.22 7.22 7.17 7.08 7.04 7.06
5.71 6.14 6.22 6.00 6.19 5.89 5.41 4.97 4.53 4.08 3.69 3.72 4.01 4.49 4.70 5.04 5.41 4.85 4.62 5.00 5.19 4.93 5.01 5.28 5.17 5.11 5.19 5.11 4.73 4.60 4.68 4.79 5.28 5.62 5.39 5.06 5.01 4.98 4.77 4.87 5.04 5.04 5.15 5.12 5.48 5.91 5.65 5.36 5.54 5.85 5.76 5.86 6.39 6.63 6.36 6.02 6.06 6.50 6.52 6.15 6.04 6.24 6.51 6.63 6.78 7.02 7.22 7.39 7.52 7.52 7.33 6.88 6.43 6.39 6.66 7.00 7.28 7.41 7.43 7.39 7.29 7.13 7.00 6.97
5.17 5.55 6.20 6.80 7.32 7.27 6.63 5.73 4.90 4.46 4.03 3.76 3.59 3.86 4.56 5.19 5.75 5.47 5.05 5.17 5.33 4.99 4.85 5.13 5.12 5.10 5.25 5.46 5.36 5.00 4.81 4.62 4.66 5.12 5.30 5.02 4.81 4.93 4.79 4.75 5.05 5.07 4.99 4.91 5.15 5.66 5.64 5.36 5.40 5.79 5.86 5.82 6.21 6.57 6.61 6.32 6.09 6.35 6.54 6.37 6.32 6.45 6.62 6.71 6.84 7.10 7.33 7.56 7.82 7.98 7.83 7.31 6.70 6.60 7.07 7.50 7.73 7.78 7.59 7.40 7.26 7.19 7.07 6.92
5.15 5.51 5.67 5.73 6.55 7.30 7.58 7.21 6.31 5.90 5.51 4.89 4.28 3.70 3.66 4.19 5.14 5.35 5.19 5.31 5.61 5.41 4.92 4.99 5.04 5.07 5.13 5.31 5.64 5.74 5.77 5.39 4.86 4.92 5.03 5.02 4.90 4.83 4.74 4.68 4.96 5.07 4.93 4.87 4.97 5.40 5.59 5.32 5.14 5.44 5.86 6.04 6.26 6.44 6.55 6.46 6.18 6.21 6.34 6.36 6.42 6.54 6.69 6.82 6.89 7.05 7.28 7.48 7.83 8.23 8.25 7.81 7.36 7.31 7.79 8.12 8.13 8.19 7.96 7.46 7.19 7.19 7.37 7.18
4.48 5.04 5.17 4.57 4.73 5.47 6.53 7.39 7.49 7.30 6.92 6.53 6.03 4.98 4.09 3.92 4.51 4.89 4.84 4.77 5.03 5.25 4.99 4.92 4.91 4.96 5.02 4.89 5.02 5.24 5.67 5.94 5.54 5.36 5.25 5.08 5.06 4.93 4.69 4.58 4.86 5.16 5.02 4.91 4.97 5.28 5.60 5.59 5.37 5.20 5.40 5.83 6.26 6.39 6.35 6.31 6.16 6.13 6.22 6.29 6.41 6.59 6.75 6.93 7.00 6.98 7.22 7.44 7.70 8.17 8.20 7.81 8.98 8.10 8.55 8.85 8.44 8.47 8.62 8.10 7.36 6.52 6.67 7.20
4.04 4.43 4.88 4.67 4.62 4.88 5.30 5.72 6.18 6.66 6.32 5.69 5.85 5.60 4.87 4.49 4.57 4.82 4.77 4.55 4.55 4.69 4.65 4.73 4.91 4.96 5.13 5.04 4.89 4.96 5.24 5.78 5.90 5.79 5.61 5.23 5.07 5.06 4.89 4.63 4.70 5.14 5.18 4.94 4.96 5.21 5.45 5.60 5.71 5.59 5.38 5.47 5.89 6.12 6.11 6.08 6.07 6.07 6.16 6.26 6.39 6.58 6.78 7.07 7.35 7.20 7.29 7.52 7.61 8.04 7.78 6.99 7.22 7.54 8.29 9.29 8.73 8.32 8.80 8.99 8.50 6.94 6.43 7.49
4.19 4.51 5.03 5.29 5.53 5.80 5.63 4.89 4.79 5.73 5.92 4.99 4.97 5.38 5.08 4.66 4.59 4.88 5.13 5.16 5.17 5.11 4.84 4.60 4.79 5.03 5.26 5.40 5.26 5.14 5.13 5.27 5.44 5.72 5.82 5.45 5.19 5.15 5.08 4.84 4.50 4.69 5.10 4.96 4.84 5.10 5.27 5.30 5.44 5.59 5.53 5.47 5.72 5.98 5.96 5.88 5.90 5.94 6.04 6.18 6.35 6.57 6.76 7.00 7.52 7.43 7.29 7.61 7.70 7.99 7.62 6.56 6.57 6.88 6.96 8.67 9.14 8.20 8.26 9.04 9.53 8.90 7.93 7.58
4.67 4.92 5.31 5.23 5.00 5.34 6.00 5.47 4.80 5.52 6.28 6.01 5.45 5.19 5.01 4.71 4.63 4.85 5.15 5.29 5.37 5.42 5.24 4.80 4.43 4.44 4.71 5.07 5.20 5.02 5.00 5.07 4.86 5.08 5.64 5.51 5.08 4.95 4.98 5.05 4.78 4.43 4.79 4.99 4.66 4.82 5.05 4.95 4.92 5.03 5.19 5.36 5.68 5.92 5.81 5.67 5.70 5.80 5.92 6.05 6.24 6.47 6.62 6.69 7.37 7.72 7.16 7.22 7.78 8.03 7.39 5.95 6.05 6.80 6.06 7.24 9.13 8.97 8.17 8.24 8.64 8.65 8.24 7.36
4.58 4.79 5.14 4.91 4.47 4.54 5.34 5.62 5.04 5.13 5.69 5.87 5.87 5.57 5.25 4.88 4.64 4.75 4.94 5.00 4.90 4.93 5.08 5.08 4.81 4.50 4.39 4.60 5.02 5.13 5.16 5.35 5.10 4.84 5.33 5.76 5.49 5.04 4.91 5.05 5.16 4.73 4.53 4.89 4.73 4.53 4.69 4.73 4.70 4.75 4.87 5.11 5.61 6.23 5.60 5.43 5.55 5.66 5.72 5.92 6.27 6.64 6.91 6.72 7.26 8.52 8.34 8.12 9.75 9.76 8.27 6.20 5.73 6.68 6.22 6.06 7.67 8.98 8.65 8.05 7.81 7.93 8.11 7.72
4.02 4.22 4.90 5.19 5.04 5.05 5.17 5.11 4.80 4.76 4.90 5.11 5.46 5.51 5.49 5.24 4.80 4.78 5.00 5.23 5.28 5.17 5.20 5.28 5.28 5.17 4.83 4.64 4.79 4.87 4.93 5.10 5.13 4.92 4.97 5.46 5.65 5.26 4.85 4.71 4.96 4.87 4.35 4.48 4.72 4.58 4.60 4.68 4.67 4.72 4.83 5.03 5.43 5.73 5.47 5.31 5.56 6.02 6.11 6.24 6.81 7.37 8.05 8.07 8.22 9.76 10.69 10.83 11.59 10.58 9.14 7.73 6.32 6.19 6.13 5.57 5.88 7.38 8.34 8.27 7.64 7.47 7.75 7.61
4.11 4.00 4.27 4.83 5.11 5.40 5.72 5.28 4.67 4.84 4.82 4.87 5.22 5.14 5.13 5.29 5.06 4.87 5.06 5.34 5.58 5.49 5.18 5.03 4.89 4.87 4.79 4.65 4.68 4.62 4.77 4.92 4.82 4.75 4.76 5.03 5.39 5.33 5.00 4.61 4.73 5.00 4.61 4.41 4.61 4.67 4.69 4.72 4.71 4.74 4.86 5.06 5.32 5.48 5.40 5.26 5.36 6.01 6.52 6.55 7.10 7.83 8.83 9.65 9.64 9.86 10.23 10.14 9.60 8.46 7.62 7.23 6.26 5.46 5.48 5.56 5.72 6.53 7.47 7.83 7.32 6.84 7.02 7.09
4.50 4.28 4.09 4.24 4.62 5.09 5.78 5.74 4.97 5.00 4.94 4.71 5.06 5.18 4.91 4.93 5.02 4.92 4.95 5.02 5.11 5.20 4.91 4.83 4.94 4.78 4.59 4.49 4.69 4.68 4.78 5.12 5.02 4.76 4.63 4.74 5.03 5.20 5.25 4.93 4.61 4.90 4.90 4.62 4.62 4.64 4.67 4.72 4.73 4.77 4.87 5.03 5.20 5.36 5.34 5.30 5.29 5.63 6.51 7.11 7.77 8.38 8.72 8.94 8.58 8.37 8.61 8.59 8.02 7.52 6.99 6.55 6.17 5.38 5.06 5.41 6.04 6.83 7.14 6.88 6.53 6.31 6.29 6.51
4.76 4.64 4.42 4.20 4.20 4.66 5.67 6.11 5.35 4.95 4.92 4.61 4.56 4.85 4.91 4.87 4.89 4.86 4.78 4.68 4.62 4.94 4.94 4.80 5.17 5.24 5.04 4.74 4.72 4.75 4.67 4.92 4.98 4.82 4.62 4.49 4.65 4.92 5.10 5.14 4.74 4.59 4.79 4.71 4.64 4.65 4.63 4.67 4.70 4.73 4.79 4.86 4.92 5.11 5.25 5.24 5.43 5.86 6.46 7.07 7.59 7.84 7.88 7.89 7.57 7.58 8.02 8.12 7.64 7.25 7.07 6.50 6.05 5.60 5.12 5.12 5.85 7.78 7.77 6.20 5.75 5.77 5.87 6.09
