windninja/all_results/maria_elevation_tif_point_11-01-2019_0300_500m_vel.asc
ncols	128
nrows	92
xllcorner	280654.681342
yllcorner	3772085.885776
cellsize	500.000000
NODATA_value	-32768.000000
[rows 0 to 37 of 92, columns 0 to 83 of 128]
5.07 5.05 5.52 6.02 5.87 5.49 5.24 5.67 6.34 6.59 6.55 6.47 6.14 5.99 5.58 5.00 4.82 4.78 5.45 6.22 6.51 6.51 6.50 6.61 6.52 6.38 6.61 6.68 6.35 6.19 6.24 6.22 6.17 6.26 6.38 6.52 6.89 7.22 7.54 7.70 7.67 7.50 7.14 7.31 7.68 7.79 7.56 7.09 6.69 7.31 7.77 7.91 7.81 7.87 7.77 7.30 6.80 6.29 6.26 6.45 6.80 7.59 7.95 7.93 8.05 7.85 7.37 6.58 5.51 4.94 4.98 5.30 5.29 4.97 4.63 4.64 4.67 4.50 4.63 4.83 5.01 5.24 6.67 7.68
5.07 5.05 5.52 6.02 5.87 5.49 5.24 5.67 6.34 6.59 6.55 6.47 6.14 5.99 5.58 5.00 4.82 4.78 5.45 6.22 6.51 6.51 6.50 6.61 6.52 6.38 6.61 6.68 6.35 6.19 6.24 6.22 6.17 6.26 6.38 6.52 6.89 7.22 7.54 7.70 7.67 7.50 7.14 7.31 7.68 7.79 7.56 7.09 6.69 7.31 7.77 7.91 7.81 7.87 7.77 7.30 6.80 6.29 6.26 6.45 6.80 7.59 7.95 7.93 8.05 7.85 7.37 6.58 5.51 4.94 4.98 5.30 5.29 4.97 4.63 4.64 4.67 4.50 4.63 4.83 5.01 5.24 6.67 7.68
4.79 4.20 4.15 4.99 5.39 5.22 4.60 4.49 5.15 5.53 5.59 5.79 5.55 5.57 5.61 5.31 5.17 4.91 4.84 5.16 5.51 5.65 5.68 5.85 5.84 5.42 5.47 5.89 5.80 5.57 5.53 5.57 5.46 5.45 5.57 5.64 5.50 5.35 6.04 6.47 6.69 6.92 6.51 5.85 5.99 6.46 6.35 6.49 6.12 6.27 6.50 6.20 6.05 6.53 6.83 7.04 6.94 6.18 5.99 6.02 5.80 6.34 6.93 6.79 6.83 6.90 6.84 6.61 6.07 5.58 5.31 5.43 5.51 5.34 5.04 4.93 4.86 4.74 4.94 5.17 5.41 5.39 5.80 6.93
5.37 4.47 3.66 4.07 4.99 5.41 4.76 4.15 4.53 4.78 4.80 5.26 5.41 5.40 5.59 5.63 5.43 4.92 4.54 4.68 4.90 4.86 4.76 4.91 5.18 4.94 4.75 5.10 5.33 5.32 5.16 5.21 5.22 5.10 5.04 4.86 4.57 4.50 4.96 5.08 5.17 5.74 5.76 5.12 5.39 5.97 5.39 5.50 5.29 5.09 5.35 5.01 5.12 5.48 5.35 6.21 7.26 6.46 5.60 5.74 5.26 5.08 5.63 5.44 5.39 5.98 6.53 6.69 6.52 6.23 5.75 5.57 5.78 5.84 5.63 5.44 5.32 5.34 5.64 5.77 5.47 4.77 4.80 6.28
5.66 5.63 5.02 4.32 4.58 5.10 4.95 4.59 4.67 4.77 4.76 4.88 5.16 5.20 5.10 5.24 5.20 4.83 4.66 4.79 4.89 4.77 4.66 4.75 4.93 4.92 4.76 4.78 4.92 5.11 5.06 5.04 5.16 5.13 5.03 4.83 4.69 4.72 4.88 4.83 4.76 5.17 5.32 4.88 5.25 6.37 6.00 5.51 5.27 4.91 5.08 5.13 5.68 5.66 4.49 4.64 6.83 7.13 5.58 5.49 5.47 5.26 5.60 5.79 5.83 6.03 6.62 7.01 6.88 6.72 6.32 5.77 5.75 5.75 5.53 5.47 5.35 5.02 4.91 5.14 4.67 4.11 4.30 5.34
4.69 5.36 5.55 4.57 4.13 4.29 4.15 4.17 4.41 4.62 4.90 4.77 4.69 4.86 4.85 4.93 5.04 4.84 4.67 4.73 4.87 4.86 4.80 4.89 4.94 4.86 4.76 4.75 4.79 4.86 4.89 4.87 4.90 4.90 4.88 4.78 4.64 4.50 4.58 4.78 4.82 5.20 5.28 4.55 4.52 5.60 6.02 5.99 5.96 5.63 5.24 5.30 5.96 6.16 5.17 3.87 4.96 7.19 6.30 5.09 5.13 5.54 5.87 6.18 6.52 6.24 6.32 6.96 7.20 7.31 6.99 6.38 6.35 6.34 5.94 5.30 4.41 4.14 4.29 4.65 4.79 4.23 3.56 3.72
4.36 4.91 5.52 5.19 4.67 4.34 3.98 4.00 4.27 4.56 4.98 5.19 5.03 4.88 4.93 4.93 4.92 4.85 4.80 4.86 4.94 4.97 4.93 4.98 5.07 5.05 4.97 4.96 5.00 5.02 4.99 4.97 4.96 4.89 4.84 4.78 4.71 4.51 4.26 4.33 4.38 4.79 5.27 4.98 4.89 5.06 5.19 5.39 5.63 5.83 5.43 5.44 5.75 6.02 6.24 4.91 4.11 6.04 7.01 5.55 4.73 5.12 5.07 4.91 5.80 5.88 5.92 6.34 6.62 7.23 7.18 6.68 6.83 7.16 7.37 6.68 5.06 4.86 5.35 5.51 5.14 4.20 3.28 2.93
4.55 4.97 5.48 5.69 5.83 5.42 4.76 4.46 4.42 4.56 4.80 5.16 5.40 5.25 5.19 5.14 4.96 4.90 4.86 4.83 4.79 4.86 4.97 5.02 5.04 5.00 4.97 4.97 4.97 4.95 4.90 4.87 4.82 4.75 4.69 4.61 4.52 4.45 4.30 4.10 4.01 4.17 4.63 4.92 5.12 5.15 4.87 4.81 4.91 5.02 5.09 5.37 5.43 5.46 5.97 5.78 4.97 5.18 6.63 6.18 4.41 4.08 4.21 4.42 5.17 5.01 5.15 5.49 5.72 6.72 6.97 6.18 5.85 6.02 6.57 7.24 6.69 5.93 5.21 5.08 5.27 5.30 4.90 3.95
4.44 4.96 5.40 5.30 5.69 5.92 5.52 5.10 4.85 4.77 4.81 4.92 5.14 5.24 5.26 5.21 5.03 4.95 5.00 5.01 4.84 4.76 4.88 5.04 5.09 5.04 5.04 5.08 5.10 5.02 4.90 4.87 4.79 4.61 4.63 4.70 4.59 4.63 4.85 4.68 4.40 4.26 4.33 4.64 4.86 5.00 4.82 4.75 4.90 4.78 4.72 5.08 5.20 5.30 5.43 5.38 5.37 5.18 5.76 6.02 4.93 3.95 3.49 4.04 4.88 4.66 4.38 4.44 4.62 5.74 6.32 6.05 5.78 5.24 5.01 5.37 5.27 5.22 4.88 4.96 5.69 6.36 6.62 5.86
4.19 4.65 5.33 5.19 5.06 5.29 5.36 5.30 5.12 4.92 4.82 4.82 4.77 4.85 5.02 5.06 5.01 4.95 4.98 5.14 5.10 4.87 4.84 5.01 5.11 5.05 5.05 5.11 5.14 4.99 4.70 4.72 4.86 4.71 4.77 5.00 4.92 4.74 4.87 5.00 4.88 4.71 4.56 4.50 4.56 4.66 4.54 4.38 4.63 4.92 4.74 4.58 4.75 5.08 5.23 5.06 5.03 5.17 5.65 5.92 6.14 5.66 3.86 3.43 4.16 4.58 4.21 4.00 4.35 5.51 5.78 6.10 7.01 7.07 6.44 5.38 4.99 5.48 6.14 6.27 5.67 5.29 5.72 5.67
4.07 4.36 5.18 5.41 5.17 5.06 4.98 5.02 5.05 4.98 4.89 4.87 4.80 4.79 4.89 4.95 4.96 4.94 4.88 4.98 5.12 5.00 4.87 4.96 5.06 5.01 5.03 5.29 5.61 5.59 5.18 5.03 5.16 5.09 5.03 5.04 4.94 4.74 4.63 4.66 4.66 4.70 4.70 4.60 4.58 4.67 4.55 4.23 4.25 4.77 5.05 4.81 4.64 4.86 4.90 5.10 5.55 5.93 6.70 7.04 7.49 8.13 7.08 5.18 4.78 5.36 5.38 5.39 5.59 6.69 6.62 5.46 6.44 7.86 8.58 7.74 6.62 6.31 6.01 5.89 5.60 5.30 5.21 5.14
3.99 4.09 4.73 5.13 5.04 4.96 4.87 4.87 4.91 4.98 4.99 4.95 4.80 4.75 4.81 4.83 4.90 4.99 4.95 4.90 4.99 4.91 4.75 4.86 5.00 4.90 4.79 5.03 5.64 6.11 6.00 5.72 5.50 5.17 4.93 4.86 4.81 4.69 4.65 4.53 4.37 4.55 4.76 4.68 4.66 4.84 4.79 4.38 4.01 4.03 4.51 5.01 4.97 4.88 4.60 4.75 5.49 6.05 6.45 6.74 6.93 7.81 8.85 8.34 7.50 7.26 7.30 7.14 6.28 6.35 7.35 5.83 4.90 5.83 8.03 8.45 6.64 5.62 5.64 5.65 5.67 5.96 5.74 5.24
4.16 4.14 4.53 4.86 4.84 4.87 4.86 4.85 4.89 4.98 5.01 5.12 4.93 4.68 4.78 4.86 4.91 5.03 5.09 5.02 5.08 5.05 4.82 4.92 5.11 4.96 4.74 4.47 4.61 5.25 5.52 5.46 5.40 5.33 5.04 4.88 4.94 4.85 4.95 4.91 4.58 4.70 5.03 4.90 4.78 4.96 5.02 4.80 4.39 3.83 3.66 4.09 4.51 4.72 4.45 4.41 4.63 4.78 4.89 5.04 5.20 5.45 6.67 7.78 7.36 6.47 6.41 6.90 6.22 5.72 7.03 6.77 5.17 4.86 6.69 8.33 7.31 5.71 5.84 6.09 5.64 5.86 5.97 5.45
4.59 4.31 4.33 4.70 4.79 4.85 4.90 4.78 4.75 4.97 5.05 5.26 5.30 4.89 4.75 4.90 4.99 5.04 5.17 5.15 5.16 5.24 4.92 4.82 4.97 4.79 4.72 4.47 4.15 4.44 4.80 4.98 5.23 5.55 5.25 4.82 4.77 4.59 4.83 5.02 4.75 4.80 5.09 5.06 4.97 5.17 5.37 5.54 5.61 5.16 4.57 4.36 4.58 4.83 4.64 4.56 4.81 4.88 4.82 4.86 4.93 5.10 5.50 6.31 6.48 5.54 5.20 5.95 6.14 6.16 6.93 6.95 5.66 4.65 5.66 7.65 7.93 6.60 5.95 6.28 6.08 5.85 5.88 5.61
5.23 4.75 4.29 4.46 4.69 4.83 5.02 4.97 4.73 4.86 5.00 5.14 5.39 5.21 4.88 4.88 5.04 5.02 5.08 5.17 5.21 5.34 5.09 4.78 4.80 4.52 4.37 4.40 4.35 4.47 4.63 4.68 5.09 5.71 5.57 5.30 5.29 4.92 4.96 5.07 4.88 5.17 5.45 5.46 5.54 5.76 6.04 6.35 6.72 6.84 6.58 6.28 6.12 5.92 5.29 4.66 4.84 5.28 5.29 5.00 4.78 4.99 5.24 5.82 6.42 5.82 5.08 4.95 5.04 5.49 6.23 6.88 6.17 4.49 4.62 6.36 7.27 7.01 6.39 6.23 6.31 6.12 5.90 5.65
5.57 5.02 4.40 4.33 4.44 4.59 4.86 5.00 4.79 4.75 4.81 4.86 5.02 5.00 4.84 4.85 5.05 5.10 5.02 5.02 5.18 5.46 5.51 5.45 5.49 5.20 4.77 4.37 4.36 4.60 4.63 4.43 4.90 5.88 6.15 6.41 6.58 6.37 6.28 6.24 6.07 6.24 6.38 6.28 6.36 6.33 6.27 6.27 6.24 6.41 6.18 5.84 5.82 5.77 5.21 4.58 4.61 5.19 5.52 5.08 4.27 4.17 4.47 5.02 5.86 5.94 5.57 4.83 4.52 4.77 4.82 5.72 6.36 5.18 4.39 5.21 6.07 6.26 6.17 5.93 6.05 6.16 5.97 5.67
5.87 5.02 4.22 4.13 4.11 4.22 4.49 4.75 4.70 4.68 4.72 4.78 4.81 4.76 4.73 4.82 5.03 5.17 5.12 4.98 5.10 5.47 5.59 5.65 5.97 6.24 6.14 5.36 4.94 5.16 5.25 5.16 5.47 6.08 6.15 6.28 6.48 6.43 6.66 6.68 6.49 6.53 6.42 6.11 6.14 5.96 5.54 5.47 5.27 5.51 5.56 5.35 5.57 5.63 5.12 4.60 4.52 5.00 5.55 5.31 4.76 4.66 4.77 5.00 5.44 5.90 6.31 5.66 4.97 4.86 4.64 5.13 5.89 5.94 5.22 4.95 5.46 5.80 5.95 5.86 5.88 6.01 5.92 5.71
6.23 5.64 4.82 4.49 4.29 4.20 4.41 4.64 4.65 4.70 4.79 4.84 4.71 4.60 4.62 4.67 4.83 4.99 5.05 4.99 4.94 5.11 5.23 5.17 5.42 6.00 6.62 6.71 6.46 6.36 6.28 5.99 5.65 5.55 5.26 5.35 5.71 5.48 5.62 5.71 5.33 5.76 5.89 5.41 5.45 5.49 5.16 5.10 5.03 5.35 5.57 5.38 5.82 6.09 5.52 4.73 4.29 4.64 5.41 5.42 5.24 5.38 5.53 5.57 5.43 5.57 6.34 6.39 5.84 5.35 4.94 5.26 5.41 5.73 5.86 5.48 5.47 5.63 5.83 5.82 5.81 5.90 5.89 5.76
5.83 5.82 5.67 5.40 5.17 4.78 4.65 4.81 4.76 4.75 4.95 5.02 4.65 4.41 4.56 4.69 4.76 4.83 4.86 4.83 4.77 4.87 5.05 5.11 5.06 5.09 5.32 5.62 5.60 5.50 5.30 5.03 4.98 4.92 4.65 4.60 4.92 4.65 4.61 5.00 4.79 4.92 5.24 5.07 5.18 5.52 5.46 5.22 4.99 5.19 5.55 5.31 5.58 6.11 5.85 5.18 4.43 4.50 5.25 5.53 5.57 5.57 5.55 5.67 5.66 5.48 5.87 6.41 6.39 5.78 4.93 5.05 5.24 5.19 5.45 5.59 5.63 5.62 5.73 5.81 5.82 5.86 5.87 5.82
5.24 5.20 5.27 5.30 5.31 5.10 4.78 4.83 4.81 4.73 5.01 5.33 4.91 4.35 4.45 4.70 4.81 4.78 4.85 4.89 4.86 4.96 4.95 4.92 4.85 4.80 4.75 4.68 4.56 4.61 4.61 4.65 4.90 4.99 4.96 4.81 4.70 4.46 4.25 4.64 4.97 4.81 5.00 5.08 5.05 5.49 5.81 5.63 5.19 5.07 5.36 5.23 5.29 5.87 6.00 5.76 5.14 4.68 5.06 5.39 5.56 5.80 5.54 5.26 5.52 5.46 5.37 5.91 6.33 6.11 5.24 4.84 5.15 5.17 5.13 5.33 5.60 5.74 5.81 5.88 5.92 5.95 5.96 5.94
5.23 4.90 4.54 4.58 4.70 4.72 4.64 4.71 4.75 4.64 4.75 5.25 5.13 4.40 4.41 4.72 4.88 4.85 4.91 5.08 5.10 4.97 4.60 4.45 4.50 4.61 4.72 4.89 4.88 4.77 4.70 4.76 4.89 4.78 4.87 5.17 5.01 4.67 4.37 4.51 5.14 5.10 5.08 5.25 5.12 5.25 5.67 5.85 5.56 5.31 5.33 5.25 5.19 5.54 5.61 5.54 5.57 4.98 4.73 4.99 5.16 5.62 5.68 5.28 5.35 5.32 4.92 5.24 5.82 5.92 5.38 4.74 4.84 5.12 5.18 5.27 5.46 5.65 5.83 5.95 6.01 6.04 6.03 6.01
5.50 5.10 4.50 4.37 4.51 4.52 4.46 4.59 4.64 4.63 4.65 4.98 5.10 4.52 4.42 4.67 4.86 4.91 4.81 4.78 4.90 5.03 4.59 4.20 4.40 4.56 4.47 4.55 4.77 4.86 4.73 4.64 4.69 4.55 4.46 5.00 5.29 5.01 4.65 4.52 5.00 5.10 4.80 4.96 5.14 5.18 5.36 5.67 5.76 5.57 5.57 5.61 5.47 5.50 5.44 5.26 5.48 5.30 4.77 4.82 5.15 5.33 5.24 5.27 5.45 5.42 4.80 4.62 5.05 5.01 5.18 4.92 4.82 4.98 5.18 5.39 5.59 5.70 5.85 6.00 6.08 6.13 6.15 6.14
5.78 5.42 4.94 4.74 4.75 4.74 4.51 4.49 4.51 4.56 4.75 5.01 5.04 4.68 4.58 4.57 4.61 4.70 4.65 4.72 4.83 5.16 4.98 4.28 4.36 4.61 4.61 4.50 4.47 4.78 4.97 5.05 4.97 4.66 4.32 4.60 5.05 4.94 4.71 4.55 4.94 5.27 4.90 4.82 5.08 5.31 5.27 5.33 5.64 5.44 5.31 5.54 5.79 5.77 5.61 5.50 5.55 5.50 5.00 4.87 5.38 5.73 5.23 5.07 5.50 5.70 5.38 4.91 4.98 5.08 5.35 5.28 5.16 5.17 5.25 5.48 5.77 5.91 5.99 6.10 6.19 6.23 6.26 6.25
5.75 5.47 5.05 4.86 4.72 4.53 4.42 4.39 4.32 4.28 4.54 5.02 4.93 4.51 4.72 4.84 4.56 4.55 4.49 4.67 4.80 5.01 5.24 4.61 4.31 4.50 4.67 4.70 4.56 4.63 4.81 5.06 5.13 4.80 4.34 4.37 4.73 4.77 4.68 4.53 4.92 5.40 5.11 4.95 5.03 5.29 5.30 5.33 5.73 5.66 5.41 5.47 5.86 5.86 5.52 5.40 5.61 5.71 5.18 4.94 5.33 6.02 5.75 5.13 5.35 5.57 5.55 5.44 5.52 5.76 5.78 5.61 5.48 5.42 5.39 5.52 5.80 6.04 6.17 6.26 6.32 6.35 6.38 6.40
5.63 5.29 4.70 4.68 4.78 4.30 4.09 4.12 4.04 3.90 3.99 4.68 4.91 4.33 4.40 5.01 4.78 4.48 4.49 4.65 4.67 4.58 5.09 5.02 4.55 4.62 4.69 4.63 4.63 4.69 4.77 4.95 5.12 4.88 4.44 4.31 4.46 4.61 4.64 4.48 4.72 5.25 5.14 4.98 5.17 5.25 5.01 5.13 5.69 5.79 5.55 5.60 5.94 5.94 5.66 5.45 5.63 5.89 5.45 5.03 5.09 5.72 5.92 5.43 5.42 5.60 5.65 5.78 5.97 6.16 6.09 5.82 5.64 5.59 5.57 5.69 5.93 6.16 6.33 6.44 6.50 6.52 6.53 6.54
5.77 5.67 4.99 4.77 5.09 4.68 4.31 4.16 3.98 3.73 3.58 4.01 4.46 4.25 4.00 4.67 4.90 4.27 4.27 4.77 4.89 4.53 4.81 5.10 4.76 4.71 4.75 4.57 4.40 4.59 4.81 5.01 5.33 5.15 4.64 4.40 4.34 4.37 4.42 4.52 4.66 4.96 5.08 4.93 5.32 5.53 4.98 4.80 5.29 5.60 5.44 5.63 6.13 6.16 5.85 5.62 5.75 6.04 5.75 5.30 5.22 5.57 5.85 5.71 5.72 5.90 6.06 6.23 6.41 6.51 6.41 6.04 5.74 5.68 5.76 5.96 6.24 6.46 6.60 6.67 6.68 6.64 6.65 6.70
5.31 5.74 5.73 5.46 5.73 5.47 5.04 4.68 4.29 3.90 3.55 3.60 3.75 4.05 4.20 4.61 5.09 4.40 4.14 4.67 4.92 4.56 4.64 4.93 4.78 4.73 4.85 4.84 4.48 4.40 4.51 4.60 5.06 5.38 5.11 4.72 4.64 4.65 4.39 4.50 4.76 4.78 4.87 4.75 5.18 5.67 5.33 5.00 5.19 5.53 5.38 5.48 6.08 6.33 6.05 5.70 5.75 6.18 6.16 5.75 5.60 5.71 5.87 5.91 5.99 6.19 6.39 6.62 6.84 6.93 6.81 6.36 5.87 5.76 5.98 6.32 6.62 6.80 6.87 6.89 6.85 6.75 6.66 6.65
4.76 5.13 5.58 6.00 6.57 6.61 6.11 5.39 4.64 4.27 3.87 3.61 3.31 3.40 3.96 4.62 5.31 4.92 4.50 4.78 5.01 4.63 4.47 4.79 4.74 4.71 4.88 5.09 5.01 4.72 4.62 4.47 4.50 4.96 5.09 4.72 4.49 4.63 4.41 4.38 4.78 4.81 4.72 4.58 4.87 5.46 5.41 5.04 5.03 5.44 5.47 5.44 5.91 6.29 6.32 6.04 5.84 6.11 6.26 6.04 5.94 5.99 6.08 6.11 6.18 6.40 6.65 6.91 7.24 7.46 7.37 6.86 6.18 5.99 6.40 6.84 7.11 7.20 7.06 6.94 6.89 6.87 6.77 6.66
4.61 4.99 5.06 5.05 5.90 6.65 6.95 6.65 5.76 5.36 5.00 4.43 3.84 3.20 3.19 3.80 4.80 4.88 4.68 4.83 5.20 5.02 4.52 4.65 4.66 4.68 4.75 4.88 5.20 5.26 5.36 5.11 4.61 4.75 4.84 4.72 4.57 4.53 4.40 4.31 4.69 4.85 4.66 4.57 4.70 5.23 5.43 5.08 4.82 5.08 5.45 5.61 5.95 6.18 6.31 6.27 6.02 6.06 6.16 6.11 6.11 6.17 6.24 6.30 6.33 6.46 6.69 6.92 7.30 7.73 7.78 7.34 6.76 6.63 7.12 7.48 7.56 7.66 7.48 7.09 6.91 6.97 7.18 7.00
3.95 4.63 4.78 4.19 4.45 5.14 6.04 6.72 6.66 6.47 6.11 5.71 5.30 4.32 3.56 3.54 4.20 4.53 4.47 4.44 4.76 4.96 4.63 4.57 4.54 4.58 4.67 4.54 4.66 4.84 5.27 5.57 5.16 5.03 4.95 4.72 4.71 4.62 4.38 4.21 4.55 4.91 4.74 4.61 4.69 5.09 5.43 5.33 5.07 4.85 5.01 5.42 5.94 6.16 6.20 6.24 6.13 6.10 6.14 6.14 6.19 6.30 6.39 6.51 6.52 6.48 6.71 6.95 7.22 7.68 7.70 7.24 7.85 7.29 7.96 8.28 7.97 8.08 8.29 7.84 7.12 6.35 6.55 7.07
3.65 4.19 4.63 4.37 4.35 4.59 4.96 5.29 5.61 6.12 5.83 5.14 5.29 5.03 4.29 3.96 4.13 4.46 4.48 4.34 4.41 4.56 4.40 4.37 4.51 4.53 4.74 4.67 4.52 4.57 4.83 5.39 5.45 5.35 5.24 4.85 4.72 4.74 4.54 4.26 4.33 4.84 4.90 4.63 4.66 5.00 5.28 5.34 5.39 5.24 4.98 5.10 5.64 5.99 6.09 6.15 6.16 6.13 6.16 6.19 6.24 6.37 6.50 6.72 6.94 6.76 6.84 7.07 7.18 7.57 7.30 6.49 6.55 7.03 7.91 8.87 8.40 8.12 8.66 8.89 8.40 6.90 6.46 7.52
3.82 4.19 4.68 4.79 4.91 5.23 5.29 4.64 4.45 5.45 5.69 4.69 4.58 4.94 4.57 4.15 4.12 4.46 4.75 4.78 4.83 4.80 4.51 4.21 4.34 4.53 4.77 4.93 4.77 4.65 4.72 4.97 5.06 5.28 5.45 5.07 4.81 4.79 4.69 4.48 4.17 4.39 4.87 4.69 4.52 4.90 5.14 5.11 5.23 5.36 5.23 5.16 5.52 5.92 6.06 6.07 6.09 6.09 6.12 6.18 6.28 6.43 6.56 6.73 7.18 7.05 6.90 7.22 7.34 7.60 7.22 6.20 6.24 6.63 6.79 8.48 8.98 8.16 8.32 9.19 9.72 9.15 8.17 7.76
4.10 4.38 4.81 4.70 4.46 4.89 5.70 5.15 4.35 5.14 5.91 5.50 4.95 4.80 4.59 4.24 4.13 4.37 4.71 4.86 4.96 5.03 4.85 4.39 4.05 4.09 4.31 4.63 4.76 4.60 4.66 4.85 4.58 4.72 5.32 5.19 4.77 4.62 4.58 4.67 4.48 4.12 4.54 4.78 4.39 4.68 5.02 4.94 4.93 5.05 5.18 5.27 5.60 5.97 6.01 5.94 5.95 6.00 6.05 6.11 6.23 6.41 6.52 6.52 7.14 7.44 6.84 6.89 7.49 7.72 7.05 5.68 5.83 6.61 6.00 7.26 9.18 9.13 8.45 8.57 8.98 8.98 8.52 7.58
3.93 4.20 4.72 4.56 4.13 4.32 5.19 5.32 4.56 4.76 5.37 5.41 5.39 5.11 4.80 4.40 4.11 4.26 4.54 4.68 4.65 4.66 4.73 4.64 4.37 4.13 4.02 4.19 4.60 4.69 4.75 5.03 4.75 4.44 4.94 5.39 5.13 4.66 4.46 4.61 4.83 4.39 4.20 4.70 4.56 4.48 4.80 4.87 4.86 4.95 5.10 5.31 5.81 6.54 5.79 5.64 5.76 5.89 5.89 6.00 6.28 6.61 6.86 6.63 7.11 8.33 8.14 7.95 9.72 9.67 8.03 6.01 5.60 6.57 6.20 6.16 7.84 9.28 9.09 8.49 8.25 8.35 8.47 8.01
3.49 3.74 4.54 4.81 4.61 4.74 5.02 4.92 4.49 4.56 4.70 4.78 5.11 5.08 4.99 4.73 4.24 4.26 4.56 4.84 4.90 4.75 4.71 4.74 4.73 4.65 4.31 4.12 4.38 4.50 4.60 4.84 4.80 4.48 4.52 5.09 5.31 4.84 4.43 4.33 4.67 4.64 4.08 4.33 4.65 4.57 4.71 4.85 4.89 5.00 5.17 5.37 5.67 5.83 5.43 5.27 5.55 6.09 6.15 6.14 6.67 7.21 7.89 7.91 8.02 9.61 10.64 10.90 11.84 10.73 9.08 7.64 6.27 6.15 6.12 5.63 6.02 7.66 8.84 8.87 8.22 7.98 8.18 7.94
3.69 3.61 3.98 4.47 4.67 5.00 5.46 5.08 4.42 4.63 4.55 4.51 4.91 4.79 4.68 4.79 4.49 4.31 4.54 4.83 5.06 4.99 4.69 4.58 4.49 4.49 4.32 4.14 4.35 4.30 4.46 4.70 4.56 4.35 4.31 4.69 5.08 4.93 4.63 4.24 4.37 4.76 4.34 4.19 4.54 4.64 4.74 4.87 4.92 5.02 5.19 5.34 5.42 5.36 5.14 5.01 5.11 5.84 6.37 6.23 6.77 7.48 8.46 9.33 9.41 9.77 10.28 10.29 9.84 8.65 7.69 7.26 6.31 5.52 5.54 5.65 5.90 6.90 8.08 8.54 7.97 7.36 7.43 7.40
4.12 3.92 3.79 3.92 4.25 4.70 5.52 5.52 4.63 4.71 4.63 4.35 4.73 4.83 4.48 4.47 4.50 4.34 4.43 4.58 4.72 4.90 4.58 4.42 4.56 4.42 4.19 4.08 4.36 4.30 4.36 4.79 4.66 4.32 4.24 4.43 4.72 4.79 4.83 4.50 4.19 4.60 4.59 4.32 4.47 4.57 4.68 4.83 4.90 4.99 5.10 5.17 5.16 5.13 4.99 4.89 4.84 5.21 6.11 6.49 7.11 7.76 8.22 8.64 8.45 8.38 8.75 8.81 8.31 7.81 7.23 6.77 6.39 5.59 5.26 5.62 6.35 7.43 7.92 7.59 7.12 6.74 6.61 6.75
4.37 4.25 4.07 3.87 3.86 4.25 5.33 5.85 5.03 4.66 4.65 4.34 4.31 4.55 4.48 4.37 4.38 4.33 4.37 4.42 4.36 4.70 4.60 4.24 4.66 4.70 4.52 4.29 4.31 4.33 4.22 4.60 4.62 4.40 4.31 4.23 4.30 4.50 4.64 4.69 4.33 4.25 4.47 4.40 4.42 4.52 4.59 4.71 4.81 4.87 4.91 4.91 4.79 4.80 4.84 4.73 4.74 5.12 5.72 6.19 6.77 7.21 7.47 7.73 7.55 7.69 8.24 8.42 7.99 7.64 7.47 6.91 6.46 5.99 5.49 5.52 6.39 9.00 8.99 6.77 6.11 6.02 6.04 6.22
