windninja/all_results/maria_elevation_tif_point_11-01-2019_0100_500m_vel.asc
ncols	128
nrows	92
xllcorner	280654.681342
yllcorner	3772085.885776
cellsize	500.000000
NODATA_value	-32768.000000
[rows 38 to 75 of 92, columns 0 to 83 of 128]
1.98 1.94 1.90 1.83 1.69 1.65 2.04 2.54 2.41 2.07 2.00 1.94 1.87 1.80 1.73 1.73 1.70 1.68 1.75 1.81 1.66 1.71 1.71 1.48 1.59 1.59 1.59 1.56 1.48 1.42 1.38 1.50 1.44 1.38 1.44 1.39 1.29 1.34 1.33 1.37 1.37 1.26 1.25 1.25 1.23 1.25 1.24 1.27 1.29 1.32 1.35 1.40 1.41 1.54 1.91 2.10 2.13 2.40 2.72 2.73 2.98 3.29 3.36 3.57 3.39 3.28 3.68 4.00 4.08 4.08 4.15 3.92 3.57 3.59 3.76 4.11 4.84 5.87 5.78 4.92 4.59 4.60 4.79 4.86
1.99 1.96 1.93 1.88 1.77 1.63 1.75 2.23 2.51 2.33 2.11 2.00 1.97 1.85 1.68 1.68 1.69 1.65 1.71 1.85 1.74 1.67 1.60 1.45 1.52 1.52 1.46 1.52 1.47 1.29 1.28 1.43 1.35 1.26 1.33 1.30 1.19 1.20 1.20 1.19 1.20 1.14 1.09 1.07 1.05 1.04 1.02 1.02 1.06 1.11 1.16 1.22 1.23 1.30 1.64 1.91 1.97 2.00 2.24 2.39 2.53 2.78 2.69 2.73 2.76 2.72 3.05 3.42 3.63 3.71 3.73 3.39 3.19 3.44 3.86 4.49 5.15 5.59 5.50 5.06 4.75 4.59 4.74 4.83
1.99 1.97 1.94 1.90 1.84 1.71 1.63 1.84 2.21 2.40 2.31 2.06 1.97 1.90 1.74 1.68 1.69 1.64 1.63 1.78 1.82 1.69 1.53 1.42 1.50 1.53 1.36 1.44 1.50 1.28 1.19 1.30 1.29 1.18 1.20 1.17 1.09 1.07 1.06 1.04 1.02 0.97 0.92 0.89 0.85 0.81 0.78 0.77 0.81 0.89 0.98 1.10 1.11 1.09 1.28 1.57 1.76 1.76 1.85 2.04 2.13 2.18 1.79 1.73 2.18 2.48 2.72 2.95 3.12 3.22 3.17 2.18 2.79 3.77 4.26 4.88 5.44 5.56 5.43 5.24 5.08 4.89 4.86 4.90
1.99 1.97 1.95 1.92 1.87 1.79 1.66 1.64 1.79 2.07 2.28 2.11 1.93 1.83 1.74 1.67 1.67 1.65 1.58 1.69 1.81 1.72 1.50 1.36 1.46 1.51 1.29 1.30 1.38 1.28 1.14 1.14 1.16 1.11 1.11 1.04 0.98 0.95 0.93 0.90 0.86 0.81 0.76 0.72 0.66 0.60 0.54 0.52 0.55 0.63 0.74 0.93 1.11 1.07 1.06 1.20 1.34 1.40 1.47 1.55 1.55 1.42 0.43 0.81 2.02 2.47 2.65 2.75 2.77 2.79 2.91 3.06 3.62 4.28 4.74 5.12 5.47 5.46 5.18 5.05 5.07 4.99 4.86 4.81
1.99 1.97 1.95 1.93 1.89 1.84 1.76 1.67 1.66 1.78 2.06 2.09 1.94 1.78 1.71 1.64 1.64 1.64 1.53 1.61 1.71 1.73 1.57 1.31 1.38 1.44 1.27 1.26 1.25 1.19 1.12 1.07 1.03 0.99 0.99 0.92 0.86 0.83 0.80 0.76 0.72 0.67 0.62 0.58 0.51 0.42 0.32 0.26 0.25 0.36 0.53 0.79 1.09 1.22 1.12 1.07 1.06 1.04 1.09 1.12 1.08 1.00 0.86 1.42 2.23 2.57 2.66 2.71 2.76 2.76 2.93 3.54 4.10 4.42 4.84 5.13 5.31 5.39 5.20 5.10 5.05 5.02 4.91 4.77
1.98 1.97 1.95 1.93 1.90 1.87 1.82 1.77 1.71 1.71 1.84 1.95 1.90 1.77 1.67 1.59 1.60 1.60 1.51 1.52 1.52 1.59 1.58 1.37 1.36 1.35 1.23 1.22 1.19 1.11 1.03 1.00 0.94 0.87 0.84 0.79 0.73 0.69 0.66 0.63 0.60 0.58 0.56 0.54 0.49 0.42 0.33 0.21 0.06 0.19 0.50 0.82 1.02 1.08 0.94 0.83 0.82 0.82 0.82 0.84 0.86 0.98 1.34 1.83 2.28 2.57 2.69 2.71 2.84 2.99 3.15 3.64 4.16 4.37 4.69 5.05 5.19 5.24 5.14 5.00 4.92 4.86 4.84 4.81
1.98 1.96 1.94 1.92 1.90 1.87 1.85 1.82 1.78 1.75 1.75 1.79 1.80 1.74 1.64 1.55 1.54 1.54 1.50 1.47 1.42 1.42 1.42 1.36 1.34 1.29 1.18 1.12 1.10 1.03 0.93 0.89 0.84 0.76 0.71 0.65 0.59 0.55 0.52 0.51 0.52 0.56 0.61 0.67 0.69 0.67 0.60 0.49 0.37 0.33 0.47 0.65 0.97 1.17 0.70 0.57 0.62 0.69 0.73 0.77 0.87 1.11 1.50 1.91 2.25 2.51 2.64 2.70 2.80 3.00 3.27 3.62 4.05 4.34 4.57 4.86 4.99 4.98 4.89 4.77 4.73 4.64 4.59 4.71
1.97 1.95 1.94 1.92 1.90 1.88 1.85 1.83 1.81 1.78 1.76 1.74 1.72 1.69 1.63 1.57 1.52 1.50 1.48 1.44 1.40 1.36 1.31 1.26 1.25 1.22 1.13 1.06 1.02 0.94 0.85 0.78 0.72 0.65 0.57 0.51 0.44 0.39 0.37 0.39 0.46 0.58 0.73 0.88 0.98 1.01 0.94 0.81 0.67 0.56 0.50 0.47 0.86 1.61 0.83 0.65 0.63 0.66 0.71 0.80 0.96 1.22 1.57 1.91 2.19 2.45 2.61 2.71 2.86 3.02 3.28 3.59 3.91 4.18 4.40 4.63 4.76 4.75 4.69 4.65 4.69 4.62 4.42 4.44
1.96 1.94 1.93 1.91 1.89 1.87 1.85 1.83 1.81 1.78 1.76 1.73 1.69 1.66 1.62 1.57 1.52 1.48 1.45 1.42 1.39 1.34 1.29 1.22 1.18 1.15 1.07 1.00 0.95 0.87 0.77 0.69 0.61 0.53 0.44 0.36 0.29 0.23 0.20 0.23 0.37 0.58 0.85 1.11 1.30 1.38 1.32 1.15 0.93 0.72 0.52 0.31 0.42 0.78 0.85 0.79 0.72 0.71 0.76 0.88 1.06 1.32 1.62 1.91 2.15 2.40 2.59 2.73 2.89 3.08 3.29 3.54 3.82 4.04 4.19 4.38 4.53 4.55 4.52 4.49 4.54 4.57 4.40 4.30
1.95 1.93 1.92 1.91 1.89 1.87 1.85 1.82 1.80 1.77 1.75 1.72 1.68 1.64 1.61 1.56 1.51 1.46 1.42 1.38 1.35 1.31 1.26 1.19 1.14 1.09 1.02 0.94 0.87 0.79 0.69 0.60 0.50 0.40 0.31 0.25 0.21 0.17 0.10 0.04 0.25 0.54 0.92 1.32 1.63 1.76 1.69 1.47 1.16 0.83 0.54 0.26 0.28 0.63 0.83 0.86 0.80 0.79 0.85 0.98 1.15 1.38 1.65 1.91 2.14 2.36 2.56 2.73 2.90 3.09 3.31 3.53 3.77 3.95 4.05 4.17 4.29 4.34 4.30 4.26 4.26 4.32 4.33 4.27
1.94 1.92 1.91 1.90 1.88 1.86 1.84 1.81 1.79 1.76 1.73 1.70 1.67 1.63 1.59 1.55 1.51 1.46 1.40 1.36 1.31 1.27 1.23 1.16 1.10 1.04 0.97 0.89 0.80 0.71 0.61 0.51 0.40 0.30 0.23 0.25 0.30 0.35 0.35 0.30 0.30 0.49 0.93 1.50 1.95 2.13 2.04 1.75 1.35 0.93 0.58 0.32 0.23 0.53 0.78 0.86 0.87 0.90 0.97 1.09 1.26 1.46 1.69 1.92 2.13 2.33 2.51 2.68 2.87 3.05 3.24 3.45 3.67 3.87 3.98 4.06 4.15 4.21 4.17 4.12 4.10 4.09 4.13 4.19
1.92 1.91 1.90 1.89 1.87 1.85 1.83 1.80 1.78 1.75 1.72 1.69 1.65 1.62 1.58 1.54 1.49 1.45 1.39 1.34 1.29 1.24 1.19 1.13 1.06 0.99 0.92 0.84 0.75 0.65 0.53 0.42 0.31 0.22 0.25 0.36 0.50 0.62 0.68 0.71 0.73 0.73 0.98 1.67 2.28 2.49 2.34 1.96 1.50 1.04 0.67 0.49 0.26 0.44 0.72 0.85 0.92 0.99 1.08 1.21 1.36 1.54 1.73 1.92 2.12 2.29 2.46 2.66 2.85 3.01 3.20 3.39 3.56 3.73 3.84 3.92 4.00 4.06 4.01 3.95 4.00 4.04 4.04 4.16
1.91 1.90 1.89 1.88 1.86 1.84 1.82 1.79 1.77 1.74 1.71 1.68 1.64 1.61 1.57 1.52 1.48 1.43 1.38 1.33 1.27 1.22 1.16 1.10 1.03 0.95 0.88 0.79 0.69 0.59 0.47 0.35 0.23 0.21 0.33 0.52 0.71 0.88 1.03 1.17 1.31 1.37 1.47 2.20 2.79 2.70 2.44 2.03 1.58 1.16 0.80 0.62 0.35 0.35 0.65 0.83 0.96 1.07 1.18 1.31 1.46 1.64 1.84 2.04 2.22 2.36 2.47 2.67 2.91 3.05 3.20 3.37 3.51 3.62 3.71 3.78 3.90 4.08 4.15 4.12 4.17 4.24 4.15 4.13
1.90 1.89 1.88 1.87 1.85 1.83 1.81 1.79 1.76 1.73 1.70 1.67 1.63 1.59 1.55 1.51 1.47 1.42 1.37 1.31 1.25 1.20 1.14 1.07 1.00 0.92 0.84 0.75 0.65 0.53 0.41 0.28 0.18 0.23 0.43 0.66 0.88 1.11 1.35 1.61 1.89 2.13 2.42 4.02 4.12 2.58 2.22 1.90 1.54 1.20 0.89 0.58 0.22 0.32 0.63 0.84 0.99 1.12 1.25 1.41 1.59 1.76 1.97 2.22 2.44 2.59 2.62 2.68 2.88 3.04 3.17 3.33 3.49 3.60 3.71 3.83 3.96 4.24 4.44 4.46 4.44 4.45 4.35 4.15
1.89 1.88 1.87 1.86 1.84 1.82 1.80 1.78 1.75 1.72 1.69 1.66 1.62 1.58 1.54 1.50 1.45 1.41 1.35 1.30 1.24 1.18 1.12 1.05 0.97 0.89 0.81 0.72 0.61 0.49 0.36 0.23 0.14 0.27 0.51 0.75 1.01 1.29 1.60 1.92 2.29 2.62 2.89 3.40 2.90 1.82 1.67 1.54 1.33 1.10 0.84 0.54 0.22 0.32 0.62 0.86 1.03 1.18 1.33 1.48 1.67 1.82 1.94 2.13 2.36 2.59 2.69 2.70 2.81 2.97 3.10 3.28 3.50 3.63 3.74 3.85 3.88 3.94 4.08 4.18 4.26 4.35 4.45 4.40
1.89 1.87 1.86 1.85 1.83 1.81 1.79 1.77 1.74 1.71 1.68 1.65 1.61 1.57 1.53 1.49 1.44 1.39 1.34 1.29 1.23 1.17 1.11 1.03 0.96 0.88 0.79 0.69 0.59 0.46 0.33 0.19 0.12 0.30 0.54 0.80 1.08 1.39 1.72 2.06 2.42 2.72 2.80 2.52 1.76 1.05 1.02 1.07 1.00 0.88 0.69 0.44 0.23 0.36 0.62 0.86 1.07 1.22 1.34 1.46 1.61 1.76 1.86 2.00 2.18 2.39 2.56 2.67 2.78 2.93 3.04 3.18 3.41 3.55 3.60 3.61 3.60 3.59 3.64 3.72 3.82 3.89 4.05 4.23
1.88 1.86 1.85 1.84 1.83 1.81 1.79 1.76 1.73 1.70 1.67 1.64 1.60 1.56 1.52 1.48 1.44 1.39 1.34 1.28 1.22 1.16 1.10 1.03 0.94 0.86 0.77 0.68 0.57 0.45 0.31 0.16 0.10 0.29 0.54 0.80 1.08 1.39 1.71 2.03 2.33 2.53 2.49 2.13 1.48 0.79 0.54 0.61 0.65 0.62 0.51 0.35 0.28 0.42 0.63 0.84 1.04 1.21 1.33 1.43 1.57 1.73 1.86 2.00 2.17 2.34 2.49 2.61 2.73 2.88 2.99 3.04 3.15 3.26 3.34 3.41 3.45 3.46 3.46 3.50 3.57 3.58 3.57 3.69
1.87 1.85 1.85 1.84 1.82 1.80 1.78 1.76 1.73 1.70 1.67 1.63 1.60 1.56 1.52 1.47 1.43 1.38 1.33 1.27 1.21 1.15 1.09 1.02 0.94 0.86 0.77 0.67 0.57 0.44 0.31 0.16 0.06 0.26 0.50 0.76 1.03 1.31 1.60 1.87 2.09 2.20 2.12 1.80 1.31 0.76 0.36 0.26 0.34 0.39 0.36 0.31 0.36 0.50 0.67 0.85 1.02 1.21 1.36 1.48 1.61 1.75 1.89 2.04 2.19 2.34 2.47 2.59 2.68 2.78 2.92 2.98 3.04 3.13 3.20 3.31 3.39 3.42 3.42 3.44 3.47 3.52 3.53 3.52
1.86 1.85 1.84 1.83 1.81 1.80 1.77 1.75 1.72 1.69 1.66 1.63 1.59 1.55 1.51 1.47 1.43 1.38 1.33 1.27 1.21 1.15 1.09 1.02 0.94 0.86 0.77 0.68 0.58 0.46 0.33 0.18 0.02 0.20 0.43 0.67 0.92 1.17 1.42 1.63 1.79 1.84 1.75 1.51 1.14 0.73 0.36 0.09 0.14 0.24 0.30 0.37 0.48 0.62 0.77 0.93 1.09 1.24 1.40 1.53 1.66 1.79 1.92 2.06 2.20 2.33 2.44 2.56 2.65 2.73 2.86 2.95 3.04 3.14 3.19 3.24 3.31 3.35 3.32 3.35 3.38 3.41 3.54 3.58
1.86 1.84 1.84 1.83 1.81 1.79 1.77 1.75 1.72 1.69 1.66 1.62 1.59 1.55 1.51 1.47 1.42 1.38 1.32 1.27 1.21 1.15 1.09 1.03 0.95 0.87 0.78 0.69 0.59 0.48 0.36 0.22 0.06 0.12 0.33 0.56 0.78 1.00 1.20 1.37 1.48 1.50 1.42 1.23 0.97 0.66 0.37 0.15 0.13 0.24 0.34 0.45 0.58 0.73 0.86 1.01 1.17 1.30 1.43 1.57 1.70 1.82 1.95 2.07 2.20 2.32 2.43 2.54 2.65 2.74 2.88 2.95 3.04 3.17 3.26 3.27 3.32 3.36 3.25 3.23 3.27 3.30 3.44 3.72
1.86 1.84 1.83 1.82 1.81 1.79 1.77 1.74 1.72 1.69 1.66 1.62 1.59 1.55 1.51 1.47 1.42 1.38 1.33 1.27 1.22 1.16 1.10 1.03 0.96 0.88 0.80 0.71 0.61 0.51 0.40 0.27 0.14 0.06 0.22 0.42 0.62 0.80 0.97 1.10 1.18 1.19 1.12 0.98 0.79 0.57 0.37 0.24 0.24 0.32 0.42 0.52 0.64 0.79 0.92 1.06 1.21 1.35 1.47 1.60 1.73 1.85 1.97 2.09 2.20 2.32 2.42 2.52 2.61 2.71 2.86 2.94 2.99 3.14 3.31 3.34 3.42 3.49 3.40 3.32 3.26 3.32 3.37 3.72
1.85 1.84 1.83 1.82 1.80 1.79 1.77 1.74 1.72 1.69 1.66 1.62 1.59 1.55 1.51 1.47 1.43 1.38 1.33 1.28 1.22 1.16 1.10 1.04 0.98 0.90 0.82 0.74 0.65 0.55 0.45 0.33 0.22 0.11 0.12 0.27 0.44 0.60 0.74 0.84 0.90 0.91 0.86 0.76 0.63 0.48 0.36 0.31 0.34 0.42 0.52 0.62 0.73 0.86 0.99 1.12 1.25 1.39 1.51 1.64 1.77 1.88 1.99 2.10 2.20 2.31 2.42 2.50 2.58 2.65 2.75 2.87 2.91 3.08 3.34 3.42 3.64 3.75 3.66 3.62 3.55 3.53 3.48 3.57
1.85 1.83 1.83 1.82 1.80 1.79 1.77 1.74 1.72 1.69 1.66 1.62 1.59 1.55 1.52 1.47 1.43 1.39 1.34 1.29 1.23 1.18 1.12 1.06 1.00 0.93 0.85 0.77 0.69 0.60 0.50 0.40 0.30 0.20 0.13 0.17 0.28 0.40 0.52 0.61 0.66 0.67 0.64 0.58 0.49 0.41 0.37 0.38 0.44 0.52 0.62 0.72 0.83 0.94 1.07 1.19 1.31 1.43 1.54 1.66 1.78 1.90 2.01 2.12 2.21 2.30 2.40 2.50 2.57 2.65 2.73 2.83 2.80 2.86 3.19 3.33 3.55 3.83 3.83 3.61 3.51 3.46 3.38 3.34
1.85 1.83 1.83 1.82 1.80 1.79 1.77 1.74 1.72 1.69 1.66 1.63 1.59 1.56 1.52 1.48 1.44 1.39 1.35 1.30 1.25 1.19 1.13 1.07 1.02 0.96 0.88 0.81 0.73 0.65 0.56 0.47 0.39 0.30 0.22 0.18 0.19 0.26 0.34 0.41 0.45 0.47 0.46 0.44 0.40 0.39 0.40 0.46 0.53 0.62 0.72 0.81 0.92 1.02 1.13 1.25 1.36 1.47 1.58 1.68 1.79 1.91 2.01 2.12 2.22 2.30 2.40 2.50 2.58 2.65 2.70 2.81 2.81 2.66 2.76 2.92 3.02 3.36 3.65 3.43 3.26 3.24 3.20 3.08
1.85 1.83 1.83 1.82 1.80 1.79 1.77 1.74 1.72 1.69 1.66 1.63 1.60 1.56 1.53 1.49 1.45 1.41 1.36 1.31 1.26 1.21 1.16 1.10 1.04 0.99 0.92 0.85 0.78 0.70 0.63 0.55 0.47 0.40 0.33 0.27 0.24 0.23 0.26 0.29 0.33 0.35 0.36 0.37 0.39 0.42 0.48 0.55 0.63 0.71 0.81 0.90 1.00 1.10 1.20 1.30 1.41 1.51 1.62 1.72 1.81 1.92 2.02 2.12 2.22 2.31 2.39 2.50 2.58 2.66 2.70 2.75 2.84 2.77 2.71 2.73 2.73 3.03 3.47 3.35 3.18 3.24 3.35 3.24
1.85 1.83 1.83 1.82 1.81 1.79 1.77 1.75 1.72 1.70 1.67 1.64 1.60 1.57 1.54 1.50 1.46 1.42 1.37 1.33 1.28 1.23 1.18 1.12 1.07 1.02 0.96 0.89 0.83 0.76 0.69 0.62 0.56 0.49 0.43 0.38 0.34 0.32 0.31 0.31 0.33 0.36 0.38 0.42 0.46 0.51 0.57 0.64 0.72 0.80 0.89 0.98 1.07 1.16 1.26 1.36 1.45 1.55 1.65 1.75 1.85 1.94 2.04 2.13 2.21 2.31 2.39 2.50 2.58 2.66 2.74 2.70 2.69 2.73 2.83 2.87 2.77 2.93 3.46 3.51 3.21 3.22 3.34 3.39
1.85 1.83 1.83 1.82 1.81 1.79 1.77 1.75 1.73 1.70 1.67 1.64 1.61 1.58 1.54 1.51 1.47 1.43 1.39 1.35 1.30 1.25 1.21 1.15 1.10 1.06 1.00 0.93 0.88 0.82 0.76 0.70 0.64 0.58 0.53 0.49 0.45 0.43 0.41 0.41 0.42 0.44 0.47 0.51 0.55 0.61 0.67 0.74 0.81 0.89 0.97 1.06 1.14 1.23 1.32 1.41 1.50 1.59 1.69 1.78 1.87 1.96 2.06 2.14 2.23 2.31 2.36 2.45 2.55 2.68 2.89 2.90 2.60 2.33 2.48 2.83 2.89 2.82 3.27 3.66 3.49 3.38 3.35 3.38
1.85 1.84 1.83 1.83 1.81 1.80 1.78 1.76 1.73 1.71 1.68 1.65 1.62 1.59 1.56 1.52 1.48 1.45 1.41 1.37 1.32 1.28 1.23 1.18 1.13 1.09 1.04 0.98 0.93 0.88 0.82 0.77 0.72 0.67 0.63 0.59 0.56 0.54 0.53 0.52 0.53 0.55 0.58 0.62 0.66 0.71 0.77 0.83 0.90 0.97 1.05 1.13 1.21 1.29 1.37 1.46 1.54 1.63 1.72 1.80 1.89 1.98 2.07 2.15 2.24 2.35 2.40 2.39 2.46 2.59 3.05 3.46 3.13 2.51 2.33 2.69 2.87 2.66 2.89 3.32 3.43 3.43 3.40 3.37
1.85 1.84 1.84 1.83 1.82 1.80 1.78 1.76 1.74 1.72 1.69 1.66 1.63 1.60 1.57 1.53 1.50 1.46 1.43 1.39 1.35 1.30 1.26 1.21 1.16 1.12 1.09 1.03 0.98 0.93 0.89 0.84 0.80 0.76 0.72 0.69 0.66 0.64 0.64 0.63 0.64 0.66 0.68 0.72 0.76 0.81 0.86 0.92 0.99 1.05 1.12 1.20 1.27 1.35 1.43 1.51 1.58 1.66 1.75 1.83 1.91 2.00 2.08 2.16 2.22 2.35 2.50 2.43 2.38 2.28 2.56 3.36 3.67 3.52 3.11 3.03 3.06 2.78 2.81 3.03 3.16 3.23 3.27 3.29
1.86 1.84 1.84 1.84 1.82 1.81 1.79 1.77 1.75 1.72 1.70 1.67 1.64 1.61 1.58 1.55 1.52 1.48 1.45 1.41 1.37 1.33 1.29 1.25 1.20 1.16 1.13 1.08 1.03 0.99 0.95 0.91 0.87 0.84 0.80 0.78 0.76 0.74 0.74 0.74 0.75 0.76 0.79 0.82 0.86 0.90 0.95 1.01 1.07 1.13 1.19 1.26 1.33 1.40 1.48 1.55 1.62 1.70 1.78 1.86 1.94 2.03 2.10 2.15 2.21 2.27 2.47 2.51 2.37 2.10 1.98 2.41 2.97 3.37 3.37 3.30 3.23 2.99 2.93 3.01 3.09 3.13 3.17 3.20
1.86 1.85 1.85 1.84 1.83 1.81 1.80 1.78 1.76 1.73 1.71 1.68 1.65 1.63 1.60 1.56 1.53 1.50 1.47 1.43 1.39 1.36 1.32 1.28 1.24 1.20 1.17 1.13 1.08 1.05 1.01 0.98 0.94 0.91 0.89 0.86 0.85 0.84 0.83 0.84 0.84 0.86 0.88 0.91 0.95 0.99 1.03 1.09 1.14 1.20 1.26 1.32 1.39 1.45 1.53 1.60 1.66 1.73 1.80 1.88 1.96 2.06 2.17 2.21 2.26 2.31 2.44 2.60 2.51 2.20 2.06 2.28 2.50 2.74 2.94 3.13 3.17 3.00 2.99 3.06 3.09 3.12 3.16 3.15
1.87 1.85 1.85 1.85 1.83 1.82 1.80 1.79 1.76 1.74 1.72 1.69 1.67 1.64 1.61 1.58 1.55 1.52 1.49 1.45 1.42 1.39 1.35 1.31 1.28 1.24 1.20 1.18 1.14 1.10 1.07 1.04 1.01 0.99 0.96 0.94 0.93 0.92 0.92 0.92 0.93 0.95 0.97 1.00 1.03 1.07 1.11 1.16 1.21 1.27 1.32 1.38 1.44 1.50 1.57 1.64 1.70 1.76 1.84 1.90 1.97 2.05 2.16 2.28 2.36 2.38 2.43 2.62 2.78 2.60 2.39 2.47 2.56 2.61 2.72 2.91 3.08 3.01 3.00 3.07 3.09 3.13 3.19 3.16
1.87 1.86 1.86 1.85 1.84 1.83 1.81 1.79 1.77 1.75 1.73 1.71 1.68 1.65 1.63 1.60 1.57 1.54 1.51 1.48 1.45 1.41 1.38 1.35 1.31 1.28 1.25 1.22 1.19 1.16 1.13 1.10 1.08 1.06 1.03 1.02 1.01 1.00 1.00 1.01 1.02 1.03 1.06 1.08 1.11 1.15 1.19 1.23 1.28 1.33 1.39 1.44 1.49 1.55 1.61 1.68 1.74 1.80 1.87 1.91 1.95 2.02 2.10 2.24 2.44 2.52 2.48 2.61 2.85 2.95 2.81 2.65 2.64 2.70 2.71 2.76 2.87 2.94 3.04 3.09 3.11 3.19 3.25 3.22
1.88 1.87 1.86 1.86 1.85 1.84 1.82 1.80 1.78 1.76 1.74 1.72 1.69 1.67 1.64 1.62 1.59 1.56 1.53 1.50 1.47 1.44 1.41 1.38 1.35 1.32 1.29 1.26 1.23 1.21 1.18 1.15 1.14 1.12 1.10 1.09 1.08 1.08 1.08 1.08 1.10 1.11 1.13 1.16 1.19 1.22 1.26 1.30 1.34 1.39 1.44 1.49 1.54 1.60 1.66 1.71 1.77 1.82 1.92 1.98 1.96 2.01 2.10 2.15 2.37 2.55 2.42 2.37 2.48 2.71 2.94 2.94 2.86 2.91 2.91 2.87 2.85 2.84 3.04 3.14 3.11 3.20 3.35 3.36
1.88 1.87 1.87 1.87 1.86 1.84 1.83 1.81 1.80 1.78 1.75 1.73 1.71 1.68 1.66 1.63 1.61 1.58 1.56 1.53 1.50 1.47 1.44 1.42 1.39 1.36 1.33 1.30 1.28 1.26 1.24 1.21 1.20 1.19 1.17 1.15 1.15 1.15 1.15 1.16 1.17 1.19 1.20 1.23 1.25 1.29 1.32 1.36 1.40 1.44 1.50 1.54 1.59 1.64 1.70 1.75 1.80 1.83 1.91 2.05 2.03 2.00 2.05 2.06 2.17 2.38 2.35 2.28 2.31 2.35 2.56 2.86 2.90 2.93 3.03 3.03 3.00 2.85 2.91 3.06 3.04 3.03 3.19 3.27
1.89 1.88 1.88 1.88 1.86 1.85 1.84 1.82 1.81 1.79 1.77 1.75 1.72 1.70 1.68 1.65 1.63 1.60 1.58 1.55 1.53 1.50 1.47 1.45 1.42 1.40 1.37 1.35 1.32 1.31 1.29 1.27 1.25 1.24 1.23 1.22 1.21 1.22 1.22 1.22 1.24 1.25 1.27 1.29 1.32 1.35 1.38 1.42 1.45 1.50 1.54 1.59 1.63 1.68 1.73 1.78 1.83 1.86 1.89 2.01 2.05 1.99 1.94 1.99 2.19 2.38 2.43 2.42 2.51 2.48 2.40 2.63 2.80 2.82 2.88 2.90 2.93 2.89 2.89 2.99 3.01 2.98 3.01 2.95
1.90 1.89 1.89 1.89 1.87 1.86 1.85 1.84 1.82 1.80 1.78 1.76 1.74 1.72 1.70 1.67 1.65 1.63 1.60 1.58 1.55 1.53 1.51 1.48 1.46 1.43 1.41 1.39 1.36 1.35 1.34 1.32 1.31 1.30 1.29 1.28 1.28 1.28 1.28 1.29 1.30 1.32 1.33 1.35 1.38 1.41 1.44 1.47 1.51 1.55 1.59 1.63 1.68 1.72 1.77 1.82 1.86 1.90 1.93 2.00 2.08 2.08 2.00 1.99 2.18 2.34 2.41 2.42 2.56 2.65 2.53 2.59 2.79 2.92 2.97 2.96 2.92 2.91 2.97 3.03 2.97 3.02 3.08 2.90
1.91 1.90 1.90 1.89 1.88 1.87 1.86 1.85 1.83 1.81 1.80 1.78 1.76 1.73 1.71 1.69 1.67 1.65 1.63 1.60 1.58 1.56 1.54 1.51 1.49 1.47 1.45 1.43 1.41 1.39 1.38 1.37 1.36 1.35 1.35 1.34 1.33 1.33 1.34 1.35 1.36 1.38 1.39 1.41 1.44 1.46 1.49 1.52 1.56 1.60 1.64 1.68 1.72 1.76 1.81 1.85 1.89 1.93 1.97 2.03 2.13 2.20 2.19 2.18 2.22 2.26 2.32 2.33 2.46 2.57 2.46 2.43 2.64 2.84 3.00 3.13 3.10 2.99 3.02 3.14 3.02 3.00 3.07 2.89
