windninja/all_results/maria_elevation_tif_point_11-01-2019_0000_500m_vel.asc
ncols	128
nrows	92
xllcorner	280654.681342
yllcorner	3772085.885776
cellsize	500.000000
NODATA_value	-32768.000000
[rows 38 to 75 of 92, columns 0 to 83 of 128]
2.08 2.04 1.99 1.92 1.78 1.75 2.15 2.67 2.54 2.18 2.09 2.04 1.95 1.89 1.86 1.88 1.84 1.81 1.86 1.88 1.73 1.77 1.79 1.63 1.70 1.71 1.70 1.65 1.55 1.51 1.50 1.57 1.53 1.52 1.56 1.51 1.45 1.49 1.51 1.57 1.61 1.53 1.55 1.58 1.62 1.69 1.75 1.85 1.94 2.00 2.00 1.98 1.86 1.84 2.07 2.16 2.12 2.36 2.64 2.61 2.83 3.20 3.43 3.83 3.70 3.49 3.80 4.02 4.09 4.16 4.30 4.04 3.59 3.46 3.49 3.76 4.41 5.18 5.27 5.06 5.03 5.13 5.35 5.39
2.10 2.07 2.03 1.98 1.86 1.71 1.84 2.35 2.67 2.49 2.24 2.13 2.10 1.98 1.84 1.83 1.83 1.78 1.84 1.95 1.83 1.73 1.69 1.58 1.62 1.59 1.55 1.61 1.53 1.39 1.41 1.51 1.46 1.39 1.44 1.42 1.34 1.35 1.35 1.34 1.38 1.37 1.35 1.35 1.38 1.42 1.48 1.56 1.65 1.72 1.74 1.70 1.58 1.52 1.75 1.94 1.94 1.94 2.17 2.31 2.44 2.76 2.92 3.28 3.39 3.15 3.27 3.51 3.65 3.71 3.74 3.33 3.04 3.18 3.47 3.97 4.52 4.98 5.18 5.25 5.27 5.20 5.37 5.40
2.10 2.07 2.04 2.00 1.93 1.80 1.72 1.93 2.34 2.57 2.47 2.21 2.12 2.06 1.90 1.83 1.83 1.77 1.76 1.89 1.91 1.78 1.65 1.57 1.62 1.61 1.49 1.56 1.60 1.43 1.33 1.40 1.41 1.31 1.28 1.27 1.23 1.20 1.18 1.16 1.14 1.13 1.12 1.11 1.11 1.14 1.20 1.29 1.39 1.48 1.55 1.55 1.41 1.23 1.30 1.54 1.74 1.76 1.90 2.12 2.26 2.48 2.55 2.69 2.97 2.94 2.90 3.01 3.10 3.13 3.01 1.73 2.42 3.45 3.82 4.30 4.75 4.95 5.18 5.48 5.64 5.49 5.44 5.43
2.09 2.07 2.05 2.02 1.97 1.88 1.74 1.71 1.86 2.16 2.39 2.24 2.05 1.96 1.89 1.82 1.81 1.79 1.73 1.81 1.89 1.81 1.62 1.53 1.59 1.59 1.42 1.40 1.45 1.40 1.26 1.22 1.25 1.23 1.21 1.16 1.12 1.07 1.03 1.00 0.96 0.91 0.87 0.85 0.85 0.88 0.96 1.04 1.14 1.22 1.30 1.43 1.45 1.23 1.05 1.11 1.30 1.47 1.66 1.85 1.99 2.19 2.23 2.37 2.68 2.78 2.72 2.74 2.70 2.66 2.74 2.83 3.41 4.03 4.38 4.64 4.93 5.01 5.14 5.49 5.61 5.51 5.34 5.26
2.09 2.07 2.05 2.02 1.98 1.94 1.84 1.74 1.70 1.82 2.11 2.18 2.05 1.91 1.84 1.79 1.78 1.76 1.66 1.71 1.81 1.85 1.70 1.47 1.48 1.51 1.40 1.35 1.32 1.29 1.24 1.17 1.13 1.11 1.11 1.07 1.02 0.98 0.93 0.87 0.80 0.72 0.65 0.60 0.60 0.65 0.72 0.82 0.92 1.07 1.29 1.51 1.60 1.46 1.18 1.05 1.09 1.21 1.41 1.63 1.80 1.98 2.20 2.42 2.61 2.69 2.64 2.62 2.67 2.65 2.82 3.49 4.05 4.31 4.68 4.91 5.09 5.29 5.67 6.33 5.47 5.35 5.24 5.12
2.08 2.06 2.05 2.03 1.99 1.96 1.91 1.84 1.77 1.75 1.88 2.02 2.00 1.88 1.79 1.72 1.72 1.70 1.61 1.59 1.60 1.69 1.70 1.53 1.45 1.42 1.34 1.32 1.29 1.23 1.17 1.14 1.08 1.01 0.99 0.97 0.95 0.91 0.86 0.78 0.68 0.56 0.46 0.41 0.43 0.51 0.62 0.75 0.93 1.27 1.69 1.88 1.73 1.38 1.06 0.93 1.01 1.15 1.29 1.48 1.68 1.89 2.14 2.36 2.51 2.61 2.61 2.59 2.73 2.90 3.09 3.66 4.21 4.40 4.72 5.10 5.29 5.49 5.65 5.58 5.19 5.03 5.04 5.05
2.07 2.05 2.04 2.02 2.00 1.97 1.94 1.90 1.86 1.81 1.80 1.85 1.88 1.84 1.75 1.65 1.61 1.61 1.57 1.52 1.46 1.46 1.48 1.45 1.42 1.36 1.27 1.20 1.17 1.12 1.05 1.01 0.98 0.95 0.94 0.93 0.93 0.90 0.83 0.73 0.60 0.46 0.36 0.38 0.50 0.64 0.79 0.93 1.18 1.53 1.81 1.85 1.86 1.89 1.26 1.10 1.12 1.22 1.35 1.49 1.67 1.89 2.12 2.32 2.44 2.54 2.58 2.60 2.74 2.96 3.28 3.69 4.16 4.47 4.74 5.10 5.33 5.46 5.45 5.24 5.00 4.78 4.71 4.88
2.06 2.04 2.03 2.02 1.99 1.97 1.94 1.91 1.89 1.86 1.84 1.81 1.80 1.78 1.72 1.64 1.58 1.55 1.53 1.49 1.45 1.40 1.35 1.31 1.30 1.27 1.20 1.13 1.08 1.03 0.98 0.94 0.93 0.93 0.94 0.96 0.96 0.94 0.88 0.76 0.62 0.47 0.43 0.55 0.77 0.99 1.15 1.28 1.48 1.64 1.74 1.73 1.91 2.62 1.67 1.49 1.39 1.36 1.43 1.55 1.72 1.91 2.12 2.29 2.40 2.52 2.59 2.66 2.82 3.03 3.34 3.69 4.07 4.40 4.66 4.98 5.22 5.29 5.26 5.13 5.02 4.83 4.56 4.60
2.05 2.03 2.02 2.01 1.99 1.97 1.94 1.92 1.89 1.87 1.84 1.81 1.78 1.74 1.70 1.65 1.59 1.54 1.51 1.48 1.44 1.40 1.34 1.27 1.23 1.19 1.14 1.08 1.04 0.99 0.95 0.92 0.92 0.94 0.98 1.02 1.05 1.06 1.01 0.90 0.74 0.59 0.60 0.82 1.13 1.42 1.61 1.71 1.76 1.74 1.70 1.54 1.33 1.45 1.61 1.64 1.55 1.50 1.53 1.62 1.76 1.93 2.10 2.25 2.37 2.50 2.61 2.72 2.89 3.12 3.38 3.67 4.02 4.29 4.50 4.77 5.01 5.08 5.05 4.95 4.90 4.84 4.61 4.49
2.04 2.02 2.01 2.00 1.98 1.96 1.94 1.91 1.89 1.86 1.83 1.80 1.76 1.72 1.68 1.63 1.58 1.52 1.47 1.44 1.41 1.37 1.32 1.25 1.20 1.15 1.10 1.04 0.98 0.94 0.91 0.90 0.92 0.96 1.04 1.12 1.20 1.25 1.23 1.13 0.98 0.82 0.81 1.10 1.54 1.90 2.12 2.16 2.05 1.88 1.71 1.41 1.13 1.23 1.49 1.63 1.62 1.58 1.60 1.67 1.78 1.91 2.07 2.22 2.35 2.48 2.62 2.76 2.94 3.16 3.41 3.68 3.98 4.22 4.38 4.56 4.74 4.82 4.78 4.69 4.62 4.62 4.58 4.48
2.02 2.01 2.00 1.99 1.97 1.95 1.93 1.90 1.88 1.85 1.82 1.78 1.75 1.71 1.67 1.63 1.58 1.53 1.47 1.42 1.37 1.33 1.28 1.23 1.17 1.11 1.06 1.00 0.94 0.90 0.88 0.89 0.93 1.01 1.13 1.26 1.38 1.48 1.51 1.46 1.37 1.21 1.07 1.38 1.98 2.45 2.65 2.60 2.37 2.07 1.78 1.46 1.20 1.23 1.43 1.57 1.61 1.63 1.66 1.72 1.81 1.92 2.05 2.20 2.34 2.47 2.60 2.75 2.94 3.15 3.37 3.62 3.90 4.15 4.30 4.44 4.57 4.65 4.60 4.51 4.44 4.38 4.40 4.42
2.01 2.00 1.99 1.98 1.96 1.94 1.92 1.89 1.87 1.84 1.80 1.77 1.73 1.70 1.65 1.61 1.56 1.51 1.46 1.41 1.35 1.30 1.25 1.20 1.14 1.08 1.02 0.96 0.91 0.87 0.86 0.89 0.96 1.08 1.23 1.39 1.57 1.72 1.82 1.88 1.91 1.80 1.54 1.78 2.51 3.02 3.15 2.98 2.65 2.25 1.91 1.64 1.40 1.32 1.43 1.53 1.59 1.64 1.69 1.75 1.83 1.93 2.04 2.16 2.29 2.42 2.57 2.76 2.95 3.13 3.35 3.57 3.78 4.00 4.15 4.27 4.39 4.46 4.41 4.31 4.33 4.34 4.30 4.40
2.00 1.98 1.98 1.97 1.95 1.93 1.91 1.88 1.86 1.82 1.79 1.76 1.72 1.68 1.64 1.60 1.55 1.50 1.45 1.39 1.34 1.28 1.23 1.17 1.11 1.05 0.99 0.93 0.88 0.85 0.85 0.89 0.98 1.13 1.31 1.52 1.74 1.94 2.13 2.33 2.54 2.58 2.42 2.79 3.39 3.53 3.49 3.20 2.79 2.35 1.99 1.81 1.60 1.43 1.44 1.50 1.57 1.63 1.69 1.78 1.88 2.01 2.17 2.32 2.44 2.53 2.63 2.82 3.06 3.20 3.37 3.56 3.73 3.88 4.00 4.10 4.25 4.46 4.52 4.47 4.49 4.54 4.41 4.37
1.99 1.97 1.97 1.96 1.94 1.92 1.90 1.87 1.84 1.81 1.78 1.75 1.71 1.67 1.63 1.58 1.54 1.49 1.43 1.38 1.32 1.27 1.21 1.15 1.08 1.02 0.96 0.90 0.85 0.82 0.83 0.88 0.99 1.15 1.37 1.61 1.84 2.11 2.41 2.72 3.07 3.31 3.47 5.02 5.16 3.68 3.46 3.17 2.76 2.34 2.01 1.79 1.61 1.49 1.48 1.49 1.54 1.61 1.72 1.87 2.05 2.21 2.40 2.61 2.77 2.86 2.85 2.87 3.05 3.21 3.35 3.53 3.72 3.85 3.99 4.13 4.29 4.59 4.80 4.81 4.78 4.76 4.63 4.40
1.98 1.96 1.96 1.95 1.93 1.91 1.89 1.86 1.83 1.80 1.77 1.73 1.70 1.66 1.61 1.57 1.52 1.47 1.42 1.36 1.31 1.25 1.19 1.13 1.06 1.00 0.93 0.87 0.82 0.80 0.80 0.87 0.98 1.16 1.39 1.63 1.89 2.22 2.57 2.93 3.32 3.62 3.75 4.18 3.74 2.95 2.99 2.86 2.56 2.24 1.98 1.78 1.61 1.52 1.50 1.52 1.58 1.69 1.85 2.02 2.17 2.27 2.34 2.47 2.65 2.84 2.91 2.89 2.98 3.14 3.29 3.48 3.73 3.88 4.01 4.14 4.17 4.24 4.40 4.50 4.57 4.65 4.74 4.66
1.97 1.95 1.95 1.94 1.92 1.90 1.88 1.85 1.82 1.79 1.76 1.72 1.69 1.65 1.60 1.56 1.51 1.46 1.41 1.35 1.30 1.24 1.18 1.11 1.04 0.98 0.91 0.85 0.80 0.77 0.78 0.84 0.96 1.14 1.36 1.60 1.89 2.23 2.58 2.92 3.25 3.45 3.33 2.85 2.13 1.98 2.31 2.38 2.25 2.08 1.90 1.74 1.59 1.52 1.50 1.55 1.66 1.78 1.87 1.93 2.00 2.08 2.14 2.22 2.37 2.57 2.74 2.85 2.96 3.11 3.23 3.38 3.63 3.79 3.85 3.87 3.87 3.86 3.91 3.99 4.09 4.16 4.31 4.49
1.96 1.95 1.94 1.93 1.91 1.89 1.87 1.85 1.82 1.78 1.75 1.72 1.68 1.64 1.59 1.55 1.50 1.45 1.40 1.35 1.29 1.23 1.17 1.10 1.03 0.96 0.89 0.83 0.77 0.74 0.75 0.81 0.92 1.09 1.29 1.53 1.81 2.12 2.44 2.72 2.95 3.01 2.77 2.19 1.52 1.38 1.70 1.88 1.91 1.86 1.76 1.64 1.52 1.45 1.43 1.49 1.60 1.69 1.73 1.76 1.83 1.95 2.07 2.19 2.34 2.50 2.66 2.79 2.91 3.07 3.18 3.24 3.36 3.48 3.57 3.65 3.69 3.70 3.71 3.75 3.82 3.83 3.81 3.92
1.95 1.94 1.93 1.92 1.91 1.89 1.86 1.84 1.81 1.78 1.74 1.71 1.67 1.63 1.59 1.54 1.50 1.45 1.39 1.34 1.28 1.22 1.16 1.09 1.03 0.96 0.89 0.82 0.76 0.73 0.72 0.77 0.86 1.01 1.20 1.42 1.67 1.93 2.19 2.40 2.52 2.50 2.23 1.74 1.22 1.06 1.26 1.47 1.59 1.63 1.59 1.50 1.42 1.38 1.39 1.44 1.50 1.58 1.67 1.75 1.84 1.96 2.09 2.22 2.37 2.51 2.65 2.77 2.85 2.96 3.10 3.17 3.23 3.33 3.41 3.53 3.62 3.65 3.65 3.67 3.70 3.75 3.76 3.75
1.95 1.93 1.93 1.92 1.90 1.88 1.86 1.83 1.80 1.77 1.74 1.70 1.66 1.62 1.58 1.54 1.49 1.44 1.39 1.34 1.28 1.22 1.16 1.09 1.02 0.95 0.89 0.82 0.77 0.73 0.71 0.73 0.80 0.92 1.08 1.27 1.48 1.69 1.88 2.03 2.08 2.01 1.76 1.39 1.01 0.86 0.98 1.18 1.33 1.43 1.44 1.43 1.44 1.45 1.48 1.51 1.53 1.58 1.68 1.79 1.89 2.00 2.12 2.25 2.38 2.50 2.62 2.74 2.83 2.90 3.03 3.13 3.23 3.34 3.40 3.45 3.53 3.57 3.54 3.57 3.60 3.63 3.76 3.81
1.94 1.93 1.92 1.91 1.89 1.88 1.85 1.83 1.80 1.77 1.73 1.70 1.66 1.62 1.58 1.53 1.49 1.44 1.39 1.33 1.28 1.22 1.16 1.10 1.03 0.96 0.89 0.82 0.76 0.71 0.68 0.68 0.72 0.81 0.94 1.09 1.26 1.43 1.56 1.65 1.67 1.58 1.37 1.08 0.82 0.71 0.81 0.98 1.14 1.26 1.34 1.40 1.45 1.47 1.48 1.51 1.55 1.61 1.70 1.81 1.92 2.03 2.14 2.26 2.38 2.50 2.61 2.72 2.82 2.92 3.06 3.14 3.24 3.37 3.46 3.47 3.53 3.57 3.45 3.42 3.47 3.50 3.64 3.95
1.94 1.92 1.92 1.91 1.89 1.87 1.85 1.82 1.80 1.76 1.73 1.70 1.66 1.62 1.58 1.53 1.49 1.44 1.39 1.34 1.28 1.22 1.16 1.11 1.04 0.97 0.90 0.83 0.76 0.70 0.66 0.64 0.66 0.71 0.80 0.92 1.04 1.16 1.25 1.30 1.29 1.21 1.04 0.83 0.65 0.61 0.70 0.86 1.02 1.15 1.23 1.28 1.30 1.32 1.36 1.42 1.52 1.63 1.73 1.84 1.95 2.06 2.17 2.27 2.38 2.50 2.60 2.69 2.79 2.88 3.04 3.13 3.18 3.33 3.51 3.54 3.63 3.70 3.61 3.52 3.46 3.52 3.57 3.94
1.94 1.92 1.92 1.91 1.89 1.87 1.85 1.82 1.79 1.76 1.73 1.70 1.66 1.62 1.58 1.54 1.49 1.44 1.39 1.34 1.29 1.23 1.17 1.11 1.05 0.98 0.91 0.85 0.78 0.72 0.66 0.63 0.61 0.63 0.68 0.75 0.84 0.91 0.97 0.99 0.97 0.89 0.77 0.63 0.53 0.54 0.65 0.80 0.94 1.07 1.15 1.20 1.23 1.27 1.34 1.44 1.54 1.65 1.76 1.87 1.99 2.09 2.19 2.29 2.38 2.49 2.59 2.67 2.75 2.81 2.92 3.04 3.10 3.28 3.55 3.64 3.87 3.98 3.89 3.84 3.77 3.73 3.67 3.77
1.93 1.92 1.91 1.90 1.89 1.87 1.85 1.82 1.79 1.76 1.73 1.70 1.66 1.62 1.58 1.54 1.49 1.45 1.40 1.35 1.30 1.24 1.18 1.12 1.06 1.00 0.93 0.87 0.80 0.73 0.67 0.62 0.59 0.58 0.59 0.62 0.66 0.70 0.73 0.73 0.70 0.64 0.56 0.48 0.46 0.52 0.64 0.78 0.91 1.02 1.11 1.18 1.24 1.31 1.39 1.48 1.58 1.68 1.77 1.87 1.99 2.10 2.20 2.30 2.38 2.47 2.57 2.66 2.74 2.81 2.89 2.99 2.97 3.04 3.38 3.54 3.77 4.06 4.06 3.83 3.72 3.66 3.57 3.53
1.93 1.92 1.91 1.90 1.89 1.87 1.85 1.82 1.79 1.76 1.73 1.70 1.66 1.63 1.59 1.54 1.50 1.46 1.41 1.36 1.31 1.25 1.20 1.14 1.08 1.02 0.96 0.89 0.83 0.76 0.70 0.64 0.59 0.56 0.53 0.53 0.54 0.55 0.55 0.54 0.51 0.47 0.43 0.42 0.46 0.55 0.66 0.79 0.91 1.01 1.10 1.18 1.26 1.34 1.42 1.51 1.60 1.70 1.79 1.88 1.98 2.08 2.19 2.29 2.39 2.47 2.56 2.66 2.74 2.81 2.87 2.98 2.97 2.82 2.92 3.08 3.19 3.55 3.86 3.63 3.45 3.43 3.38 3.26
1.93 1.92 1.91 1.90 1.89 1.87 1.85 1.82 1.80 1.77 1.74 1.70 1.67 1.63 1.59 1.55 1.51 1.47 1.42 1.37 1.32 1.27 1.22 1.16 1.10 1.05 0.98 0.92 0.86 0.80 0.73 0.67 0.62 0.57 0.53 0.50 0.48 0.47 0.45 0.44 0.42 0.41 0.41 0.45 0.51 0.60 0.71 0.82 0.93 1.03 1.12 1.20 1.29 1.37 1.45 1.54 1.63 1.72 1.82 1.91 2.00 2.09 2.19 2.29 2.39 2.48 2.55 2.66 2.74 2.82 2.87 2.91 2.99 2.92 2.85 2.86 2.87 3.19 3.66 3.54 3.36 3.43 3.54 3.42
1.93 1.92 1.91 1.91 1.89 1.87 1.85 1.83 1.80 1.77 1.74 1.71 1.67 1.64 1.60 1.56 1.52 1.48 1.43 1.39 1.34 1.29 1.24 1.18 1.13 1.08 1.02 0.96 0.90 0.84 0.78 0.72 0.67 0.62 0.57 0.53 0.50 0.47 0.45 0.44 0.43 0.44 0.47 0.52 0.59 0.68 0.77 0.87 0.97 1.06 1.15 1.23 1.32 1.40 1.48 1.57 1.66 1.75 1.84 1.93 2.02 2.12 2.21 2.29 2.37 2.47 2.55 2.67 2.74 2.83 2.89 2.84 2.82 2.87 2.98 3.01 2.91 3.08 3.65 3.71 3.40 3.40 3.53 3.58
1.93 1.92 1.92 1.91 1.89 1.87 1.85 1.83 1.81 1.78 1.75 1.71 1.68 1.65 1.61 1.57 1.53 1.49 1.45 1.40 1.36 1.31 1.26 1.21 1.16 1.11 1.06 1.00 0.94 0.89 0.83 0.78 0.73 0.68 0.63 0.59 0.56 0.53 0.51 0.51 0.51 0.53 0.57 0.62 0.68 0.76 0.84 0.93 1.02 1.10 1.19 1.27 1.36 1.44 1.52 1.61 1.69 1.78 1.86 1.95 2.04 2.13 2.22 2.30 2.38 2.46 2.51 2.60 2.71 2.85 3.04 3.01 2.68 2.42 2.59 2.98 3.04 2.99 3.46 3.87 3.70 3.57 3.54 3.57
1.94 1.92 1.92 1.91 1.89 1.88 1.86 1.84 1.81 1.78 1.75 1.72 1.69 1.66 1.62 1.58 1.55 1.51 1.47 1.42 1.38 1.33 1.29 1.24 1.19 1.14 1.10 1.04 0.99 0.94 0.89 0.84 0.79 0.75 0.71 0.67 0.64 0.62 0.60 0.60 0.61 0.63 0.67 0.72 0.78 0.84 0.92 0.99 1.07 1.15 1.23 1.31 1.40 1.48 1.56 1.64 1.72 1.80 1.89 1.97 2.05 2.14 2.23 2.31 2.40 2.51 2.54 2.54 2.62 2.78 3.26 3.65 3.28 2.63 2.45 2.83 3.02 2.82 3.05 3.50 3.63 3.62 3.59 3.56
1.94 1.93 1.92 1.91 1.90 1.88 1.86 1.84 1.82 1.79 1.76 1.73 1.70 1.67 1.63 1.60 1.56 1.52 1.48 1.44 1.40 1.36 1.31 1.27 1.22 1.18 1.14 1.09 1.04 0.99 0.94 0.90 0.86 0.82 0.78 0.75 0.73 0.71 0.70 0.70 0.71 0.73 0.77 0.81 0.87 0.93 0.99 1.06 1.14 1.21 1.28 1.36 1.44 1.51 1.59 1.67 1.75 1.83 1.91 1.99 2.07 2.15 2.23 2.31 2.38 2.51 2.65 2.57 2.52 2.45 2.77 3.58 3.92 3.77 3.35 3.23 3.23 2.95 2.97 3.20 3.33 3.41 3.45 3.47
1.94 1.93 1.93 1.92 1.90 1.89 1.87 1.85 1.83 1.80 1.77 1.74 1.71 1.68 1.65 1.61 1.58 1.54 1.50 1.47 1.43 1.39 1.34 1.30 1.26 1.22 1.18 1.14 1.09 1.05 1.00 0.96 0.93 0.89 0.86 0.84 0.82 0.80 0.80 0.80 0.81 0.83 0.86 0.90 0.95 1.01 1.07 1.13 1.20 1.27 1.34 1.41 1.48 1.56 1.63 1.71 1.78 1.86 1.94 2.02 2.10 2.18 2.24 2.30 2.35 2.41 2.60 2.64 2.50 2.24 2.11 2.52 3.12 3.58 3.61 3.52 3.42 3.18 3.10 3.18 3.26 3.31 3.34 3.37
1.95 1.93 1.93 1.93 1.91 1.90 1.88 1.86 1.83 1.81 1.78 1.75 1.72 1.69 1.66 1.63 1.60 1.56 1.53 1.49 1.45 1.41 1.37 1.33 1.29 1.25 1.22 1.18 1.14 1.10 1.06 1.03 1.00 0.97 0.94 0.92 0.90 0.89 0.89 0.89 0.91 0.93 0.96 0.99 1.04 1.09 1.14 1.20 1.26 1.32 1.39 1.46 1.53 1.60 1.67 1.74 1.81 1.88 1.95 2.03 2.11 2.22 2.32 2.37 2.41 2.45 2.58 2.73 2.64 2.33 2.19 2.37 2.59 2.87 3.10 3.30 3.35 3.18 3.17 3.23 3.26 3.29 3.33 3.32
1.95 1.94 1.94 1.93 1.92 1.90 1.89 1.87 1.84 1.82 1.79 1.77 1.74 1.71 1.68 1.65 1.61 1.58 1.55 1.51 1.48 1.44 1.41 1.37 1.33 1.29 1.26 1.23 1.19 1.15 1.12 1.09 1.06 1.04 1.01 1.00 0.98 0.98 0.98 0.98 1.00 1.02 1.04 1.08 1.12 1.16 1.21 1.27 1.33 1.39 1.45 1.51 1.58 1.64 1.71 1.78 1.85 1.91 1.98 2.05 2.12 2.20 2.33 2.45 2.52 2.53 2.58 2.79 2.97 2.79 2.55 2.60 2.68 2.73 2.85 3.06 3.24 3.19 3.17 3.24 3.25 3.30 3.36 3.33
1.96 1.95 1.94 1.94 1.93 1.91 1.89 1.87 1.85 1.83 1.81 1.78 1.75 1.72 1.69 1.66 1.63 1.60 1.57 1.54 1.51 1.47 1.44 1.40 1.37 1.33 1.30 1.27 1.24 1.21 1.18 1.15 1.12 1.10 1.09 1.07 1.06 1.06 1.06 1.07 1.08 1.10 1.13 1.16 1.19 1.24 1.28 1.33 1.39 1.45 1.50 1.56 1.62 1.68 1.74 1.81 1.88 1.94 2.01 2.04 2.09 2.17 2.26 2.42 2.63 2.70 2.69 2.84 3.08 3.18 3.00 2.80 2.78 2.83 2.84 2.89 3.02 3.11 3.21 3.26 3.28 3.36 3.42 3.39
1.97 1.95 1.95 1.95 1.93 1.92 1.90 1.88 1.86 1.84 1.82 1.79 1.77 1.74 1.71 1.68 1.65 1.62 1.59 1.56 1.53 1.50 1.47 1.44 1.41 1.37 1.34 1.31 1.29 1.26 1.23 1.21 1.19 1.17 1.15 1.14 1.14 1.13 1.14 1.14 1.16 1.18 1.20 1.23 1.27 1.31 1.35 1.39 1.44 1.50 1.56 1.61 1.67 1.72 1.78 1.84 1.90 1.96 2.06 2.11 2.10 2.17 2.28 2.35 2.56 2.73 2.60 2.53 2.64 2.88 3.12 3.13 3.03 3.08 3.07 3.03 3.00 3.00 3.21 3.32 3.28 3.38 3.53 3.54
1.97 1.96 1.96 1.96 1.94 1.93 1.91 1.90 1.88 1.85 1.83 1.81 1.78 1.76 1.73 1.70 1.68 1.65 1.62 1.59 1.56 1.53 1.50 1.47 1.44 1.41 1.38 1.36 1.33 1.31 1.29 1.26 1.25 1.24 1.22 1.21 1.21 1.21 1.21 1.22 1.23 1.25 1.27 1.30 1.33 1.37 1.41 1.45 1.50 1.55 1.60 1.66 1.71 1.76 1.82 1.88 1.93 1.97 2.06 2.19 2.19 2.16 2.22 2.23 2.30 2.47 2.45 2.38 2.40 2.45 2.69 3.02 3.07 3.11 3.21 3.22 3.17 3.02 3.07 3.22 3.20 3.20 3.36 3.45
1.98 1.97 1.97 1.96 1.95 1.94 1.92 1.91 1.89 1.87 1.85 1.82 1.80 1.77 1.75 1.72 1.70 1.67 1.64 1.62 1.59 1.56 1.53 1.51 1.48 1.45 1.43 1.40 1.38 1.36 1.35 1.32 1.30 1.29 1.28 1.28 1.27 1.27 1.28 1.29 1.30 1.32 1.34 1.37 1.40 1.43 1.47 1.51 1.55 1.60 1.65 1.70 1.75 1.80 1.85 1.90 1.96 1.99 2.02 2.12 2.16 2.11 2.07 2.12 2.30 2.48 2.55 2.57 2.65 2.60 2.53 2.77 2.95 2.97 3.03 3.06 3.09 3.06 3.04 3.15 3.17 3.14 3.16 3.10
1.99 1.98 1.98 1.97 1.96 1.95 1.94 1.92 1.90 1.88 1.86 1.84 1.81 1.79 1.77 1.74 1.72 1.69 1.67 1.64 1.62 1.59 1.57 1.54 1.52 1.49 1.47 1.45 1.42 1.40 1.39 1.38 1.36 1.35 1.34 1.34 1.33 1.34 1.34 1.35 1.36 1.38 1.40 1.43 1.46 1.49 1.53 1.57 1.61 1.65 1.69 1.74 1.79 1.84 1.89 1.94 1.98 2.02 2.05 2.12 2.20 2.20 2.12 2.12 2.29 2.46 2.54 2.57 2.72 2.80 2.69 2.74 2.95 3.09 3.14 3.13 3.08 3.08 3.14 3.19 3.12 3.17 3.24 3.05
2.00 1.99 1.99 1.98 1.97 1.96 1.95 1.93 1.91 1.89 1.87 1.85 1.83 1.81 1.79 1.76 1.74 1.72 1.69 1.67 1.65 1.62 1.60 1.58 1.55 1.53 1.51 1.49 1.47 1.45 1.43 1.42 1.41 1.41 1.41 1.40 1.39 1.40 1.40 1.41 1.43 1.45 1.47 1.49 1.52 1.55 1.58 1.62 1.66 1.70 1.74 1.79 1.83 1.88 1.92 1.97 2.00 2.05 2.10 2.17 2.28 2.36 2.36 2.33 2.33 2.36 2.43 2.47 2.58 2.69 2.59 2.58 2.79 3.01 3.18 3.31 3.28 3.16 3.19 3.30 3.18 3.15 3.22 3.04
