windninja/all_results/maria_elevation_tif_point_11-01-2019_0400_500m_vel.asc
ncols	128
nrows	92
xllcorner	280654.681342
yllcorner	3772085.885776
cellsize	500.000000
NODATA_value	-32768.000000
[rows 0 to 37 of 92, columns 0 to 83 of 128]
4.71 4.91 5.47 5.89 5.76 5.39 5.32 5.76 6.21 6.48 6.49 6.34 6.03 5.86 5.49 4.88 4.58 4.59 5.23 5.86 6.10 6.14 6.18 6.28 6.22 6.16 6.36 6.40 6.13 5.97 5.97 5.91 5.85 5.92 6.01 6.12 6.48 6.78 7.00 7.19 7.08 6.84 6.66 6.96 7.26 7.31 7.11 6.72 6.44 6.87 7.19 7.36 7.31 7.35 7.32 6.93 6.45 5.99 5.97 6.15 6.49 7.12 7.38 7.37 7.45 7.25 6.78 6.01 5.03 4.52 4.58 4.85 4.81 4.51 4.22 4.25 4.30 4.18 4.29 4.50 4.71 5.06 6.31 7.05
4.71 4.91 5.47 5.89 5.76 5.39 5.32 5.76 6.21 6.48 6.49 6.34 6.03 5.86 5.49 4.88 4.58 4.59 5.23 5.86 6.10 6.14 6.18 6.28 6.22 6.16 6.36 6.40 6.13 5.97 5.97 5.91 5.85 5.92 6.01 6.12 6.48 6.78 7.00 7.19 7.08 6.84 6.66 6.96 7.26 7.31 7.11 6.72 6.44 6.87 7.19 7.36 7.31 7.35 7.32 6.93 6.45 5.99 5.97 6.15 6.49 7.12 7.38 7.37 7.45 7.25 6.78 6.01 5.03 4.52 4.58 4.85 4.81 4.51 4.22 4.25 4.30 4.18 4.29 4.50 4.71 5.06 6.31 7.05
4.13 3.80 3.87 4.61 4.97 4.85 4.51 4.47 4.84 5.20 5.33 5.43 5.17 5.18 5.26 5.03 4.87 4.71 4.63 4.78 5.05 5.25 5.33 5.45 5.41 5.07 5.11 5.45 5.38 5.17 5.12 5.14 5.01 4.99 5.12 5.23 5.16 4.98 5.47 5.96 6.22 6.37 6.04 5.50 5.52 5.86 5.82 6.04 5.78 5.86 6.02 5.81 5.61 5.96 6.33 6.57 6.44 5.78 5.63 5.66 5.49 5.94 6.43 6.31 6.30 6.32 6.23 6.01 5.56 5.15 4.90 4.97 5.03 4.88 4.62 4.52 4.47 4.42 4.62 4.84 5.11 5.17 5.51 6.38
4.53 3.89 3.29 3.67 4.51 4.95 4.54 4.02 4.13 4.32 4.37 4.71 4.84 4.89 5.11 5.20 5.06 4.66 4.30 4.28 4.41 4.39 4.30 4.39 4.59 4.42 4.27 4.55 4.79 4.79 4.68 4.71 4.71 4.61 4.57 4.46 4.22 4.09 4.41 4.61 4.78 5.20 5.21 4.75 4.89 5.23 4.80 4.98 4.86 4.73 4.95 4.66 4.60 4.82 4.90 5.74 6.60 5.91 5.21 5.34 4.94 4.76 5.17 4.96 4.89 5.42 5.92 6.10 5.99 5.73 5.29 5.11 5.28 5.34 5.17 5.01 4.94 5.03 5.31 5.40 5.12 4.55 4.62 5.84
4.94 5.04 4.65 4.11 4.27 4.65 4.62 4.34 4.30 4.32 4.24 4.30 4.58 4.66 4.60 4.73 4.72 4.48 4.36 4.39 4.39 4.26 4.16 4.20 4.32 4.35 4.23 4.24 4.36 4.54 4.54 4.53 4.64 4.64 4.58 4.42 4.30 4.31 4.45 4.43 4.34 4.57 4.72 4.51 4.85 5.68 5.42 5.03 4.82 4.55 4.71 4.76 5.10 5.00 4.12 4.32 6.21 6.48 5.18 5.12 5.12 4.91 5.15 5.32 5.35 5.54 6.09 6.44 6.33 6.18 5.80 5.30 5.26 5.23 5.06 5.05 4.99 4.69 4.52 4.68 4.31 3.92 4.17 5.01
4.08 4.66 4.92 4.12 3.63 3.67 3.67 3.77 3.96 4.14 4.30 4.15 4.08 4.25 4.29 4.39 4.54 4.45 4.31 4.28 4.35 4.35 4.32 4.35 4.35 4.28 4.21 4.20 4.23 4.29 4.33 4.33 4.37 4.39 4.41 4.34 4.23 4.12 4.22 4.38 4.40 4.66 4.70 4.15 4.06 4.92 5.45 5.55 5.55 5.25 4.94 4.96 5.38 5.55 4.71 3.61 4.54 6.50 5.76 4.72 4.81 5.18 5.49 5.78 6.04 5.77 5.83 6.40 6.65 6.74 6.43 5.90 5.86 5.83 5.45 4.84 4.00 3.75 3.87 4.22 4.45 4.01 3.39 3.42
3.82 4.23 4.77 4.56 4.06 3.73 3.54 3.63 3.88 4.12 4.43 4.61 4.46 4.35 4.42 4.45 4.47 4.45 4.39 4.41 4.47 4.49 4.44 4.44 4.50 4.50 4.45 4.44 4.47 4.48 4.47 4.46 4.45 4.41 4.37 4.33 4.26 4.08 3.84 3.85 3.92 4.28 4.71 4.53 4.36 4.47 4.70 4.99 5.21 5.40 5.10 5.00 5.18 5.48 5.68 4.55 3.83 5.47 6.36 5.13 4.45 4.76 4.70 4.55 5.29 5.39 5.45 5.83 6.12 6.65 6.61 6.21 6.36 6.65 6.81 6.12 4.64 4.50 4.98 5.13 4.75 3.84 2.96 2.65
4.09 4.38 4.84 5.14 5.28 4.94 4.45 4.17 4.07 4.13 4.32 4.64 4.87 4.79 4.73 4.67 4.54 4.48 4.41 4.35 4.31 4.37 4.45 4.47 4.47 4.45 4.45 4.44 4.42 4.39 4.36 4.32 4.28 4.23 4.17 4.09 4.01 3.94 3.76 3.57 3.51 3.67 4.11 4.42 4.59 4.64 4.45 4.38 4.42 4.55 4.66 4.83 4.89 4.96 5.40 5.31 4.63 4.75 6.00 5.63 4.05 3.70 3.82 4.01 4.64 4.53 4.70 5.03 5.29 6.16 6.39 5.70 5.38 5.51 6.03 6.65 6.19 5.51 4.81 4.66 4.84 4.88 4.53 3.73
4.09 4.46 4.84 4.82 5.18 5.44 5.16 4.77 4.49 4.38 4.38 4.45 4.64 4.77 4.77 4.72 4.59 4.52 4.54 4.51 4.34 4.27 4.37 4.49 4.54 4.52 4.54 4.55 4.53 4.44 4.33 4.28 4.19 4.07 4.11 4.16 4.10 4.19 4.36 4.20 3.95 3.82 3.88 4.13 4.34 4.47 4.36 4.30 4.40 4.29 4.22 4.54 4.69 4.77 4.88 4.92 4.94 4.73 5.16 5.39 4.42 3.50 3.11 3.63 4.37 4.18 3.94 4.03 4.22 5.21 5.75 5.55 5.27 4.75 4.52 4.83 4.77 4.75 4.46 4.58 5.36 5.98 6.20 5.54
3.92 4.24 4.75 4.62 4.51 4.74 4.90 4.87 4.69 4.48 4.36 4.30 4.25 4.32 4.47 4.54 4.54 4.51 4.53 4.64 4.58 4.39 4.36 4.49 4.57 4.54 4.53 4.55 4.50 4.30 4.07 4.12 4.27 4.23 4.34 4.53 4.49 4.34 4.42 4.54 4.45 4.29 4.10 3.99 4.00 4.08 3.99 3.91 4.15 4.38 4.19 4.06 4.23 4.54 4.73 4.62 4.56 4.66 5.07 5.33 5.57 5.13 3.45 3.03 3.69 4.09 3.78 3.62 3.97 5.01 5.28 5.64 6.48 6.52 5.89 4.88 4.55 5.08 5.75 5.91 5.34 4.92 5.27 5.29
3.81 4.03 4.61 4.77 4.60 4.52 4.48 4.51 4.54 4.48 4.38 4.33 4.29 4.29 4.38 4.47 4.50 4.47 4.40 4.46 4.57 4.49 4.40 4.46 4.52 4.49 4.55 4.78 5.00 4.95 4.64 4.56 4.72 4.72 4.63 4.56 4.44 4.26 4.14 4.14 4.16 4.19 4.15 4.04 4.01 4.07 3.97 3.74 3.80 4.24 4.50 4.29 4.15 4.36 4.45 4.68 5.10 5.47 6.21 6.57 7.00 7.55 6.55 4.75 4.39 4.93 4.97 5.03 5.25 6.21 6.12 5.08 6.00 7.31 7.94 7.17 6.18 5.93 5.64 5.48 5.19 4.89 4.79 4.78
3.68 3.73 4.11 4.40 4.41 4.38 4.33 4.33 4.39 4.45 4.45 4.40 4.27 4.26 4.33 4.37 4.44 4.50 4.44 4.37 4.41 4.36 4.27 4.35 4.43 4.37 4.34 4.63 5.19 5.61 5.55 5.31 5.06 4.69 4.39 4.29 4.24 4.14 4.08 3.94 3.85 4.03 4.17 4.11 4.11 4.25 4.19 3.83 3.48 3.51 4.01 4.50 4.49 4.40 4.21 4.42 5.13 5.68 6.06 6.32 6.48 7.29 8.24 7.79 7.04 6.81 6.83 6.67 5.86 5.88 6.79 5.40 4.57 5.43 7.44 7.81 6.17 5.24 5.23 5.23 5.26 5.52 5.32 4.90
3.72 3.68 3.89 4.14 4.21 4.28 4.32 4.34 4.40 4.46 4.49 4.54 4.38 4.23 4.35 4.44 4.47 4.54 4.56 4.50 4.54 4.51 4.37 4.44 4.54 4.46 4.30 4.09 4.20 4.70 4.92 4.87 4.80 4.69 4.43 4.32 4.38 4.32 4.39 4.35 4.15 4.24 4.45 4.35 4.26 4.37 4.40 4.17 3.76 3.28 3.15 3.55 3.98 4.23 4.11 4.16 4.34 4.43 4.49 4.61 4.77 5.05 6.17 7.20 6.83 6.00 5.93 6.36 5.73 5.27 6.49 6.27 4.82 4.55 6.20 7.69 6.77 5.32 5.43 5.65 5.25 5.43 5.54 5.10
3.97 3.74 3.75 4.07 4.21 4.31 4.35 4.27 4.29 4.48 4.58 4.75 4.78 4.48 4.39 4.51 4.55 4.57 4.66 4.65 4.67 4.71 4.44 4.30 4.37 4.27 4.21 3.96 3.64 3.77 4.09 4.34 4.62 4.86 4.58 4.21 4.13 4.07 4.31 4.50 4.34 4.34 4.51 4.52 4.47 4.63 4.82 5.01 5.10 4.72 4.18 3.96 4.14 4.41 4.36 4.36 4.52 4.51 4.41 4.46 4.57 4.73 5.06 5.77 5.92 5.07 4.76 5.45 5.63 5.67 6.39 6.43 5.26 4.35 5.27 7.08 7.35 6.15 5.55 5.84 5.66 5.43 5.46 5.24
4.54 4.16 3.81 3.96 4.20 4.36 4.51 4.47 4.32 4.44 4.57 4.69 4.88 4.78 4.53 4.50 4.57 4.54 4.60 4.70 4.72 4.75 4.49 4.17 4.11 3.88 3.75 3.79 3.78 3.86 4.01 4.19 4.59 5.02 4.92 4.75 4.73 4.49 4.52 4.58 4.50 4.75 4.95 5.02 5.14 5.38 5.71 6.05 6.39 6.50 6.27 5.98 5.78 5.55 5.00 4.45 4.55 4.89 4.88 4.63 4.48 4.63 4.82 5.33 5.89 5.33 4.65 4.53 4.60 5.04 5.74 6.37 5.73 4.20 4.31 5.91 6.76 6.54 5.97 5.81 5.87 5.69 5.48 5.27
4.78 4.38 3.96 3.90 4.00 4.15 4.37 4.50 4.38 4.33 4.35 4.37 4.47 4.51 4.46 4.47 4.59 4.62 4.55 4.55 4.68 4.87 4.93 4.93 4.89 4.56 4.13 3.80 3.85 4.05 4.12 4.09 4.55 5.40 5.82 6.12 6.23 6.10 5.99 5.94 5.87 5.98 6.04 6.03 6.11 6.08 6.03 5.97 5.89 5.96 5.73 5.42 5.35 5.28 4.82 4.32 4.35 4.83 5.09 4.69 3.96 3.82 4.08 4.61 5.41 5.47 5.13 4.43 4.13 4.38 4.43 5.31 5.94 4.86 4.12 4.87 5.67 5.84 5.76 5.53 5.63 5.72 5.55 5.28
4.94 4.28 3.71 3.65 3.65 3.78 4.01 4.24 4.25 4.23 4.22 4.23 4.26 4.30 4.36 4.46 4.61 4.70 4.64 4.54 4.65 4.96 5.10 5.21 5.52 5.77 5.64 4.96 4.62 4.80 4.95 5.08 5.44 5.88 5.99 6.04 6.11 6.17 6.40 6.44 6.32 6.23 6.06 5.86 5.82 5.56 5.13 4.98 4.77 4.94 5.00 4.86 5.02 5.06 4.70 4.33 4.30 4.68 5.11 4.90 4.41 4.30 4.39 4.64 5.04 5.44 5.82 5.19 4.54 4.46 4.27 4.79 5.54 5.62 4.95 4.67 5.14 5.44 5.57 5.47 5.48 5.58 5.49 5.30
5.40 4.98 4.36 4.05 3.87 3.83 4.00 4.16 4.20 4.24 4.28 4.27 4.21 4.22 4.27 4.30 4.38 4.48 4.56 4.55 4.51 4.61 4.72 4.78 5.14 5.75 6.32 6.50 6.37 6.26 6.19 5.99 5.56 5.22 4.92 4.95 5.22 5.16 5.27 5.29 5.01 5.30 5.38 4.99 4.91 4.86 4.56 4.49 4.49 4.78 5.00 4.93 5.31 5.54 5.08 4.43 4.07 4.34 4.97 5.01 4.88 5.01 5.16 5.20 5.06 5.15 5.87 5.87 5.33 4.89 4.55 4.95 5.15 5.48 5.61 5.23 5.19 5.31 5.47 5.44 5.41 5.48 5.46 5.33
5.13 5.25 5.29 5.09 4.86 4.49 4.33 4.39 4.34 4.34 4.44 4.42 4.17 4.08 4.23 4.29 4.29 4.33 4.37 4.34 4.30 4.40 4.66 4.87 4.90 4.89 5.01 5.28 5.30 5.16 4.94 4.63 4.44 4.29 4.09 4.07 4.32 4.17 4.13 4.44 4.28 4.32 4.58 4.47 4.56 4.85 4.80 4.61 4.48 4.69 5.01 4.87 5.11 5.54 5.36 4.81 4.18 4.21 4.86 5.17 5.23 5.23 5.22 5.36 5.34 5.14 5.48 5.93 5.87 5.32 4.58 4.81 5.08 5.04 5.28 5.38 5.38 5.32 5.39 5.43 5.42 5.43 5.43 5.37
4.56 4.64 4.83 4.90 4.90 4.71 4.43 4.41 4.39 4.36 4.56 4.73 4.42 4.08 4.14 4.28 4.33 4.33 4.39 4.42 4.47 4.64 4.70 4.70 4.61 4.45 4.27 4.10 3.98 4.02 4.03 4.07 4.28 4.42 4.42 4.23 4.05 3.87 3.76 4.11 4.35 4.21 4.36 4.45 4.50 4.88 5.16 5.02 4.68 4.59 4.83 4.78 4.84 5.33 5.50 5.35 4.81 4.41 4.75 5.07 5.24 5.47 5.26 5.03 5.31 5.26 5.11 5.58 5.90 5.69 4.95 4.70 5.10 5.11 5.02 5.16 5.37 5.45 5.47 5.50 5.51 5.51 5.50 5.47
4.45 4.23 3.97 4.01 4.14 4.20 4.21 4.27 4.32 4.25 4.32 4.64 4.58 4.13 4.13 4.32 4.44 4.44 4.56 4.77 4.80 4.58 4.23 4.10 4.09 4.12 4.22 4.36 4.32 4.21 4.17 4.23 4.30 4.22 4.32 4.53 4.36 4.11 3.96 4.10 4.53 4.53 4.53 4.67 4.60 4.69 5.04 5.22 5.02 4.81 4.81 4.76 4.73 5.00 5.09 5.11 5.17 4.68 4.45 4.69 4.86 5.32 5.44 5.12 5.25 5.28 4.84 5.11 5.61 5.70 5.26 4.74 4.89 5.12 5.10 5.12 5.24 5.36 5.48 5.56 5.58 5.58 5.55 5.51
4.62 4.33 3.88 3.81 3.95 4.01 4.04 4.16 4.22 4.21 4.21 4.40 4.53 4.24 4.16 4.32 4.49 4.57 4.52 4.44 4.44 4.43 4.07 3.82 3.95 4.02 3.93 3.97 4.19 4.30 4.17 4.01 4.00 3.93 3.95 4.39 4.66 4.51 4.26 4.12 4.39 4.43 4.22 4.40 4.58 4.61 4.76 5.07 5.19 5.06 5.08 5.12 4.97 4.94 4.92 4.84 5.05 4.92 4.49 4.54 4.84 5.03 5.04 5.15 5.40 5.48 4.90 4.72 5.15 5.19 5.28 5.00 4.89 4.98 5.08 5.21 5.33 5.39 5.47 5.58 5.62 5.64 5.64 5.61
4.97 4.72 4.43 4.32 4.32 4.29 4.11 4.07 4.10 4.19 4.34 4.47 4.52 4.40 4.29 4.22 4.26 4.33 4.30 4.31 4.35 4.56 4.40 3.92 3.94 4.08 4.05 3.94 3.97 4.26 4.42 4.42 4.29 4.06 3.87 4.07 4.41 4.39 4.23 4.12 4.37 4.57 4.34 4.33 4.55 4.72 4.69 4.78 5.02 4.87 4.81 5.03 5.22 5.20 5.13 5.08 5.11 5.07 4.69 4.61 5.07 5.42 5.04 4.97 5.45 5.75 5.50 5.05 5.11 5.21 5.34 5.25 5.11 5.07 5.07 5.23 5.45 5.54 5.57 5.64 5.69 5.72 5.72 5.70
5.02 4.83 4.57 4.39 4.17 4.01 3.95 3.93 3.90 3.94 4.18 4.49 4.42 4.26 4.45 4.45 4.18 4.13 4.13 4.26 4.33 4.48 4.62 4.15 3.87 3.98 4.13 4.21 4.13 4.14 4.23 4.37 4.40 4.17 3.86 3.86 4.11 4.19 4.16 4.12 4.40 4.73 4.58 4.49 4.52 4.68 4.75 4.84 5.11 5.08 4.93 4.98 5.24 5.25 5.01 4.94 5.14 5.22 4.84 4.67 5.04 5.69 5.52 5.01 5.28 5.56 5.58 5.44 5.40 5.53 5.50 5.38 5.26 5.18 5.11 5.20 5.43 5.61 5.70 5.75 5.78 5.79 5.80 5.81
4.83 4.55 4.13 4.09 4.06 3.67 3.52 3.56 3.55 3.53 3.67 4.18 4.40 4.10 4.19 4.54 4.31 4.11 4.17 4.19 4.10 4.07 4.48 4.46 4.14 4.18 4.20 4.17 4.17 4.16 4.15 4.24 4.34 4.18 3.88 3.76 3.88 4.06 4.15 4.09 4.24 4.62 4.60 4.52 4.62 4.61 4.49 4.66 5.09 5.19 5.05 5.09 5.28 5.28 5.10 4.97 5.13 5.36 5.05 4.72 4.78 5.36 5.62 5.25 5.27 5.46 5.50 5.55 5.64 5.73 5.65 5.43 5.29 5.23 5.18 5.28 5.48 5.67 5.80 5.88 5.92 5.92 5.91 5.91
5.05 4.95 4.41 4.20 4.37 4.07 3.76 3.59 3.47 3.32 3.22 3.50 3.97 3.95 3.76 4.15 4.29 3.93 3.99 4.30 4.31 4.08 4.30 4.54 4.37 4.27 4.23 4.04 3.89 4.04 4.22 4.40 4.60 4.41 4.02 3.84 3.79 3.85 3.99 4.11 4.17 4.38 4.53 4.51 4.76 4.84 4.45 4.34 4.69 4.97 4.94 5.09 5.43 5.45 5.25 5.12 5.23 5.46 5.26 4.93 4.87 5.19 5.50 5.44 5.46 5.63 5.75 5.84 5.93 5.98 5.88 5.56 5.28 5.21 5.26 5.44 5.69 5.88 6.00 6.04 6.04 5.99 5.99 6.03
4.78 5.13 5.22 5.05 5.17 4.92 4.52 4.15 3.78 3.40 3.08 3.10 3.38 3.81 3.99 4.25 4.50 4.09 3.91 4.16 4.30 4.13 4.19 4.40 4.32 4.26 4.31 4.24 3.93 3.82 3.88 3.98 4.37 4.67 4.50 4.25 4.22 4.20 4.04 4.12 4.24 4.24 4.34 4.34 4.63 4.97 4.78 4.54 4.67 4.93 4.86 4.94 5.37 5.58 5.39 5.14 5.21 5.57 5.60 5.32 5.20 5.29 5.47 5.55 5.65 5.82 5.97 6.13 6.28 6.33 6.22 5.81 5.34 5.21 5.40 5.71 5.99 6.15 6.20 6.21 6.16 6.06 5.97 5.95
4.35 4.66 5.26 5.79 6.18 6.10 5.53 4.76 4.06 3.69 3.35 3.15 3.05 3.33 3.93 4.42 4.81 4.60 4.27 4.32 4.42 4.16 4.06 4.27 4.26 4.25 4.37 4.54 4.46 4.15 3.98 3.82 3.86 4.23 4.40 4.21 4.05 4.14 4.04 4.02 4.25 4.26 4.21 4.15 4.35 4.76 4.76 4.53 4.57 4.88 4.93 4.90 5.21 5.52 5.59 5.40 5.25 5.46 5.64 5.52 5.47 5.53 5.64 5.69 5.77 5.96 6.16 6.37 6.64 6.82 6.73 6.24 5.59 5.37 5.74 6.16 6.40 6.48 6.34 6.22 6.16 6.13 6.03 5.93
4.40 4.69 4.84 4.88 5.52 6.11 6.32 6.00 5.29 4.96 4.65 4.14 3.66 3.22 3.17 3.54 4.28 4.47 4.37 4.45 4.67 4.50 4.11 4.14 4.19 4.22 4.27 4.42 4.70 4.79 4.80 4.47 4.04 4.07 4.18 4.19 4.11 4.05 3.99 3.95 4.17 4.26 4.16 4.12 4.20 4.55 4.71 4.49 4.34 4.58 4.92 5.06 5.23 5.39 5.52 5.50 5.32 5.35 5.48 5.53 5.59 5.68 5.77 5.83 5.86 5.96 6.16 6.35 6.68 7.06 7.10 6.67 6.10 5.96 6.41 6.74 6.80 6.87 6.69 6.31 6.14 6.19 6.37 6.20
3.87 4.27 4.34 3.84 3.92 4.53 5.43 6.19 6.32 6.17 5.86 5.55 5.12 4.27 3.52 3.33 3.76 4.07 4.04 3.98 4.16 4.33 4.14 4.09 4.09 4.13 4.17 4.07 4.17 4.35 4.71 4.92 4.61 4.46 4.38 4.25 4.23 4.13 3.94 3.86 4.09 4.33 4.23 4.15 4.21 4.46 4.73 4.73 4.54 4.38 4.53 4.87 5.21 5.33 5.33 5.35 5.30 5.32 5.43 5.53 5.64 5.78 5.89 5.99 5.99 5.95 6.16 6.36 6.61 7.02 7.02 6.56 7.15 6.59 7.20 7.49 7.17 7.22 7.37 6.93 6.28 5.59 5.77 6.22
3.46 3.70 4.04 3.89 3.84 4.06 4.41 4.79 5.18 5.54 5.26 4.78 4.91 4.72 4.14 3.82 3.85 4.01 3.95 3.75 3.72 3.84 3.84 3.93 4.08 4.13 4.26 4.19 4.06 4.13 4.35 4.78 4.90 4.81 4.66 4.36 4.23 4.22 4.09 3.89 3.96 4.31 4.35 4.17 4.20 4.40 4.61 4.74 4.84 4.73 4.52 4.56 4.88 5.08 5.12 5.18 5.25 5.33 5.46 5.57 5.69 5.84 6.00 6.22 6.40 6.24 6.30 6.48 6.59 6.93 6.66 5.87 5.92 6.40 7.19 8.03 7.55 7.22 7.66 7.82 7.35 6.04 5.69 6.63
3.56 3.78 4.21 4.47 4.70 4.90 4.67 4.05 3.98 4.71 4.84 4.13 4.14 4.49 4.27 3.94 3.87 4.07 4.26 4.28 4.28 4.22 4.01 3.84 4.01 4.21 4.38 4.49 4.38 4.28 4.26 4.35 4.51 4.73 4.80 4.51 4.32 4.29 4.24 4.05 3.78 3.93 4.27 4.17 4.08 4.31 4.46 4.50 4.63 4.75 4.67 4.58 4.74 4.96 5.02 5.07 5.18 5.29 5.42 5.57 5.74 5.93 6.09 6.27 6.65 6.51 6.37 6.65 6.79 7.01 6.63 5.66 5.64 6.03 6.17 7.65 8.03 7.21 7.30 8.02 8.47 8.00 7.19 6.84
4.01 4.20 4.49 4.44 4.25 4.48 4.93 4.52 4.03 4.58 5.18 5.01 4.56 4.32 4.18 3.96 3.90 4.06 4.29 4.39 4.45 4.48 4.34 3.99 3.70 3.70 3.91 4.21 4.31 4.15 4.13 4.16 4.01 4.19 4.63 4.53 4.20 4.11 4.14 4.21 3.99 3.71 4.01 4.18 3.93 4.07 4.27 4.21 4.19 4.30 4.44 4.55 4.75 4.94 4.97 4.98 5.09 5.23 5.38 5.52 5.72 5.92 6.03 6.08 6.63 6.83 6.26 6.32 6.92 7.15 6.49 5.20 5.28 5.99 5.44 6.50 8.14 8.00 7.33 7.40 7.74 7.76 7.39 6.61
3.97 4.11 4.33 4.11 3.74 3.75 4.36 4.63 4.23 4.27 4.70 4.87 4.87 4.62 4.38 4.09 3.91 3.98 4.10 4.12 4.02 4.05 4.20 4.21 4.00 3.73 3.65 3.82 4.14 4.24 4.26 4.39 4.19 4.00 4.38 4.73 4.52 4.18 4.08 4.19 4.28 3.94 3.79 4.09 3.97 3.80 3.96 4.01 4.00 4.07 4.19 4.37 4.70 5.06 4.81 4.82 5.01 5.15 5.25 5.50 5.87 6.23 6.43 6.26 6.77 7.88 7.69 7.52 9.25 9.17 7.46 5.53 5.10 5.96 5.62 5.51 6.90 8.05 7.79 7.24 7.03 7.15 7.30 6.97
3.48 3.62 4.11 4.34 4.22 4.19 4.23 4.19 3.99 3.92 4.02 4.21 4.50 4.57 4.58 4.38 4.04 4.00 4.15 4.31 4.35 4.29 4.32 4.39 4.40 4.30 4.02 3.86 3.96 4.01 4.05 4.17 4.20 4.05 4.09 4.47 4.63 4.33 4.00 3.90 4.09 4.03 3.62 3.73 3.93 3.83 3.85 3.93 3.95 4.01 4.11 4.26 4.51 4.71 4.64 4.68 5.04 5.54 5.73 5.99 6.63 7.24 7.91 8.01 8.31 9.79 10.67 10.80 11.56 10.34 8.54 7.08 5.75 5.60 5.55 5.05 5.29 6.60 7.50 7.48 6.97 6.83 7.05 6.94
3.52 3.41 3.59 4.05 4.29 4.49 4.69 4.32 3.86 3.98 3.98 4.04 4.31 4.25 4.27 4.41 4.23 4.08 4.21 4.44 4.63 4.55 4.29 4.16 4.03 4.01 3.97 3.86 3.85 3.78 3.89 4.00 3.93 3.90 3.90 4.11 4.39 4.36 4.09 3.79 3.89 4.11 3.81 3.65 3.81 3.87 3.90 3.93 3.93 3.96 4.05 4.16 4.32 4.45 4.49 4.56 4.83 5.57 6.19 6.46 7.18 8.09 9.29 10.25 10.35 10.39 10.49 10.23 9.61 8.29 7.16 6.61 5.70 4.97 5.00 5.08 5.21 5.91 6.78 7.15 6.75 6.32 6.45 6.50
3.81 3.62 3.45 3.57 3.87 4.23 4.74 4.69 4.12 4.13 4.08 3.92 4.18 4.29 4.08 4.10 4.18 4.11 4.14 4.17 4.21 4.26 4.03 3.98 4.07 3.93 3.78 3.70 3.84 3.84 3.91 4.17 4.09 3.89 3.78 3.86 4.08 4.23 4.28 4.03 3.78 4.01 4.02 3.79 3.79 3.81 3.84 3.89 3.89 3.90 3.95 4.03 4.14 4.28 4.36 4.50 4.71 5.23 6.29 7.25 8.26 9.20 9.69 9.80 9.31 8.89 8.92 8.75 8.10 7.42 6.67 6.10 5.69 4.99 4.74 5.08 5.62 6.32 6.62 6.38 6.09 5.88 5.83 5.97
4.02 3.91 3.73 3.54 3.54 3.91 4.67 4.99 4.41 4.08 4.05 3.81 3.76 4.00 4.08 4.06 4.08 4.06 3.96 3.83 3.77 4.03 4.05 3.99 4.27 4.31 4.14 3.90 3.87 3.89 3.83 3.99 4.04 3.91 3.74 3.63 3.76 3.98 4.13 4.16 3.84 3.73 3.89 3.83 3.78 3.79 3.77 3.79 3.80 3.79 3.80 3.83 3.85 4.02 4.22 4.40 4.83 5.51 6.40 7.42 8.30 8.77 8.82 8.67 8.26 8.18 8.47 8.43 7.82 7.26 6.87 6.21 5.72 5.31 4.91 4.92 5.56 7.30 7.30 5.84 5.42 5.40 5.44 5.60
