windninja/all_results/maria_elevation_tif_point_11-01-2019_0500_500m_vel.asc
ncols	128
nrows	92
xllcorner	280654.681342
yllcorner	3772085.885776
cellsize	500.000000
NODATA_value	-32768.000000
[rows 38 to 75 of 92, columns 0 to 83 of 128]
4.83 4.74 4.62 4.44 4.18 4.17 5.01 6.14 5.92 5.12 4.93 4.85 4.68 4.62 4.75 4.87 4.82 4.75 4.82 4.81 4.52 4.70 4.88 4.69 4.83 4.91 4.97 4.87 4.61 4.55 4.61 4.76 4.71 4.78 4.93 4.79 4.66 4.77 4.81 4.99 5.06 4.77 4.69 4.69 4.63 4.62 4.60 4.62 4.65 4.65 4.63 4.63 4.53 4.59 4.83 4.76 4.61 4.80 5.08 5.06 5.32 6.05 6.94 7.85 7.76 7.33 7.44 7.40 7.12 6.82 6.70 6.22 5.49 5.17 5.07 5.23 5.90 7.02 6.97 5.97 5.55 5.57 5.81 5.95
4.89 4.84 4.75 4.64 4.39 4.09 4.36 5.55 6.41 6.09 5.53 5.34 5.34 5.10 4.82 4.82 4.82 4.74 4.93 5.25 5.02 4.80 4.75 4.60 4.68 4.65 4.68 4.91 4.71 4.39 4.56 4.93 4.84 4.71 4.88 4.87 4.66 4.68 4.72 4.71 4.84 4.82 4.70 4.64 4.60 4.58 4.56 4.56 4.56 4.54 4.46 4.32 4.02 3.88 4.23 4.47 4.25 4.03 4.23 4.43 4.74 5.53 6.40 7.40 7.64 6.95 6.73 6.77 6.65 6.44 6.24 5.68 5.05 4.90 5.14 5.72 6.39 6.92 6.83 6.28 5.88 5.74 5.90 6.06
4.92 4.88 4.81 4.73 4.57 4.29 4.16 4.66 5.73 6.41 6.22 5.67 5.47 5.36 5.07 4.90 4.91 4.83 4.90 5.30 5.40 5.07 4.80 4.72 4.92 4.94 4.74 5.04 5.22 4.79 4.56 4.88 4.99 4.75 4.69 4.69 4.60 4.54 4.56 4.55 4.55 4.57 4.58 4.57 4.54 4.52 4.49 4.47 4.46 4.41 4.33 4.24 3.76 3.14 3.19 3.66 4.07 4.19 4.39 4.76 5.09 5.68 6.46 6.87 7.00 6.57 6.13 6.01 5.90 5.73 5.46 4.59 4.84 5.48 5.84 6.44 7.02 7.10 6.82 6.49 6.33 6.22 6.22 6.30
4.95 4.92 4.86 4.79 4.69 4.49 4.17 4.08 4.48 5.28 5.88 5.63 5.25 5.11 5.02 4.94 4.98 5.01 4.98 5.20 5.44 5.27 4.86 4.76 5.00 5.05 4.68 4.66 4.94 4.88 4.52 4.47 4.70 4.77 4.76 4.65 4.58 4.48 4.43 4.44 4.46 4.44 4.42 4.43 4.42 4.41 4.38 4.36 4.33 4.26 4.03 3.97 3.83 3.02 2.58 2.82 3.34 3.92 4.39 4.76 5.09 5.84 7.75 7.27 6.31 6.07 5.72 5.51 5.27 5.04 5.09 5.29 5.84 6.40 6.72 6.97 7.27 7.14 6.55 6.17 6.35 6.41 6.32 6.29
4.96 4.94 4.89 4.84 4.77 4.66 4.44 4.17 4.04 4.35 5.10 5.41 5.23 5.01 4.96 4.95 5.01 5.00 4.85 4.97 5.33 5.58 5.25 4.69 4.75 4.94 4.76 4.69 4.69 4.73 4.69 4.58 4.53 4.60 4.71 4.62 4.51 4.48 4.45 4.41 4.39 4.37 4.35 4.33 4.31 4.28 4.24 4.21 4.18 4.19 3.90 3.48 3.51 3.16 2.73 2.95 3.36 3.75 4.24 4.79 5.29 5.87 6.68 6.51 5.91 5.69 5.42 5.26 5.20 5.02 5.19 5.94 6.51 6.74 6.98 7.08 7.15 7.08 6.38 5.70 6.40 6.59 6.51 6.35
4.98 4.96 4.93 4.88 4.83 4.75 4.65 4.49 4.29 4.24 4.58 5.03 5.15 5.00 4.86 4.80 4.84 4.82 4.64 4.62 4.77 5.16 5.33 4.98 4.81 4.81 4.70 4.79 4.84 4.73 4.69 4.71 4.59 4.46 4.49 4.51 4.47 4.45 4.45 4.43 4.40 4.35 4.31 4.27 4.23 4.17 4.09 4.04 4.02 4.08 4.00 3.47 2.92 2.56 2.44 2.87 3.48 3.91 4.30 4.81 5.36 5.82 6.10 5.94 5.60 5.42 5.29 5.16 5.27 5.43 5.55 6.05 6.59 6.67 6.80 7.03 7.03 6.86 6.41 6.13 6.37 6.49 6.54 6.51
4.99 4.97 4.94 4.91 4.87 4.82 4.76 4.70 4.61 4.51 4.51 4.70 4.89 4.91 4.77 4.58 4.52 4.56 4.52 4.45 4.39 4.48 4.71 4.79 4.81 4.77 4.61 4.54 4.59 4.55 4.42 4.44 4.48 4.43 4.41 4.43 4.44 4.44 4.44 4.44 4.42 4.37 4.30 4.23 4.14 4.03 3.90 3.79 3.68 3.56 3.46 3.09 2.12 1.44 2.08 2.86 3.53 4.10 4.55 4.99 5.45 5.83 6.00 5.88 5.61 5.38 5.20 5.07 5.11 5.33 5.63 5.95 6.36 6.58 6.67 6.81 6.77 6.52 6.19 6.04 6.16 6.22 6.27 6.48
5.00 4.98 4.96 4.93 4.90 4.87 4.83 4.79 4.76 4.73 4.71 4.71 4.76 4.79 4.73 4.58 4.47 4.47 4.49 4.48 4.44 4.41 4.38 4.38 4.51 4.59 4.52 4.46 4.46 4.43 4.36 4.34 4.39 4.42 4.41 4.40 4.38 4.37 4.37 4.38 4.38 4.36 4.29 4.19 4.06 3.91 3.70 3.43 3.14 2.85 2.65 2.32 1.48 1.32 2.26 3.16 3.71 4.19 4.66 5.10 5.48 5.78 5.90 5.82 5.62 5.41 5.23 5.12 5.18 5.30 5.54 5.85 6.14 6.35 6.46 6.54 6.48 6.26 6.06 6.01 6.18 6.23 6.09 6.12
5.00 4.98 4.97 4.95 4.93 4.90 4.87 4.85 4.83 4.81 4.80 4.79 4.77 4.75 4.72 4.65 4.56 4.51 4.52 4.54 4.55 4.54 4.47 4.40 4.43 4.48 4.46 4.45 4.47 4.47 4.42 4.37 4.38 4.39 4.37 4.36 4.33 4.31 4.29 4.29 4.29 4.28 4.24 4.15 3.99 3.80 3.54 3.18 2.81 2.47 2.15 1.81 1.60 1.88 2.60 3.28 3.81 4.27 4.70 5.07 5.37 5.60 5.71 5.66 5.51 5.38 5.29 5.21 5.25 5.38 5.55 5.77 6.02 6.16 6.20 6.25 6.25 6.12 5.98 5.95 6.07 6.20 6.05 5.93
5.00 4.99 4.98 4.96 4.94 4.92 4.90 4.88 4.86 4.85 4.84 4.82 4.79 4.76 4.73 4.69 4.63 4.55 4.51 4.51 4.54 4.57 4.55 4.48 4.46 4.49 4.47 4.44 4.44 4.43 4.40 4.37 4.34 4.32 4.29 4.28 4.27 4.26 4.23 4.21 4.19 4.18 4.17 4.10 3.94 3.69 3.41 3.08 2.70 2.30 1.95 1.68 1.65 1.97 2.56 3.21 3.77 4.22 4.60 4.92 5.16 5.32 5.43 5.46 5.39 5.32 5.28 5.27 5.33 5.46 5.64 5.82 5.99 6.07 6.05 6.03 6.02 5.94 5.81 5.74 5.76 5.89 5.97 5.91
5.00 4.99 4.98 4.97 4.95 4.93 4.92 4.90 4.89 4.87 4.85 4.84 4.82 4.79 4.76 4.73 4.69 4.64 4.58 4.53 4.51 4.53 4.55 4.51 4.48 4.48 4.48 4.45 4.43 4.41 4.38 4.34 4.31 4.27 4.24 4.20 4.18 4.17 4.15 4.13 4.10 4.11 4.12 4.06 3.87 3.59 3.27 2.95 2.61 2.25 1.95 1.73 1.67 1.93 2.49 3.11 3.68 4.14 4.51 4.80 5.01 5.15 5.23 5.27 5.27 5.23 5.21 5.22 5.31 5.44 5.58 5.74 5.91 6.04 6.03 5.98 5.93 5.87 5.73 5.62 5.59 5.61 5.72 5.84
5.00 4.99 4.98 4.97 4.96 4.94 4.93 4.91 4.90 4.88 4.87 4.85 4.83 4.80 4.78 4.75 4.71 4.68 4.64 4.59 4.56 4.54 4.54 4.53 4.50 4.48 4.47 4.45 4.43 4.40 4.36 4.34 4.31 4.26 4.21 4.14 4.09 4.05 4.01 3.99 3.99 4.03 4.07 4.03 3.81 3.46 3.10 2.79 2.51 2.20 1.86 1.49 1.52 2.03 2.61 3.18 3.68 4.10 4.45 4.73 4.91 5.02 5.06 5.06 5.05 5.05 5.12 5.24 5.35 5.46 5.59 5.70 5.78 5.85 5.87 5.83 5.79 5.71 5.56 5.47 5.57 5.66 5.71 5.94
4.99 4.98 4.98 4.97 4.96 4.95 4.93 4.92 4.90 4.89 4.87 4.85 4.83 4.81 4.79 4.76 4.74 4.70 4.66 4.62 4.59 4.56 4.54 4.52 4.49 4.47 4.46 4.43 4.40 4.38 4.34 4.30 4.27 4.24 4.17 4.09 4.01 3.93 3.87 3.84 3.84 3.87 3.92 3.96 3.74 3.31 2.95 2.66 2.39 2.08 1.69 1.22 1.48 2.33 2.89 3.32 3.72 4.10 4.42 4.69 4.89 5.05 5.23 5.33 5.34 5.30 5.30 5.46 5.64 5.66 5.68 5.73 5.74 5.73 5.70 5.68 5.76 5.93 5.99 5.99 6.07 6.15 6.04 6.04
4.99 4.98 4.98 4.97 4.96 4.95 4.93 4.92 4.91 4.89 4.87 4.86 4.84 4.82 4.79 4.77 4.74 4.71 4.68 4.64 4.61 4.59 4.56 4.53 4.49 4.46 4.45 4.42 4.39 4.35 4.31 4.25 4.19 4.16 4.11 4.03 3.95 3.87 3.81 3.76 3.71 3.67 3.72 4.04 3.93 3.29 2.91 2.63 2.34 1.99 1.65 1.61 2.06 2.69 3.17 3.51 3.80 4.12 4.43 4.75 5.09 5.35 5.65 5.96 6.11 6.05 5.79 5.59 5.64 5.68 5.68 5.74 5.80 5.82 5.89 6.00 6.19 6.57 6.82 6.83 6.74 6.67 6.47 6.17
4.99 4.98 4.97 4.97 4.96 4.94 4.93 4.92 4.91 4.89 4.88 4.86 4.84 4.82 4.80 4.78 4.75 4.72 4.69 4.65 4.61 4.59 4.56 4.53 4.49 4.46 4.43 4.41 4.37 4.32 4.27 4.22 4.15 4.10 4.06 3.99 3.92 3.85 3.77 3.68 3.61 3.56 3.62 3.85 3.85 3.45 3.05 2.70 2.35 2.00 1.75 1.86 2.31 2.84 3.31 3.70 3.97 4.22 4.53 4.86 5.21 5.39 5.45 5.59 5.78 5.92 5.83 5.57 5.48 5.55 5.62 5.77 5.98 6.09 6.21 6.33 6.30 6.27 6.36 6.46 6.53 6.64 6.77 6.68
4.98 4.98 4.97 4.96 4.95 4.94 4.93 4.92 4.91 4.89 4.87 4.86 4.84 4.82 4.80 4.78 4.75 4.72 4.70 4.66 4.63 4.61 4.58 4.53 4.49 4.46 4.43 4.39 4.36 4.31 4.27 4.22 4.15 4.09 4.04 3.98 3.91 3.84 3.76 3.67 3.61 3.61 3.69 3.84 3.85 3.61 3.23 2.83 2.46 2.14 1.99 2.12 2.48 2.90 3.32 3.75 4.10 4.32 4.47 4.62 4.82 4.95 4.93 4.94 5.06 5.24 5.39 5.43 5.45 5.53 5.60 5.74 5.99 6.13 6.09 5.96 5.79 5.65 5.64 5.71 5.82 5.94 6.19 6.46
4.98 4.97 4.97 4.96 4.95 4.94 4.93 4.92 4.90 4.89 4.87 4.86 4.84 4.82 4.80 4.78 4.75 4.73 4.70 4.67 4.64 4.62 4.60 4.56 4.50 4.46 4.42 4.37 4.32 4.27 4.23 4.20 4.15 4.09 4.04 4.00 3.94 3.87 3.81 3.74 3.71 3.72 3.79 3.87 3.85 3.66 3.33 2.97 2.65 2.39 2.29 2.38 2.64 2.93 3.23 3.58 3.93 4.20 4.30 4.32 4.45 4.62 4.73 4.82 4.94 5.08 5.22 5.32 5.40 5.53 5.58 5.53 5.55 5.58 5.58 5.55 5.50 5.43 5.38 5.39 5.44 5.43 5.39 5.52
4.98 4.97 4.96 4.96 4.95 4.94 4.93 4.92 4.90 4.89 4.87 4.85 4.84 4.82 4.80 4.78 4.75 4.73 4.70 4.67 4.64 4.61 4.59 4.56 4.51 4.48 4.44 4.41 4.37 4.30 4.24 4.21 4.18 4.14 4.08 4.02 3.97 3.91 3.86 3.82 3.80 3.82 3.85 3.87 3.82 3.65 3.40 3.12 2.86 2.66 2.59 2.67 2.83 3.01 3.21 3.47 3.74 4.04 4.24 4.34 4.45 4.60 4.73 4.85 4.98 5.11 5.22 5.29 5.31 5.36 5.44 5.39 5.33 5.32 5.34 5.41 5.46 5.42 5.36 5.32 5.33 5.38 5.34 5.26
4.97 4.97 4.96 4.96 4.95 4.94 4.93 4.91 4.90 4.89 4.87 4.85 4.84 4.82 4.80 4.78 4.76 4.73 4.71 4.68 4.64 4.62 4.60 4.56 4.52 4.49 4.46 4.44 4.45 4.42 4.35 4.27 4.21 4.16 4.11 4.05 4.00 3.95 3.91 3.89 3.88 3.88 3.89 3.88 3.81 3.67 3.47 3.25 3.05 2.91 2.87 3.00 3.21 3.33 3.47 3.67 3.86 4.04 4.24 4.40 4.52 4.64 4.75 4.87 4.99 5.08 5.17 5.24 5.27 5.27 5.31 5.34 5.38 5.42 5.38 5.34 5.35 5.31 5.21 5.22 5.22 5.24 5.39 5.39
4.97 4.96 4.96 4.95 4.94 4.93 4.92 4.91 4.90 4.88 4.87 4.85 4.83 4.82 4.80 4.78 4.76 4.73 4.71 4.68 4.65 4.63 4.62 4.59 4.54 4.50 4.46 4.42 4.39 4.38 4.34 4.29 4.24 4.19 4.14 4.09 4.04 4.00 3.97 3.95 3.95 3.95 3.94 3.90 3.83 3.71 3.55 3.39 3.24 3.13 3.09 3.20 3.46 3.63 3.71 3.85 4.02 4.13 4.26 4.42 4.54 4.67 4.77 4.88 4.99 5.09 5.16 5.23 5.29 5.34 5.42 5.43 5.48 5.56 5.57 5.46 5.41 5.35 5.11 5.01 5.05 5.12 5.36 5.74
4.97 4.96 4.96 4.95 4.94 4.93 4.92 4.91 4.90 4.88 4.87 4.85 4.83 4.82 4.80 4.78 4.76 4.73 4.71 4.68 4.65 4.62 4.61 4.60 4.57 4.53 4.48 4.44 4.39 4.36 4.34 4.30 4.26 4.22 4.17 4.13 4.09 4.06 4.03 4.01 3.99 3.98 3.96 3.92 3.85 3.76 3.64 3.52 3.41 3.32 3.24 3.23 3.38 3.58 3.71 3.83 4.03 4.19 4.31 4.46 4.58 4.69 4.80 4.89 4.98 5.08 5.14 5.19 5.24 5.30 5.43 5.46 5.44 5.57 5.71 5.68 5.69 5.67 5.48 5.29 5.22 5.35 5.49 6.00
4.97 4.96 4.95 4.95 4.94 4.93 4.92 4.91 4.89 4.88 4.87 4.85 4.83 4.82 4.80 4.78 4.76 4.74 4.71 4.69 4.66 4.62 4.60 4.59 4.57 4.54 4.50 4.46 4.43 4.39 4.36 4.33 4.29 4.25 4.20 4.16 4.13 4.09 4.06 4.04 4.02 4.01 3.99 3.95 3.88 3.81 3.72 3.63 3.55 3.48 3.43 3.40 3.46 3.60 3.76 3.91 4.07 4.23 4.36 4.50 4.64 4.74 4.82 4.90 4.96 5.05 5.12 5.15 5.17 5.16 5.22 5.31 5.36 5.60 5.93 6.05 6.31 6.36 6.17 6.11 6.03 5.96 5.86 5.93
4.97 4.96 4.95 4.95 4.94 4.93 4.92 4.91 4.89 4.88 4.87 4.85 4.83 4.82 4.80 4.78 4.76 4.74 4.71 4.69 4.66 4.63 4.60 4.58 4.57 4.54 4.50 4.47 4.44 4.40 4.36 4.33 4.30 4.27 4.23 4.19 4.16 4.13 4.10 4.08 4.05 4.04 4.02 3.98 3.93 3.86 3.80 3.73 3.68 3.63 3.61 3.63 3.68 3.77 3.89 4.01 4.14 4.27 4.38 4.49 4.63 4.76 4.85 4.93 4.96 5.01 5.08 5.13 5.15 5.17 5.21 5.27 5.18 5.29 5.77 6.02 6.32 6.68 6.57 6.17 5.97 5.82 5.62 5.51
4.96 4.96 4.95 4.95 4.94 4.93 4.92 4.91 4.89 4.88 4.87 4.85 4.83 4.82 4.80 4.78 4.76 4.74 4.72 4.69 4.67 4.64 4.61 4.58 4.58 4.56 4.51 4.48 4.45 4.42 4.38 4.34 4.32 4.29 4.26 4.22 4.19 4.16 4.14 4.12 4.10 4.07 4.05 4.02 3.98 3.93 3.88 3.83 3.80 3.77 3.76 3.78 3.83 3.91 4.00 4.10 4.20 4.31 4.41 4.50 4.59 4.71 4.81 4.90 4.97 5.02 5.08 5.14 5.17 5.20 5.20 5.29 5.20 4.88 4.92 5.12 5.28 5.72 6.05 5.68 5.38 5.29 5.16 4.99
4.96 4.96 4.95 4.95 4.94 4.93 4.92 4.91 4.89 4.88 4.87 4.85 4.84 4.82 4.80 4.78 4.76 4.74 4.72 4.70 4.68 4.65 4.62 4.59 4.58 4.57 4.52 4.49 4.46 4.43 4.40 4.37 4.33 4.31 4.29 4.26 4.23 4.20 4.18 4.16 4.14 4.11 4.09 4.06 4.04 4.00 3.96 3.92 3.90 3.89 3.89 3.92 3.96 4.02 4.10 4.18 4.27 4.36 4.46 4.55 4.62 4.71 4.80 4.89 4.98 5.04 5.07 5.15 5.19 5.25 5.22 5.20 5.24 5.03 4.78 4.69 4.66 5.05 5.65 5.49 5.28 5.41 5.55 5.36
4.96 4.96 4.95 4.95 4.94 4.93 4.92 4.91 4.89 4.88 4.87 4.85 4.84 4.82 4.80 4.79 4.77 4.75 4.73 4.71 4.68 4.66 4.63 4.59 4.58 4.58 4.54 4.50 4.49 4.46 4.43 4.40 4.37 4.34 4.32 4.30 4.28 4.25 4.22 4.19 4.17 4.15 4.13 4.10 4.08 4.06 4.04 4.01 3.99 3.99 4.00 4.03 4.06 4.11 4.18 4.25 4.33 4.41 4.50 4.59 4.67 4.75 4.83 4.89 4.95 5.02 5.09 5.18 5.22 5.28 5.27 5.02 4.87 4.93 5.05 5.00 4.79 5.06 5.85 5.93 5.51 5.50 5.65 5.71
4.96 4.95 4.95 4.95 4.94 4.93 4.92 4.91 4.90 4.88 4.87 4.85 4.84 4.82 4.81 4.79 4.77 4.75 4.73 4.71 4.69 4.67 4.64 4.61 4.59 4.60 4.57 4.52 4.50 4.48 4.46 4.43 4.40 4.38 4.35 4.33 4.31 4.29 4.26 4.24 4.22 4.20 4.17 4.15 4.13 4.11 4.10 4.09 4.08 4.08 4.09 4.12 4.16 4.21 4.26 4.32 4.39 4.47 4.54 4.62 4.70 4.77 4.84 4.91 4.96 5.00 4.99 5.06 5.19 5.37 5.56 5.28 4.51 4.01 4.34 4.99 5.12 5.12 5.80 6.40 6.18 5.90 5.77 5.76
4.96 4.96 4.95 4.95 4.94 4.93 4.92 4.91 4.90 4.88 4.87 4.86 4.84 4.83 4.81 4.79 4.78 4.76 4.74 4.72 4.70 4.68 4.65 4.62 4.60 4.60 4.59 4.54 4.51 4.50 4.48 4.45 4.42 4.40 4.37 4.35 4.33 4.31 4.30 4.28 4.26 4.24 4.22 4.21 4.20 4.18 4.16 4.16 4.16 4.16 4.17 4.20 4.23 4.28 4.33 4.38 4.43 4.50 4.58 4.64 4.71 4.78 4.86 4.92 4.99 5.10 5.06 4.96 5.03 5.31 6.14 6.63 5.76 4.53 4.27 4.84 5.11 4.90 5.16 5.77 6.02 5.99 5.88 5.79
4.96 4.96 4.95 4.95 4.94 4.93 4.92 4.91 4.90 4.89 4.87 4.86 4.85 4.83 4.82 4.80 4.78 4.76 4.75 4.73 4.71 4.69 4.66 4.64 4.60 4.60 4.60 4.56 4.52 4.51 4.49 4.46 4.44 4.41 4.39 4.38 4.36 4.34 4.33 4.31 4.30 4.28 4.26 4.25 4.24 4.23 4.23 4.22 4.23 4.23 4.25 4.27 4.30 4.34 4.38 4.43 4.48 4.54 4.62 4.68 4.74 4.80 4.86 4.92 4.97 5.13 5.28 5.03 4.84 4.74 5.35 6.71 7.26 7.01 6.25 5.82 5.63 5.16 5.03 5.27 5.46 5.56 5.61 5.61
4.96 4.96 4.95 4.95 4.94 4.93 4.92 4.91 4.90 4.89 4.88 4.86 4.85 4.83 4.82 4.80 4.79 4.77 4.75 4.74 4.72 4.70 4.67 4.65 4.62 4.61 4.63 4.60 4.55 4.53 4.52 4.49 4.47 4.45 4.42 4.41 4.40 4.38 4.37 4.36 4.34 4.33 4.31 4.29 4.29 4.28 4.28 4.28 4.29 4.29 4.31 4.33 4.35 4.40 4.45 4.49 4.53 4.58 4.65 4.71 4.77 4.84 4.87 4.88 4.90 4.91 5.17 5.15 4.77 4.29 4.06 4.62 5.65 6.54 6.64 6.32 5.99 5.54 5.30 5.30 5.36 5.39 5.41 5.42
4.97 4.96 4.96 4.95 4.94 4.93 4.93 4.92 4.90 4.89 4.88 4.87 4.85 4.84 4.83 4.81 4.79 4.78 4.76 4.74 4.72 4.71 4.69 4.67 4.64 4.61 4.62 4.62 4.57 4.55 4.54 4.53 4.51 4.49 4.46 4.44 4.43 4.41 4.40 4.39 4.38 4.36 4.35 4.34 4.34 4.33 4.33 4.33 4.34 4.35 4.37 4.39 4.41 4.45 4.50 4.54 4.57 4.61 4.67 4.73 4.80 4.93 5.06 5.04 5.02 5.00 5.14 5.33 5.06 4.47 4.19 4.31 4.60 5.06 5.45 5.73 5.76 5.51 5.43 5.43 5.42 5.42 5.41 5.36
4.97 4.96 4.96 4.95 4.94 4.94 4.93 4.92 4.91 4.90 4.88 4.87 4.86 4.84 4.83 4.82 4.80 4.79 4.77 4.75 4.74 4.72 4.70 4.68 4.65 4.62 4.61 4.62 4.60 4.57 4.55 4.54 4.52 4.51 4.49 4.47 4.46 4.44 4.43 4.42 4.42 4.41 4.40 4.39 4.39 4.39 4.38 4.39 4.41 4.42 4.43 4.45 4.47 4.49 4.53 4.58 4.62 4.65 4.70 4.75 4.81 4.89 5.07 5.24 5.26 5.18 5.20 5.57 5.85 5.47 4.92 4.83 4.85 4.83 4.96 5.29 5.60 5.53 5.44 5.46 5.45 5.48 5.50 5.40
4.97 4.96 4.96 4.95 4.95 4.94 4.93 4.92 4.91 4.90 4.89 4.88 4.86 4.85 4.84 4.82 4.81 4.79 4.78 4.76 4.75 4.73 4.71 4.69 4.67 4.64 4.63 4.63 4.62 4.60 4.57 4.56 4.54 4.53 4.52 4.50 4.49 4.48 4.47 4.46 4.46 4.45 4.45 4.44 4.44 4.44 4.44 4.44 4.46 4.48 4.49 4.50 4.52 4.55 4.58 4.62 4.66 4.70 4.74 4.71 4.72 4.81 4.93 5.20 5.56 5.61 5.56 5.83 6.22 6.29 5.81 5.25 5.07 5.05 4.98 5.02 5.23 5.42 5.55 5.56 5.58 5.65 5.65 5.53
4.97 4.96 4.96 4.96 4.95 4.94 4.93 4.93 4.92 4.90 4.89 4.88 4.87 4.86 4.84 4.83 4.82 4.80 4.79 4.77 4.76 4.74 4.72 4.71 4.69 4.66 4.64 4.63 4.63 4.62 4.59 4.57 4.57 4.56 4.54 4.53 4.52 4.51 4.50 4.49 4.49 4.49 4.49 4.48 4.48 4.49 4.48 4.49 4.50 4.52 4.54 4.55 4.57 4.59 4.62 4.65 4.67 4.72 4.84 4.86 4.74 4.82 4.96 5.08 5.46 5.69 5.37 5.12 5.21 5.60 6.00 5.93 5.68 5.65 5.56 5.40 5.31 5.32 5.62 5.73 5.64 5.74 5.92 5.94
4.97 4.97 4.96 4.96 4.95 4.95 4.94 4.93 4.92 4.91 4.90 4.89 4.87 4.86 4.85 4.84 4.82 4.81 4.80 4.78 4.77 4.75 4.74 4.72 4.70 4.68 4.66 4.64 4.64 4.65 4.63 4.60 4.60 4.60 4.57 4.55 4.55 4.55 4.53 4.53 4.53 4.52 4.52 4.51 4.52 4.53 4.53 4.52 4.53 4.55 4.58 4.60 4.61 4.63 4.66 4.68 4.71 4.71 4.83 5.02 4.92 4.77 4.82 4.80 4.83 5.02 4.90 4.68 4.61 4.64 5.09 5.69 5.78 5.79 5.89 5.84 5.70 5.39 5.37 5.52 5.45 5.42 5.66 5.86
4.98 4.97 4.97 4.96 4.96 4.95 4.94 4.93 4.92 4.91 4.90 4.89 4.88 4.87 4.86 4.84 4.83 4.82 4.81 4.79 4.78 4.76 4.75 4.73 4.72 4.70 4.69 4.67 4.65 4.66 4.66 4.63 4.61 4.61 4.60 4.58 4.57 4.57 4.56 4.55 4.55 4.55 4.55 4.54 4.54 4.55 4.56 4.56 4.57 4.58 4.60 4.62 4.64 4.66 4.68 4.71 4.74 4.72 4.68 4.81 4.81 4.60 4.44 4.49 4.77 5.03 5.13 5.13 5.19 5.03 4.86 5.21 5.50 5.47 5.48 5.49 5.50 5.41 5.31 5.38 5.38 5.30 5.27 5.20
4.98 4.97 4.97 4.97 4.96 4.95 4.95 4.94 4.93 4.92 4.91 4.90 4.89 4.88 4.86 4.85 4.84 4.83 4.81 4.80 4.79 4.78 4.76 4.75 4.73 4.72 4.70 4.69 4.66 4.65 4.66 4.65 4.65 4.64 4.62 4.61 4.60 4.59 4.59 4.58 4.57 4.58 4.58 4.58 4.58 4.58 4.60 4.61 4.61 4.62 4.64 4.66 4.68 4.69 4.72 4.74 4.75 4.74 4.71 4.76 4.85 4.77 4.55 4.48 4.73 5.01 5.14 5.19 5.40 5.48 5.24 5.27 5.57 5.74 5.74 5.64 5.50 5.48 5.51 5.48 5.35 5.41 5.41 5.10
4.98 4.98 4.97 4.97 4.96 4.96 4.95 4.94 4.93 4.92 4.91 4.90 4.89 4.88 4.87 4.86 4.85 4.84 4.82 4.81 4.80 4.79 4.77 4.76 4.75 4.74 4.72 4.71 4.69 4.67 4.66 4.66 4.66 4.68 4.67 4.64 4.62 4.61 4.61 4.61 4.61 4.61 4.61 4.61 4.62 4.62 4.63 4.64 4.65 4.67 4.68 4.70 4.72 4.73 4.74 4.75 4.75 4.76 4.80 4.88 5.06 5.18 5.11 4.96 4.82 4.80 4.91 4.95 5.06 5.14 4.95 4.94 5.28 5.63 5.90 6.07 5.95 5.69 5.64 5.72 5.48 5.31 5.27 4.97
