windninja/all_results/maria_elevation_tif_point_11-01-2019_0400_500m_ang.asc
ncols	128
nrows	92
xllcorner	280654.681342
yllcorner	3772085.885776
cellsize	500.000000
NODATA_value	-32768.000000
[rows 0 to 54 of 92, columns 0 to 95 of 128]
28 25 25 29 32 33 25 17 23 25 24 26 28 32 35 34 35 28 21 22 25 25 23 24 24 22 24 27 28 27 28 28 27 28 27 25 17 14 23 25 23 25 21 17 20 24 28 29 23 23 22 15 17 26 29 31 33 32 32 30 23 24 25 22 24 28 33 40 45 45 42 43 46 50 50 49 50 49 46 43 41 29 18 28 34 31 29 30 33 33 32 33 32 35 41 39
28 25 25 29 32 33 25 17 23 25 24 26 28 32 35 34 35 28 21 22 25 25 23 24 24 22 24 27 28 27 28 28 27 28 27 25 17 14 23 25 23 25 21 17 20 24 28 29 23 23 22 15 17 26 29 31 33 32 32 30 23 24 25 22 24 28 33 40 45 45 42 43 46 50 50 49 50 49 46 43 41 29 18 28 34 31 29 30 33 33 32 33 32 35 41 39
34 31 30 35 37 36 26 21 29 31 29 32 34 36 36 34 32 27 24 28 30 28 27 28 30 28 30 33 33 33 33 33 32 33 32 28 22 22 30 28 25 27 24 22 29 33 34 32 26 27 26 20 24 33 33 34 37 34 33 32 26 26 29 26 29 35 40 43 42 41 40 43 45 46 45 46 46 42 40 38 35 24 19 32 36 30 28 29 32 32 35 41 39 33 34 35
37 33 31 34 36 34 27 26 34 35 35 38 38 37 36 34 32 28 28 32 34 33 33 36 37 35 36 38 37 37 36 36 36 35 34 31 29 32 36 31 29 32 32 28 36 43 39 37 33 31 31 30 39 43 35 36 41 38 33 33 28 30 37 38 42 44 45 43 40 40 41 42 43 43 42 41 37 32 33 36 34 24 20 34 35 29 29 30 32 35 40 44 38 28 30 34
29 29 28 26 31 34 31 29 32 35 37 39 39 38 38 38 36 32 30 32 35 35 36 37 39 38 37 39 39 39 37 37 37 35 34 32 31 31 32 31 32 37 38 30 33 40 36 36 37 32 31 32 40 42 33 33 42 41 32 32 30 31 38 40 41 39 39 40 39 41 42 42 44 45 43 40 37 36 42 47 40 25 19 30 34 32 34 33 32 34 36 35 29 27 32 37
23 31 35 33 37 41 37 35 35 37 40 41 42 41 39 38 36 32 32 34 36 35 35 36 38 39 39 39 40 40 39 38 38 36 35 34 33 32 31 32 32 37 38 34 37 42 37 32 31 31 29 32 39 39 36 30 39 44 37 32 29 31 31 31 36 35 37 39 37 40 41 38 39 40 40 44 47 49 50 44 35 27 26 36 39 39 41 36 32 33 38 37 32 33 36 40
22 32 38 37 39 39 34 33 34 35 37 38 38 37 36 36 34 33 33 34 34 34 35 36 37 37 36 37 37 37 37 37 36 36 35 34 34 34 34 36 36 37 38 35 39 41 36 32 32 32 30 35 39 38 38 32 33 44 43 33 27 33 33 35 41 38 39 40 37 42 42 36 35 36 38 41 38 33 33 35 37 41 44 41 36 40 46 44 41 40 47 46 38 39 40 42
22 29 34 32 32 31 28 28 31 34 35 36 35 33 34 34 33 33 34 35 35 35 36 37 37 37 37 37 38 38 38 38 38 38 38 38 38 38 40 40 40 39 39 37 38 37 35 35 38 37 36 39 39 39 41 36 32 39 45 41 37 44 44 45 49 45 44 42 39 44 45 40 43 46 45 43 36 33 38 43 41 37 34 25 21 32 42 44 43 38 44 41 35 36 40 42
18 26 32 30 32 31 29 29 31 32 33 34 35 34 34 35 34 33 34 35 35 35 36 37 37 36 36 37 38 39 39 40 40 39 38 38 37 35 36 36 36 36 37 38 38 38 37 36 39 39 40 41 40 41 42 38 36 41 51 53 53 57 53 49 52 52 53 49 47 52 49 45 49 53 58 60 55 50 46 35 26 28 30 25 19 26 32 34 35 33 37 35 32 36 40 40
15 24 33 32 34 35 33 32 33 33 34 36 36 37 37 36 34 33 33 35 35 35 35 36 36 36 36 38 42 44 42 40 39 35 33 34 33 33 34 35 34 34 36 39 41 43 42 40 40 41 42 43 43 43 40 39 44 49 54 52 46 48 54 61 61 59 57 53 49 52 47 39 39 40 47 51 44 34 28 27 26 34 39 34 26 24 27 30 36 38 38 36 34 39 42 40
14 22 33 34 34 35 36 36 36 35 36 36 36 36 36 35 34 34 35 35 36 35 34 35 36 36 35 36 38 39 37 34 32 31 32 34 36 36 37 38 37 38 40 41 42 43 43 41 40 41 42 42 42 42 39 37 39 38 36 32 31 36 42 45 45 45 41 34 29 38 40 33 33 34 39 38 30 26 28 35 36 39 40 34 28 26 29 34 43 47 39 37 38 41 44 42
16 24 36 38 38 38 37 37 36 36 36 37 36 35 35 34 34 35 35 36 37 37 35 36 38 37 34 31 31 32 31 30 32 35 37 39 39 39 40 41 39 39 41 41 40 42 43 43 45 45 41 40 39 41 37 32 30 28 27 28 28 30 34 32 28 27 29 30 26 36 43 35 28 33 42 43 36 33 37 39 36 37 36 30 29 30 33 35 44 49 38 34 38 40 44 45
23 29 37 40 39 38 37 35 35 35 36 37 36 33 33 33 33 35 35 35 36 36 34 35 37 36 34 31 31 35 36 37 39 40 40 38 38 37 38 38 35 36 39 39 39 41 43 45 47 47 46 47 45 42 34 28 30 32 35 38 36 32 34 35 32 29 34 39 36 39 47 40 29 31 45 47 41 33 35 38 35 37 36 31 30 32 35 34 44 49 40 31 37 43 46 48
34 34 36 38 37 36 36 35 34 34 34 34 34 32 30 32 33 34 34 34 34 35 35 37 39 37 36 36 37 42 43 41 39 41 41 40 41 37 36 36 34 35 38 38 37 38 38 36 35 34 34 37 38 36 29 24 30 35 39 39 34 32 37 43 44 41 43 45 39 40 45 43 35 31 44 49 43 34 34 37 36 37 37 32 30 32 37 37 42 46 41 31 34 42 40 45
39 36 34 35 34 34 34 34 32 32 32 32 33 32 30 31 34 34 33 33 34 38 39 40 43 42 42 40 39 40 40 36 35 39 39 36 36 32 33 35 32 32 34 32 30 29 27 26 26 27 26 26 29 31 28 25 29 35 37 35 30 32 38 46 49 46 47 48 45 46 46 45 44 39 47 52 47 39 36 37 38 38 36 33 29 31 36 36 36 40 40 32 32 38 37 43
42 39 34 33 33 33 34 34 32 32 33 34 35 34 32 32 33 33 33 33 35 37 36 35 37 39 41 39 37 37 36 31 29 31 27 25 27 25 26 26 23 25 27 25 24 24 24 26 28 32 33 34 37 39 35 29 29 34 38 36 35 44 51 54 53 48 49 49 49 53 52 53 51 46 49 53 50 45 42 40 40 39 37 34 30 29 34 35 34 38 41 36 35 41 41 43
48 43 36 35 34 34 34 35 33 33 35 36 36 34 31 31 32 33 33 33 33 34 33 31 31 31 33 31 28 29 27 21 19 23 22 24 27 25 25 23 22 25 27 24 27 29 31 35 38 41 41 39 41 43 37 29 27 33 39 39 38 45 50 52 49 45 47 46 48 51 49 53 51 47 47 48 48 46 44 41 41 40 38 36 33 32 36 40 39 42 44 42 40 39 36 35
43 38 33 32 32 31 32 34 33 33 35 36 35 32 31 31 32 34 34 33 32 33 34 30 26 25 26 24 21 21 21 19 21 27 28 30 32 27 28 30 28 32 32 31 36 40 41 42 40 41 40 36 37 39 36 31 28 34 41 40 38 40 42 44 43 43 47 46 46 46 44 48 49 48 46 43 45 45 44 42 41 41 39 38 36 36 39 43 42 43 44 41 37 34 32 34
36 34 29 27 28 28 29 32 32 32 34 36 34 30 30 32 34 35 35 35 34 33 30 26 23 24 26 27 27 28 29 31 36 39 37 35 37 34 36 38 37 39 40 39 40 41 42 41 38 38 38 34 36 39 37 34 30 34 39 36 36 39 42 42 42 43 46 46 46 47 45 49 50 49 48 45 45 44 44 43 41 41 40 39 38 38 39 41 38 37 38 36 37 36 36 39
34 33 32 31 31 31 30 32 32 31 32 35 33 28 29 32 34 34 34 34 30 28 26 25 26 29 32 36 37 38 38 39 39 36 35 37 40 39 37 38 39 39 40 40 37 38 39 38 36 36 38 35 35 38 36 34 32 31 34 34 36 41 43 42 44 45 44 47 48 48 46 47 50 49 47 46 45 44 43 42 41 40 40 39 39 39 39 39 38 37 38 38 40 39 38 41
37 37 37 38 38 36 33 33 32 31 32 36 35 28 29 32 33 32 30 28 27 29 29 29 31 34 34 35 36 37 36 36 36 35 36 38 39 37 33 33 37 37 36 37 36 37 38 38 36 35 36 36 35 38 38 35 35 32 33 36 39 44 44 42 46 48 45 47 49 49 48 48 50 49 47 46 46 44 43 42 41 40 40 40 40 40 40 40 40 40 43 44 44 43 41 43
42 41 39 38 37 35 33 32 32 32 33 36 35 28 28 30 31 29 27 28 31 35 33 31 33 35 36 37 37 37 37 39 40 38 36 37 37 34 31 32 38 39 38 37 36 37 37 37 36 34 34 34 35 39 38 35 36 36 34 36 42 48 46 43 46 49 47 47 50 49 50 49 50 49 47 45 45 44 43 42 41 41 40 40 40 40 41 41 41 41 44 46 46 46 45 45
43 39 34 32 32 33 32 33 32 31 31 34 33 28 29 31 30 29 29 31 32 35 35 30 32 35 36 37 35 35 35 37 38 37 34 36 37 35 34 33 37 39 36 34 35 36 36 35 37 36 34 34 36 37 35 34 36 38 35 35 41 45 44 42 45 47 46 46 51 51 51 50 49 48 46 45 44 43 42 42 41 41 41 41 41 41 41 41 41 42 43 44 45 45 45 45
41 38 34 34 36 36 34 34 32 30 30 34 33 27 28 31 30 31 30 31 32 34 36 33 33 35 35 34 33 34 36 38 39 38 34 35 38 37 35 32 34 37 34 32 34 36 34 33 36 35 32 33 36 37 35 35 36 39 35 34 38 43 43 41 46 49 49 50 53 55 54 52 50 49 47 45 44 43 42 42 42 41 41 41 41 41 41 41 42 42 44 44 44 44 43 43
43 42 39 38 42 40 38 37 34 31 30 34 34 27 26 32 32 29 29 33 35 34 36 35 31 32 33 33 33 35 37 39 41 39 36 36 37 36 34 31 33 36 34 32 34 36 34 32 34 34 32 32 36 37 36 34 36 39 36 36 39 44 45 43 48 51 53 54 56 57 57 55 53 51 48 46 44 44 43 42 42 41 41 42 42 42 42 42 42 43 44 44 43 42 41 40
40 40 38 37 40 38 36 36 34 32 31 35 34 30 28 34 35 29 28 33 35 32 34 34 31 32 35 36 35 36 36 36 38 39 37 36 36 34 32 31 33 35 34 30 34 37 33 31 35 35 31 32 36 37 35 32 34 38 38 37 39 44 46 46 48 50 52 54 56 58 59 59 57 53 48 45 44 43 43 43 43 42 42 42 42 42 42 43 42 42 43 44 43 41 40 38
35 36 33 30 33 34 33 34 35 35 34 34 31 28 27 29 34 28 27 34 36 32 32 34 33 33 36 37 36 37 37 37 37 37 35 32 31 31 29 30 33 34 33 30 33 36 33 30 32 33 31 31 35 36 34 33 34 37 38 37 39 43 46 46 47 49 51 53 55 58 61 63 60 54 48 45 44 44 44 44 44 43 43 44 43 42 42 43 43 42 42 43 43 42 41 38
34 32 26 24 28 31 33 36 37 37 34 32 27 22 21 25 31 28 27 32 35 32 31 34 34 33 34 34 35 35 38 38 37 38 36 33 31 33 30 30 34 34 33 31 32 36 35 31 30 32 31 30 34 35 34 33 33 37 38 38 40 42 44 45 46 48 49 50 53 57 61 64 62 55 48 45 45 46 47 46 45 44 45 44 42 41 41 42 43 44 44 45 46 44 43 40
24 25 23 23 28 31 33 34 30 28 27 26 24 18 18 27 34 31 29 30 33 33 31 34 33 33 33 32 32 31 33 35 35 36 36 33 32 32 31 30 33 35 33 31 32 35 36 33 30 30 29 29 32 33 33 34 34 37 39 39 40 42 44 45 47 48 49 50 51 54 58 62 65 57 49 48 48 48 49 48 46 43 43 43 42 38 38 41 40 39 39 40 40 36 34 31
13 23 29 30 36 36 34 30 26 26 25 23 24 22 21 26 33 33 32 33 36 36 34 34 33 33 33 32 32 32 33 35 32 32 33 32 32 33 32 29 31 34 32 30 31 33 34 32 30 29 28 29 32 33 34 36 36 38 39 39 40 42 44 46 48 48 48 48 48 51 53 59 90 67 53 52 50 48 47 47 49 47 44 45 42 34 33 34 32 30 30 32 30 27 26 26
13 26 36 35 36 34 33 31 30 33 33 30 31 29 25 24 28 33 35 37 40 40 36 33 32 31 32 32 32 31 32 33 31 31 33 32 32 33 31 29 29 32 32 30 30 32 33 31 29 28 27 28 32 35 35 36 37 37 38 39 40 42 43 44 46 46 46 46 44 45 46 51 69 65 56 55 51 46 45 45 47 45 38 38 37 30 27 30 31 30 30 33 32 30 31 31
20 27 32 28 24 27 34 34 34 40 41 35 32 32 29 27 28 31 33 33 35 35 34 30 29 28 29 31 29 29 31 33 32 32 35 33 32 32 31 30 29 31 33 31 29 31 32 31 30 30 29 29 32 34 35 35 36 36 37 38 40 41 42 43 46 47 45 44 40 40 41 42 54 63 58 53 51 46 42 40 39 35 33 34 36 32 30 35 39 37 36 38 37 34 34 34
18 21 26 25 23 30 37 34 29 35 36 31 30 33 32 28 27 29 31 32 33 33 32 30 29 30 30 30 31 31 32 35 33 33 36 36 34 32 30 31 31 30 32 33 29 32 34 34 34 33 32 30 30 31 33 33 35 36 37 38 40 42 44 44 47 51 51 47 42 41 43 43 51 59 53 47 46 42 38 37 39 39 39 38 39 38 34 36 36 34 34 36 36 35 33 34
12 18 27 29 30 36 40 36 29 32 36 34 33 32 31 29 26 28 32 35 37 36 33 31 30 30 29 29 31 30 31 34 33 31 34 35 34 31 29 30 32 30 29 33 32 34 37 37 36 35 34 32 29 26 30 32 34 37 37 37 38 39 43 43 42 45 46 42 40 39 42 42 45 51 46 41 42 40 38 39 40 40 40 38 37 35 32 31 31 30 33 35 36 36 34 34
11 18 28 30 30 34 39 38 34 37 38 36 36 33 31 29 26 28 31 34 33 31 29 29 28 28 27 27 30 31 32 35 34 31 31 34 35 32 31 31 33 34 31 34 36 36 38 38 37 36 35 34 31 29 30 30 31 33 32 29 30 31 33 32 27 29 31 31 33 33 36 39 41 46 46 42 40 40 39 40 38 38 39 36 34 32 30 31 32 33 35 36 36 36 33 31
19 21 28 30 29 32 38 39 35 37 35 33 36 34 31 30 27 27 29 29 30 30 29 31 31 31 29 28 32 32 34 36 35 31 30 34 35 34 33 31 32 35 32 33 36 37 37 38 38 38 37 36 34 32 30 29 26 27 27 23 22 21 21 21 20 23 29 32 32 33 40 45 47 48 46 40 35 35 37 40 39 38 38 36 34 33 33 33 33 34 35 35 36 36 33 31
25 25 28 29 29 32 39 39 33 35 34 32 34 33 31 30 29 27 28 29 32 35 33 31 32 32 31 30 32 31 31 34 33 31 31 34 35 34 33 31 30 34 33 33 36 37 38 39 39 39 39 37 34 32 30 27 23 21 20 16 14 13 15 20 24 29 34 34 32 34 39 43 46 44 40 35 30 28 33 39 39 36 36 36 35 34 35 34 33 33 35 35 36 36 33 32
27 27 28 28 28 29 36 39 35 35 36 34 34 34 31 29 28 28 30 34 35 36 32 27 29 29 29 29 30 30 29 33 33 32 33 34 33 32 32 33 32 33 35 34 36 37 39 40 41 41 40 39 35 32 29 23 17 13 11 8 8 11 18 26 30 31 32 31 28 30 34 37 39 38 36 35 33 24 25 34 34 34 33 34 34 33 33 34 34 34 34 35 35 35 34 33
28 28 29 29 27 26 33 39 38 36 35 34 32 31 29 28 29 29 33 37 35 33 30 26 30 31 31 31 31 30 30 34 33 31 32 31 29 31 32 33 33 32 34 35 36 38 39 41 42 43 42 41 37 31 29 24 15 10 9 7 9 14 20 27 28 27 29 29 27 26 30 33 35 37 37 37 36 29 25 27 27 28 30 31 32 32 32 33 33 34 35 35 35 35 34 34
29 29 29 29 28 27 30 35 36 34 31 29 29 28 27 29 30 30 31 34 31 29 29 29 32 32 30 32 32 28 29 33 31 29 31 31 29 31 32 32 34 33 34 35 36 38 40 42 43 45 46 46 42 34 30 25 19 13 13 11 8 11 16 25 29 27 28 26 23 22 23 24 27 31 33 35 34 29 24 22 22 23 26 28 29 31 31 32 33 33 35 35 35 35 34 34
30 30 30 30 29 28 27 30 32 32 31 29 29 29 28 29 30 30 28 30 30 30 29 28 30 30 26 29 31 27 26 30 31 30 32 32 30 31 32 33 34 34 34 35 36 38 40 42 44 46 48 50 49 42 33 28 23 18 16 14 11 12 14 21 29 28 25 24 21 19 19 360 12 23 25 27 29 27 24 21 20 21 24 26 28 30 30 31 32 32 33 33 32 34 33 34
30 30 30 30 30 30 28 29 31 34 35 33 33 32 30 29 29 27 25 27 32 32 29 25 28 30 26 29 32 30 28 30 31 30 31 31 30 31 32 33 33 33 33 34 35 37 39 41 44 48 50 52 55 52 41 33 26 22 20 20 19 17 13 16 24 25 22 21 21 21 23 21 20 20 21 24 27 27 26 25 23 23 25 26 28 30 31 30 30 30 32 32 32 33 33 33
30 30 31 31 31 30 30 30 32 35 38 37 34 32 30 28 27 26 25 28 31 31 29 25 29 31 28 30 31 30 29 29 30 30 31 31 31 31 31 31 31 31 32 33 34 36 37 40 42 47 53 59 64 59 41 29 25 23 25 26 25 21 16 14 16 18 18 19 22 24 25 27 25 21 22 24 26 26 29 35 27 26 27 28 29 30 30 30 29 30 32 33 33 34 34 34
31 31 31 31 31 31 31 31 32 34 37 37 34 31 29 27 27 28 28 30 31 31 30 27 29 31 29 29 30 29 28 29 30 30 32 31 30 30 29 29 29 29 30 31 32 33 34 36 38 42 50 61 76 77 47 30 28 27 28 28 27 22 17 12 11 13 14 17 21 24 25 27 27 24 24 25 24 24 26 29 29 29 28 29 29 29 30 30 30 31 33 33 33 34 34 34
31 31 31 31 31 31 31 32 32 33 34 35 34 32 30 28 29 31 31 32 32 33 32 30 30 31 30 30 31 31 30 31 31 31 30 30 29 28 28 27 27 27 27 28 29 30 31 32 33 39 49 61 91 123 62 36 32 31 29 28 25 21 16 12 9 10 13 16 20 24 26 27 27 26 25 24 24 24 25 29 31 31 29 29 28 29 31 31 31 32 33 33 34 33 34 35
31 31 31 31 31 31 31 32 32 32 32 33 32 32 30 30 30 31 32 32 32 32 32 32 32 32 31 31 31 31 30 30 30 30 29 28 27 27 26 26 25 25 25 26 26 27 27 28 32 39 48 61 109 146 73 45 37 33 29 26 23 20 16 13 11 11 13 16 20 23 25 27 27 26 25 24 24 24 26 28 30 31 29 30 31 31 33 33 33 33 33 33 34 35 35 35
31 31 31 31 31 31 31 31 32 32 32 32 31 31 31 31 30 31 31 31 31 31 31 31 31 32 31 30 30 30 29 29 29 28 27 27 26 25 24 24 23 23 23 23 23 23 23 25 29 35 45 67 107 111 78 54 41 33 28 25 23 20 17 15 13 13 15 17 20 22 25 26 26 26 25 25 25 25 26 28 30 31 31 32 33 33 33 33 33 33 33 33 34 34 35 34
31 31 31 31 31 31 31 31 31 31 31 31 31 31 31 31 31 31 31 31 31 31 31 30 30 31 30 30 30 29 29 28 28 27 27 26 25 24 23 22 21 21 20 20 19 19 19 20 22 27 43 85 124 117 84 56 41 33 29 26 23 21 19 17 16 15 16 18 20 22 23 25 26 26 25 25 26 27 28 29 31 32 33 33 33 33 33 33 33 33 33 33 33 33 33 32
31 31 31 31 31 31 31 31 31 31 31 31 31 31 31 31 30 30 30 30 30 30 30 30 30 30 30 29 29 29 28 28 27 27 26 25 24 23 22 21 19 18 17 16 15 14 14 13 12 15 32 93 142 123 69 47 37 32 29 26 24 22 20 19 18 17 18 19 20 22 23 24 25 26 26 26 27 28 30 31 32 33 33 33 33 32 32 32 32 32 32 32 32 32 32 30
31 31 31 31 31 31 31 31 31 31 31 31 31 31 31 30 30 30 30 30 30 30 30 30 29 29 29 29 28 28 27 27 26 26 25 24 23 22 21 19 17 15 13 12 11 10 7 4 0 357 355 225 213 35 33 34 32 30 29 27 25 24 22 21 20 19 18 19 20 21 23 24 25 26 27 28 29 31 32 32 32 32 31 30 31 31 32 33 33 33 32 32 32 31 31 31
31 31 31 31 31 31 31 31 31 31 31 31 31 31 30 30 30 30 30 30 30 30 30 29 29 29 29 29 28 28 27 26 26 25 25 24 23 22 20 18 15 13 10 8 6 5 1 356 349 338 315 233 229 14 23 28 29 29 28 28 26 24 22 21 20 19 17 17 20 21 23 25 26 28 29 29 29 30 29 27 27 28 28 28 30 31 32 32 32 31 30 30 31 31 31 31
31 31 31 31 31 31 31 31 31 31 31 31 31 30 30 30 30 30 30 30 29 29 29 29 29 29 28 28 28 27 27 26 26 26 25 24 23 21 20 17 15 12 9 2 360 0 356 351 343 330 309 257 47 33 28 29 29 29 28 26 23 20 19 18 18 18 18 18 21 23 24 26 27 27 27 25 23 23 23 23 24 26 28 28 29 29 28 28 27 26 27 28 29 31 31 31
31 31 31 31 31 31 31 31 31 31 31 31 30 30 30 30 30 30 30 30 29 29 29 29 29 28 28 28 28 27 27 27 26 25 25 24 23 21 19 17 15 13 11 6 2 359 355 350 345 338 344 48 51 40 33 31 30 28 25 22 21 20 18 19 20 22 22 22 24 25 25 25 26 24 22 21 21 22 25 25 26 27 28 28 26 25 26 27 27 28 29 30 31 32 33 32
31 31 31 31 31 31 31 31 31 31 31 31 30 30 30 30 30 30 30 29 29 29 29 29 29 28 28 28 28 27 27 27 26 25 25 24 23 21 20 18 17 16 14 11 7 2 358 355 353 357 16 41 46 41 35 32 30 27 24 22 23 23 23 24 25 26 27 25 25 25 24 23 23 22 22 23 25 27 28 29 29 29 29 29 27 27 29 32 33 33 33 33 33 35 35 34
31 31 31 31 31 31 31 31 31 31 31 30 30 30 30 30 30 30 30 29 29 29 29 29 28 28 28 28 28 28 27 27 26 25 25 24 23 22 21 20 19 17 16 14 10 6 3 2 4 10 24 37 42 41 37 34 31 28 27 26 27 27 27 26 27 27 27 26 25 24 24 23 24 25 26 28 29 30 30 30 31 31 32 33 33 32 33 34 35 35 36 37 37 37 36 34
