windninja/all_results/maria_elevation_tif_point_11-01-2019_0100_500m_ang.asc
ncols	128
nrows	92
xllcorner	280654.681342
yllcorner	3772085.885776
cellsize	500.000000
NODATA_value	-32768.000000
[rows 0 to 51 of 92, columns 0 to 95 of 128]
58 54 52 55 58 60 53 43 47 49 48 51 54 58 62 63 64 56 44 44 46 46 45 47 48 46 48 51 53 52 52 51 51 51 49 45 35 32 42 41 37 42 42 37 39 44 48 51 42 39 35 28 34 44 48 51 55 57 56 51 41 39 38 34 37 40 46 56 63 65 62 61 65 70 73 74 75 74 71 68 67 48 26 38 48 46 44 43 47 46 44 45 43 44 51 54
58 54 52 55 58 60 53 43 47 49 48 51 54 58 62 63 64 56 44 44 46 46 45 47 48 46 48 51 53 52 52 51 51 51 49 45 35 32 42 41 37 42 42 37 39 44 48 51 42 39 35 28 34 44 48 51 55 57 56 51 41 39 38 34 37 40 46 56 63 65 62 61 65 70 73 74 75 74 71 68 67 48 26 38 48 46 44 43 47 46 44 45 43 44 51 54
64 63 62 60 60 60 54 51 56 55 53 56 58 59 58 57 58 52 49 53 54 52 51 52 54 54 55 56 56 56 56 56 56 56 54 49 44 46 52 45 42 47 47 44 49 55 56 53 43 43 43 40 47 54 53 52 56 56 54 51 43 42 43 41 43 47 53 58 58 58 58 60 63 65 66 68 68 65 63 61 57 38 27 45 51 46 42 42 44 44 45 52 51 45 49 52
63 62 62 62 59 57 53 54 61 60 59 61 60 57 55 54 54 51 53 59 60 59 58 60 61 61 61 61 58 58 58 58 58 57 57 55 55 60 59 52 53 58 56 49 56 64 62 56 49 49 54 55 63 67 58 53 57 56 51 50 45 45 52 53 55 57 59 59 56 54 56 59 61 61 60 61 59 54 53 54 49 33 32 52 52 44 43 44 44 44 49 56 54 48 51 52
56 54 53 55 58 59 54 53 57 58 61 63 60 59 58 58 57 54 54 57 60 60 60 62 63 62 61 61 61 60 59 59 58 57 57 56 57 57 56 57 60 63 60 52 55 61 56 52 54 56 57 54 64 66 58 55 58 56 49 49 44 45 53 53 55 57 56 55 52 53 57 58 60 63 63 61 58 55 59 60 53 40 40 52 51 44 47 47 43 43 48 50 47 47 51 54
55 56 56 57 62 65 61 59 59 59 61 62 62 61 60 59 57 54 55 59 60 59 60 62 63 62 61 61 61 62 61 60 60 59 58 58 59 59 58 59 59 61 60 58 64 65 54 49 52 56 52 56 64 60 57 57 59 57 52 49 43 46 47 45 53 55 54 52 48 52 56 55 56 58 60 63 64 62 62 59 50 45 53 61 55 51 53 48 43 45 54 56 52 51 50 55
56 58 58 56 59 63 61 59 58 58 59 58 59 59 58 58 57 55 56 58 58 58 59 61 61 59 58 59 59 59 59 59 59 59 59 59 60 60 62 64 62 62 60 58 65 65 58 55 57 55 52 61 63 57 56 54 56 59 55 48 43 49 49 52 60 56 54 53 49 55 57 53 52 53 52 54 52 48 49 49 51 57 67 67 55 54 58 55 53 56 65 66 58 55 55 57
54 56 55 52 53 54 53 53 55 57 58 57 57 55 56 56 55 55 57 59 59 59 59 60 60 59 59 59 60 60 60 61 61 61 61 62 62 63 66 67 67 66 64 63 63 61 60 61 63 60 60 64 61 59 59 53 50 57 58 53 51 60 60 65 67 60 58 55 53 59 60 58 60 60 57 54 49 47 51 54 52 52 54 49 40 47 53 54 57 58 65 61 52 53 58 59
51 53 55 54 55 53 49 50 53 55 57 58 57 55 56 56 55 55 56 58 59 59 60 60 59 58 57 58 59 60 60 61 63 62 61 62 62 61 61 62 64 65 66 66 64 63 62 62 62 64 67 65 61 62 62 55 52 56 62 61 61 71 74 70 67 65 66 63 62 67 65 60 62 64 69 71 65 60 56 51 44 45 46 40 33 39 44 47 51 54 60 54 46 51 58 58
50 52 56 57 59 56 52 51 53 55 57 59 59 58 58 57 55 56 56 57 58 59 59 59 59 57 57 58 60 63 63 62 63 61 59 60 60 60 60 60 60 62 64 66 66 67 67 65 64 66 68 67 65 65 60 55 56 59 63 61 57 64 74 76 72 71 70 68 67 69 65 53 50 50 58 64 58 49 44 44 44 51 53 46 37 38 43 46 52 57 58 52 48 55 59 58
49 52 57 58 57 55 54 55 56 57 58 59 58 58 58 57 56 57 57 58 59 59 58 58 58 57 56 55 57 59 60 59 59 56 57 60 60 61 63 64 63 63 64 65 66 67 68 67 68 67 65 65 66 65 59 51 51 51 50 47 46 49 54 60 62 61 59 55 51 56 56 49 45 44 50 51 45 42 45 50 49 53 54 47 41 41 47 51 59 64 56 50 52 58 60 58
52 55 61 61 58 56 56 57 57 57 57 58 59 58 58 57 56 57 58 59 60 60 59 58 59 58 56 54 54 55 54 55 56 57 60 62 63 63 64 66 65 64 65 66 65 66 67 69 72 72 67 64 63 63 57 49 48 47 46 46 44 42 46 46 45 45 46 48 45 50 54 48 43 46 53 54 50 47 50 51 49 50 49 44 42 45 50 52 61 64 53 49 54 57 60 59
56 58 63 62 58 57 57 57 57 57 56 58 59 58 57 55 55 56 58 58 59 59 56 56 59 58 57 58 59 60 59 58 57 59 62 62 62 61 62 64 61 60 63 64 63 65 66 67 71 74 75 72 67 63 56 51 53 56 57 57 53 49 51 51 49 47 50 53 47 50 57 51 42 45 57 58 52 44 47 50 48 50 49 44 43 47 51 53 61 63 55 50 53 57 59 61
61 62 63 60 58 57 58 58 57 56 55 56 57 56 55 54 55 56 57 58 57 57 56 58 61 59 60 62 64 67 65 60 57 60 63 63 65 63 63 63 58 60 64 63 61 62 62 61 61 62 64 65 63 61 55 50 53 57 60 60 56 55 57 59 59 56 57 56 49 50 56 53 47 46 57 60 52 43 45 49 48 50 50 45 43 46 53 56 60 61 56 49 51 56 53 58
63 62 61 59 57 56 57 57 56 56 56 56 57 55 52 53 55 57 58 57 55 56 58 61 64 64 65 64 64 65 64 58 55 60 61 59 61 61 61 61 57 58 61 58 57 57 56 55 54 53 51 50 53 55 53 49 52 55 59 60 55 55 57 61 62 58 59 59 56 57 56 54 53 53 61 63 55 48 47 48 49 50 49 46 43 45 51 54 54 56 55 47 48 54 51 56
65 63 60 59 58 57 57 57 55 56 57 58 59 56 53 53 56 58 58 56 53 55 56 55 58 60 64 65 63 62 62 57 54 57 54 51 53 52 51 51 49 51 54 52 53 55 55 56 56 56 56 56 58 60 57 52 52 57 61 61 57 62 67 69 65 58 59 59 60 63 61 60 59 56 62 64 59 55 52 51 52 51 49 48 45 45 50 53 52 54 54 48 50 56 56 57
68 65 62 61 61 60 59 59 57 57 58 60 60 56 53 54 56 57 56 53 52 54 54 52 52 52 55 57 56 57 55 50 50 54 50 51 55 50 50 49 46 52 56 54 57 59 60 62 62 63 62 60 61 63 60 55 53 58 63 59 54 61 67 69 63 55 56 55 57 59 57 61 60 57 58 60 59 56 54 53 52 52 51 50 49 50 55 57 55 56 57 53 53 55 54 52
63 60 56 58 59 58 58 58 57 57 58 60 59 55 54 56 58 58 55 52 54 57 57 55 53 51 51 49 46 48 48 46 51 57 56 59 60 55 56 56 54 60 61 60 64 65 65 66 63 63 63 59 59 61 60 58 57 62 63 57 55 59 62 62 58 54 56 53 53 54 52 57 59 58 56 54 56 56 55 54 53 53 52 51 52 53 57 59 56 56 57 54 53 52 50 51
59 56 52 51 53 53 54 56 56 55 57 60 59 55 55 57 58 57 55 56 58 59 58 56 54 55 57 55 54 55 55 56 61 64 65 67 66 63 63 62 63 68 66 65 65 64 65 65 64 63 63 60 61 62 60 60 60 62 61 56 56 61 63 59 56 56 56 53 52 53 53 57 60 60 58 55 55 55 55 54 53 53 53 53 53 54 56 57 54 52 53 52 54 54 52 55
60 58 55 53 53 53 53 56 56 54 56 58 58 54 55 57 57 55 55 57 58 58 58 56 56 59 62 63 64 63 61 61 64 64 64 66 67 66 64 64 67 68 67 66 64 63 63 64 64 64 65 62 63 63 61 59 59 60 59 57 58 63 64 59 59 59 56 54 53 53 54 57 60 59 57 56 56 55 54 54 53 53 53 53 53 54 55 56 55 54 56 55 56 55 54 56
62 62 61 60 59 58 56 56 56 55 56 59 59 53 54 55 55 54 55 55 57 60 61 59 60 62 61 61 60 60 59 62 65 65 63 63 64 64 62 63 66 65 65 64 63 64 64 64 63 64 65 64 64 66 65 61 61 61 61 62 63 66 63 59 62 63 58 56 54 54 55 58 60 58 56 56 56 55 54 54 53 53 53 54 54 54 55 56 56 58 60 60 59 57 56 58
64 63 61 61 60 59 57 57 57 56 57 60 59 53 52 53 54 55 56 58 60 62 62 60 61 63 63 63 60 59 61 66 68 67 64 64 63 62 61 63 65 67 67 65 64 65 66 65 64 64 63 63 64 68 67 63 63 63 62 63 66 69 65 61 63 64 61 59 57 51 56 58 59 58 56 55 55 55 54 54 53 53 54 54 54 55 55 56 56 58 60 61 61 60 60 60
63 61 57 56 57 57 56 57 57 56 56 59 59 52 51 54 56 58 58 59 60 61 61 58 60 61 62 62 60 59 60 63 66 65 64 65 65 63 62 62 65 68 66 65 64 66 67 66 66 67 66 64 66 68 66 63 63 65 63 62 65 67 66 63 63 63 60 59 59 54 56 56 56 56 55 55 54 54 53 54 54 54 54 54 55 55 55 56 56 57 58 59 59 59 60 59
62 60 57 56 59 59 58 59 59 57 57 59 58 50 49 55 59 60 58 59 60 60 60 58 60 61 61 59 58 60 62 64 65 65 64 66 67 64 63 62 64 67 64 63 65 68 67 65 67 68 65 65 69 69 67 64 64 66 64 63 65 66 65 64 66 65 63 61 61 59 58 56 56 56 55 54 54 54 53 54 54 54 54 54 55 55 55 55 56 57 58 58 58 58 58 58
64 63 59 58 62 63 63 63 62 61 59 60 58 50 49 57 60 59 57 59 62 61 60 59 58 59 60 58 58 60 63 65 66 66 65 67 67 65 64 63 66 67 64 62 66 70 69 67 69 68 65 67 70 70 67 65 66 67 65 65 67 68 66 64 67 67 65 65 63 62 60 58 57 56 54 54 54 54 54 54 54 54 54 55 55 55 55 55 56 56 58 59 58 57 56 55
59 59 57 56 60 60 61 63 64 63 63 63 59 53 53 59 62 60 55 58 61 59 60 59 57 58 59 60 61 62 62 62 63 64 65 66 66 67 65 64 66 67 65 62 66 69 69 71 72 70 69 69 71 70 68 66 66 67 66 66 67 69 67 66 66 66 66 65 65 64 63 61 59 57 54 53 53 54 54 54 55 55 54 55 55 55 55 56 56 55 56 58 58 57 56 53
55 55 52 51 54 55 57 60 62 63 64 66 61 54 53 58 61 56 53 59 62 59 59 60 57 56 57 60 61 64 65 65 64 63 63 63 63 64 63 63 66 67 66 64 67 69 69 70 72 72 72 72 72 71 69 68 67 66 65 65 66 68 67 66 65 66 65 65 65 66 66 65 62 57 54 53 54 54 55 55 56 55 56 56 56 55 54 55 56 56 56 57 58 57 57 54
55 55 50 44 47 49 53 58 59 61 63 65 62 56 53 55 58 52 51 58 61 60 59 59 57 55 57 58 59 62 65 66 66 66 65 64 64 65 62 63 66 67 67 66 68 70 70 72 73 74 73 74 75 73 70 68 67 67 66 65 66 66 66 66 66 65 65 64 64 66 68 67 63 58 55 54 55 57 58 58 57 56 57 57 56 54 53 54 55 57 58 58 59 58 59 56
50 52 49 45 48 49 50 52 51 52 54 55 56 57 57 60 59 53 53 56 58 58 57 58 56 56 58 58 58 56 59 63 64 67 67 64 64 64 63 62 66 67 67 67 69 70 71 73 75 76 75 76 78 76 72 68 67 67 66 65 65 66 66 66 66 65 65 64 64 65 67 68 67 61 57 57 58 59 60 59 58 56 55 56 56 51 51 53 53 53 53 54 55 51 49 48
46 52 52 51 57 57 54 51 47 48 49 47 50 50 54 59 59 57 58 59 61 60 57 57 57 57 60 60 60 58 59 60 61 64 65 63 62 63 63 63 65 66 66 67 68 70 72 72 75 78 79 79 80 78 73 69 67 67 66 65 65 66 66 66 67 66 64 63 62 63 64 67 81 69 61 61 60 58 58 58 61 61 57 58 57 50 46 47 46 44 43 46 46 42 40 41
48 53 55 55 59 60 61 58 53 54 55 54 53 52 51 53 55 58 59 62 64 63 60 57 57 57 59 60 60 60 60 62 61 61 62 61 61 62 63 64 65 65 66 67 67 71 72 72 73 75 79 83 83 79 74 69 67 66 65 65 65 65 65 65 66 65 63 61 58 59 60 61 70 69 64 64 62 58 55 55 58 58 53 52 51 45 44 46 47 44 44 48 48 46 46 47
48 51 54 52 51 53 60 62 57 59 61 58 56 55 52 52 54 56 57 57 58 60 59 58 57 57 58 58 58 59 61 65 63 60 61 60 60 62 62 63 66 66 66 67 68 71 72 72 72 73 77 82 84 81 74 69 66 65 65 65 65 65 66 66 66 66 63 60 55 55 55 52 59 68 66 63 60 57 53 51 51 48 46 49 49 46 47 52 54 52 52 54 52 50 50 49
44 47 52 53 51 55 60 58 53 58 58 53 52 56 54 53 53 54 56 56 56 57 58 58 59 60 60 59 59 60 63 66 65 62 61 61 63 63 62 62 65 66 67 68 69 71 71 70 71 73 75 78 83 83 74 67 65 64 64 65 65 67 68 67 67 68 68 64 58 56 56 54 57 66 63 57 55 52 50 51 51 50 50 51 52 51 49 51 52 51 52 53 51 50 48 48
41 46 55 56 55 61 64 59 53 59 60 54 53 53 54 53 52 53 56 58 60 61 59 57 58 61 62 60 60 61 63 64 62 61 61 61 62 63 61 61 64 65 67 68 67 70 70 69 70 71 72 76 86 99 76 67 64 65 65 64 65 65 67 67 64 65 65 62 56 53 55 55 57 62 56 51 51 49 48 51 52 51 51 49 49 49 47 46 47 47 50 52 51 51 48 48
45 49 55 53 52 59 64 62 58 62 62 56 56 55 53 53 51 52 54 57 59 59 57 56 55 58 58 57 61 63 63 64 62 60 61 62 63 62 61 63 65 66 67 68 67 67 68 68 67 68 69 73 82 88 77 69 64 63 64 62 61 60 60 61 57 55 53 50 48 47 51 53 56 59 55 52 51 50 49 50 49 49 51 49 47 46 45 46 48 49 51 51 51 51 48 45
51 53 57 55 53 55 59 61 60 62 59 56 58 57 55 53 50 50 53 56 57 57 56 57 59 60 58 57 63 64 63 65 64 62 62 64 64 61 62 64 65 66 65 66 67 66 66 66 65 65 67 71 77 81 77 71 65 62 62 60 59 58 57 56 52 51 51 49 46 48 56 60 61 60 57 51 46 45 47 49 49 50 51 49 48 47 47 48 49 50 51 51 51 51 49 47
53 54 57 57 56 55 59 61 58 59 58 56 58 58 55 54 51 51 55 58 58 59 59 58 60 60 59 59 63 62 61 63 62 61 63 66 64 61 62 64 65 66 64 64 66 65 64 64 63 64 66 70 74 76 75 71 66 64 63 58 57 58 59 59 55 54 53 49 44 48 55 60 61 59 55 49 42 37 42 49 50 50 50 50 50 49 49 49 48 49 50 51 51 51 49 49
53 54 56 57 56 54 58 60 57 58 58 59 61 59 55 52 52 53 57 60 60 60 60 56 57 56 56 60 62 61 60 63 62 61 64 66 65 64 64 64 66 67 65 64 65 65 63 62 61 62 64 67 69 70 71 70 66 64 61 56 56 59 62 62 58 52 48 43 39 42 49 54 56 56 54 50 45 30 32 45 47 47 48 49 49 48 48 49 49 49 50 50 51 51 50 50
54 54 55 56 56 56 58 59 57 58 59 59 60 59 54 52 53 54 57 60 61 62 61 55 58 57 58 60 62 61 60 64 62 61 63 64 64 65 65 66 66 66 67 66 65 65 63 61 59 59 60 62 64 65 68 69 67 65 62 59 61 63 62 61 54 46 42 38 36 38 45 51 54 56 54 52 48 37 33 38 40 42 45 47 47 47 47 48 49 49 50 51 51 51 50 51
54 55 55 56 56 57 58 58 55 54 55 56 55 54 51 52 54 54 55 58 60 62 60 54 57 60 60 60 62 60 59 62 61 61 63 64 64 65 67 68 69 68 68 68 68 66 63 60 57 56 55 57 59 61 64 64 64 62 58 56 55 58 60 59 50 39 35 31 31 32 37 42 47 50 50 49 45 38 32 32 34 37 42 44 44 46 46 47 48 48 50 51 51 51 50 51
55 55 55 56 56 57 58 58 56 54 54 54 54 52 50 51 53 54 55 57 59 59 56 53 56 59 57 58 59 57 58 61 60 61 64 64 64 66 69 71 72 73 73 73 73 70 66 59 54 49 46 49 53 57 61 61 59 54 50 46 43 47 51 49 40 31 27 27 28 29 32 17 34 42 42 42 40 36 32 31 32 35 39 41 43 45 46 46 47 47 49 49 48 49 49 49
55 55 55 56 56 57 58 60 60 59 58 56 55 53 51 51 52 54 54 57 59 57 55 52 56 59 56 59 60 57 58 61 61 61 63 63 64 67 71 73 76 79 82 83 83 79 72 61 50 42 35 34 40 45 53 59 57 49 43 39 35 35 326 11 30 27 25 27 29 32 36 38 40 38 38 39 39 37 36 36 36 37 39 41 43 45 46 46 46 46 48 48 47 49 49 49
55 55 55 56 56 57 58 60 62 63 61 58 55 53 52 51 53 55 55 57 57 55 54 52 58 59 55 58 59 58 57 59 61 61 62 62 64 68 72 78 83 89 96 101 103 103 97 81 51 28 13 9 19 28 36 46 48 44 40 36 35 39 40 36 32 29 28 29 33 37 41 45 44 39 39 40 40 38 40 44 39 39 40 42 43 45 46 46 45 46 48 48 48 49 49 50
55 55 55 56 56 57 57 59 60 62 62 59 56 54 53 53 55 57 57 59 57 57 55 52 57 58 55 56 57 57 56 57 58 60 61 61 64 69 75 84 94 106 118 129 138 146 154 164 196 328 336 342 356 14 28 37 39 37 36 39 45 55 58 50 40 35 33 33 36 40 42 46 45 42 41 41 39 38 38 40 41 41 42 42 43 44 45 45 46 47 48 48 49 49 49 50
55 55 55 56 56 56 57 57 58 59 60 59 57 55 55 56 58 58 58 59 59 60 58 55 57 57 56 57 58 57 57 58 57 57 58 59 62 68 79 92 110 127 142 155 166 175 184 196 216 256 290 313 331 340 2 15 22 26 32 41 51 59 59 53 45 41 39 39 41 43 45 46 46 43 42 41 39 38 38 40 43 43 42 42 43 44 46 46 47 48 49 49 49 49 49 50
55 55 55 55 56 56 56 57 57 58 58 58 57 56 56 57 58 58 58 58 59 59 59 59 58 58 57 57 58 57 56 56 55 54 54 54 58 65 80 101 125 144 159 170 179 188 196 205 217 232 250 280 320 327 337 347 1 16 30 42 51 57 57 53 48 45 43 43 43 45 46 46 46 44 42 41 40 39 39 40 42 43 42 44 45 46 47 47 48 48 49 50 50 50 50 50
55 55 55 55 56 56 56 56 57 57 57 57 57 57 57 57 57 57 57 57 58 58 58 58 58 58 56 56 56 55 54 53 52 49 46 44 42 47 70 109 140 158 170 178 186 195 203 211 219 225 232 258 325 338 338 341 354 13 29 40 48 52 54 52 50 48 46 45 45 46 46 46 46 44 42 41 41 40 40 41 42 43 44 45 47 48 48 48 48 48 49 49 50 50 50 49
55 55 55 55 55 56 56 56 56 56 56 56 56 56 56 57 57 57 57 57 57 57 57 57 57 57 56 56 55 54 52 50 47 42 32 16 357 341 332 172 170 175 179 184 192 201 210 218 224 226 228 243 329 344 344 347 358 15 28 38 45 50 52 51 50 49 47 46 46 46 45 45 45 44 43 42 42 42 42 43 44 45 45 46 47 48 48 48 48 48 48 48 48 49 49 48
55 55 55 55 55 56 56 56 56 56 56 56 56 56 56 56 56 56 56 57 57 57 57 56 56 56 55 55 54 52 50 46 40 27 360 328 307 295 287 272 240 206 190 190 198 208 218 227 232 235 236 241 305 343 350 356 7 18 28 37 44 48 50 50 50 49 48 47 47 46 45 45 45 44 43 42 43 43 44 45 46 46 47 47 48 47 47 47 48 48 48 48 48 48 48 47
54 55 55 55 55 55 55 56 56 56 56 56 56 56 56 56 56 56 56 56 56 56 56 56 55 55 55 54 53 51 47 42 30 1 319 296 285 280 276 272 264 244 211 201 207 218 228 237 243 249 250 229 244 344 359 7 15 23 30 37 43 47 49 50 51 50 48 47 47 46 45 45 45 45 44 44 45 46 47 46 46 46 45 45 45 45 46 48 49 49 48 48 48 48 48 48
54 55 55 55 55 55 55 55 56 56 56 56 56 56 56 56 56 56 56 56 56 56 56 56 55 55 54 53 52 49 45 37 16 327 293 280 274 270 267 266 263 256 237 221 221 230 241 249 256 261 262 230 222 356 12 18 22 28 33 38 42 45 46 47 48 48 46 44 45 44 44 45 45 45 45 45 45 45 44 42 42 43 43 43 44 44 46 47 48 47 46 46 47 48 49 49
54 54 55 55 55 55 55 55 55 55 55 56 56 56 56 56 56 56 55 55 55 55 55 55 55 54 54 53 51 49 44 32 357 300 277 269 264 261 259 258 257 252 242 231 231 242 254 262 266 269 269 263 276 13 24 27 29 32 35 38 40 41 41 42 43 44 43 43 44 44 44 45 45 45 44 42 40 39 39 38 39 41 42 43 43 43 43 43 43 42 42 43 45 47 48 48
