windninja/all_results/maria_elevation_tif_point_11-01-2019_0200_500m_vel.asc
ncols	128
nrows	92
xllcorner	280654.681342
yllcorner	3772085.885776
cellsize	500.000000
NODATA_value	-32768.000000
[rows 38 to 75 of 92, columns 0 to 83 of 128]
2.75 2.70 2.65 2.56 2.37 2.31 2.91 3.65 3.46 2.99 2.89 2.83 2.75 2.65 2.50 2.49 2.47 2.47 2.63 2.78 2.58 2.72 2.71 2.29 2.51 2.54 2.57 2.58 2.49 2.39 2.35 2.63 2.52 2.41 2.57 2.50 2.32 2.44 2.43 2.50 2.54 2.34 2.36 2.37 2.38 2.44 2.46 2.51 2.57 2.59 2.58 2.57 2.42 2.38 2.69 2.77 2.68 2.96 3.33 3.33 3.65 4.00 4.00 4.23 4.01 3.90 4.40 4.77 4.87 4.86 4.93 4.72 4.30 4.18 4.20 4.40 5.00 5.83 5.78 5.15 4.86 4.84 5.00 5.04
2.78 2.75 2.70 2.64 2.49 2.30 2.50 3.20 3.60 3.34 3.05 2.90 2.87 2.68 2.42 2.45 2.49 2.44 2.58 2.86 2.73 2.71 2.57 2.26 2.44 2.51 2.44 2.58 2.56 2.24 2.24 2.57 2.46 2.30 2.50 2.47 2.25 2.31 2.33 2.34 2.40 2.28 2.23 2.25 2.25 2.28 2.30 2.33 2.38 2.40 2.38 2.38 2.19 2.05 2.36 2.57 2.56 2.55 2.83 3.04 3.21 3.48 3.30 3.33 3.34 3.29 3.68 4.11 4.33 4.41 4.47 4.24 3.86 3.81 4.06 4.58 5.16 5.60 5.60 5.27 4.99 4.81 4.93 5.01
2.79 2.77 2.73 2.69 2.60 2.43 2.34 2.65 3.17 3.45 3.34 2.99 2.87 2.76 2.50 2.45 2.51 2.45 2.48 2.78 2.91 2.74 2.44 2.24 2.45 2.58 2.28 2.48 2.65 2.27 2.14 2.43 2.44 2.29 2.41 2.36 2.21 2.20 2.24 2.24 2.22 2.16 2.12 2.11 2.11 2.11 2.12 2.13 2.16 2.19 2.17 2.23 2.12 1.86 1.95 2.20 2.36 2.29 2.41 2.68 2.76 2.84 2.40 2.28 2.74 3.06 3.31 3.56 3.73 3.80 3.85 3.75 3.70 4.06 4.36 4.88 5.40 5.57 5.52 5.40 5.25 5.05 5.01 5.05
2.80 2.79 2.75 2.72 2.66 2.56 2.39 2.40 2.63 3.04 3.36 3.11 2.84 2.68 2.54 2.46 2.48 2.51 2.43 2.68 2.93 2.78 2.42 2.16 2.44 2.60 2.21 2.33 2.53 2.34 2.15 2.25 2.32 2.29 2.35 2.23 2.15 2.14 2.14 2.13 2.09 2.03 1.98 1.97 1.95 1.94 1.92 1.91 1.92 1.98 1.94 1.99 2.11 1.83 1.67 1.82 1.91 1.91 2.01 2.14 2.13 1.99 0.68 1.14 2.56 3.06 3.24 3.34 3.34 3.36 3.60 3.95 4.34 4.66 4.91 5.14 5.42 5.43 5.23 5.14 5.16 5.08 4.96 4.94
2.81 2.79 2.77 2.74 2.70 2.65 2.54 2.46 2.47 2.67 3.09 3.11 2.87 2.63 2.52 2.43 2.48 2.53 2.39 2.58 2.76 2.81 2.56 2.14 2.39 2.54 2.24 2.32 2.37 2.29 2.20 2.20 2.19 2.20 2.26 2.15 2.08 2.07 2.06 2.03 1.98 1.92 1.86 1.84 1.80 1.75 1.69 1.65 1.63 1.75 1.79 1.75 1.93 1.80 1.51 1.54 1.57 1.57 1.65 1.70 1.63 1.55 1.45 1.97 2.80 3.17 3.26 3.32 3.41 3.45 3.72 4.39 4.81 4.91 5.08 5.18 5.26 5.33 5.16 5.02 5.10 5.09 5.01 4.90
2.81 2.80 2.78 2.75 2.72 2.69 2.65 2.59 2.54 2.57 2.78 2.93 2.84 2.64 2.50 2.39 2.48 2.53 2.41 2.48 2.50 2.64 2.62 2.29 2.41 2.44 2.23 2.30 2.32 2.22 2.14 2.18 2.14 2.10 2.13 2.07 2.00 1.98 1.97 1.94 1.89 1.83 1.77 1.72 1.66 1.56 1.45 1.36 1.34 1.47 1.65 1.62 1.64 1.60 1.35 1.32 1.41 1.43 1.44 1.45 1.46 1.60 1.99 2.47 2.89 3.19 3.31 3.35 3.55 3.79 3.99 4.45 4.86 4.88 4.98 5.17 5.22 5.24 5.18 5.10 5.06 5.00 4.99 4.97
2.81 2.80 2.78 2.76 2.74 2.71 2.69 2.66 2.64 2.62 2.65 2.72 2.73 2.63 2.50 2.40 2.44 2.47 2.44 2.43 2.38 2.44 2.45 2.35 2.42 2.38 2.22 2.21 2.25 2.18 2.07 2.09 2.08 2.03 2.00 1.96 1.92 1.90 1.88 1.85 1.81 1.76 1.71 1.64 1.53 1.39 1.25 1.13 1.11 1.21 1.37 1.38 1.29 1.28 1.21 1.25 1.37 1.43 1.44 1.46 1.55 1.79 2.18 2.56 2.87 3.14 3.28 3.35 3.52 3.77 4.06 4.36 4.68 4.84 4.92 5.08 5.13 5.10 5.05 4.99 4.96 4.84 4.79 4.92
2.81 2.80 2.78 2.76 2.75 2.73 2.71 2.69 2.68 2.66 2.65 2.64 2.63 2.60 2.53 2.46 2.42 2.43 2.43 2.41 2.39 2.37 2.32 2.28 2.33 2.32 2.21 2.16 2.18 2.11 2.02 1.99 1.99 1.95 1.90 1.86 1.81 1.80 1.78 1.77 1.75 1.71 1.67 1.59 1.47 1.32 1.16 1.03 0.98 0.97 1.03 1.08 1.10 1.26 1.27 1.37 1.44 1.49 1.53 1.59 1.71 1.96 2.28 2.58 2.84 3.11 3.27 3.39 3.57 3.75 4.00 4.27 4.52 4.68 4.79 4.93 4.99 4.96 4.94 4.94 4.99 4.90 4.68 4.68
2.81 2.79 2.78 2.76 2.75 2.73 2.71 2.70 2.68 2.67 2.65 2.63 2.60 2.57 2.54 2.49 2.44 2.41 2.40 2.39 2.38 2.36 2.31 2.24 2.25 2.25 2.16 2.12 2.11 2.05 1.97 1.92 1.89 1.85 1.79 1.74 1.70 1.68 1.67 1.69 1.68 1.67 1.65 1.61 1.51 1.35 1.16 0.98 0.85 0.78 0.83 0.95 1.12 1.32 1.46 1.53 1.57 1.60 1.65 1.73 1.87 2.08 2.35 2.60 2.82 3.06 3.26 3.40 3.58 3.78 3.97 4.18 4.41 4.55 4.62 4.73 4.83 4.84 4.82 4.81 4.87 4.89 4.70 4.57
2.80 2.79 2.77 2.76 2.75 2.73 2.71 2.70 2.68 2.66 2.64 2.62 2.59 2.56 2.53 2.49 2.45 2.40 2.37 2.35 2.34 2.33 2.30 2.23 2.20 2.19 2.13 2.08 2.04 1.98 1.91 1.85 1.80 1.75 1.68 1.62 1.57 1.54 1.54 1.57 1.58 1.60 1.66 1.70 1.64 1.46 1.21 0.96 0.76 0.68 0.75 0.93 1.15 1.36 1.51 1.59 1.65 1.70 1.76 1.86 1.99 2.18 2.41 2.63 2.82 3.04 3.23 3.39 3.57 3.76 3.96 4.16 4.34 4.47 4.50 4.56 4.65 4.67 4.63 4.59 4.59 4.65 4.66 4.58
2.79 2.78 2.77 2.76 2.74 2.73 2.71 2.69 2.67 2.65 2.63 2.61 2.58 2.55 2.52 2.49 2.45 2.41 2.36 2.33 2.30 2.29 2.27 2.22 2.16 2.13 2.09 2.04 1.98 1.92 1.85 1.78 1.72 1.64 1.56 1.48 1.42 1.38 1.36 1.37 1.39 1.47 1.64 1.80 1.79 1.59 1.27 0.94 0.70 0.61 0.69 0.90 1.11 1.31 1.47 1.59 1.69 1.77 1.86 1.97 2.10 2.26 2.46 2.65 2.84 3.02 3.18 3.34 3.52 3.70 3.87 4.05 4.24 4.40 4.46 4.50 4.55 4.58 4.53 4.47 4.44 4.42 4.47 4.52
2.78 2.77 2.76 2.75 2.74 2.72 2.70 2.69 2.67 2.65 2.62 2.60 2.57 2.54 2.51 2.48 2.44 2.41 2.36 2.32 2.29 2.26 2.24 2.19 2.13 2.09 2.05 2.00 1.93 1.87 1.79 1.71 1.64 1.55 1.45 1.35 1.26 1.18 1.12 1.10 1.10 1.21 1.50 1.81 1.90 1.67 1.26 0.86 0.60 0.54 0.65 0.83 1.04 1.25 1.42 1.57 1.69 1.81 1.92 2.05 2.20 2.35 2.52 2.68 2.84 2.98 3.12 3.30 3.48 3.63 3.80 3.97 4.11 4.25 4.33 4.37 4.43 4.46 4.39 4.31 4.36 4.40 4.39 4.52
2.77 2.76 2.75 2.74 2.73 2.71 2.70 2.68 2.66 2.64 2.61 2.59 2.56 2.53 2.50 2.47 2.44 2.40 2.36 2.31 2.28 2.24 2.21 2.16 2.10 2.06 2.01 1.96 1.89 1.81 1.73 1.64 1.56 1.46 1.34 1.22 1.09 0.98 0.87 0.79 0.74 0.82 1.16 1.74 1.95 1.54 1.05 0.65 0.46 0.50 0.66 0.82 0.99 1.21 1.40 1.56 1.70 1.84 1.97 2.13 2.29 2.43 2.60 2.78 2.94 3.05 3.10 3.28 3.53 3.66 3.80 3.95 4.06 4.14 4.20 4.24 4.35 4.53 4.58 4.54 4.59 4.65 4.54 4.52
2.77 2.75 2.75 2.74 2.72 2.71 2.69 2.67 2.65 2.63 2.61 2.58 2.55 2.53 2.50 2.46 2.43 2.39 2.35 2.30 2.26 2.23 2.19 2.14 2.08 2.03 1.98 1.92 1.85 1.77 1.69 1.59 1.48 1.38 1.25 1.11 0.95 0.81 0.68 0.56 0.52 0.68 1.16 2.56 2.62 1.21 0.65 0.39 0.41 0.56 0.73 0.91 1.07 1.24 1.42 1.59 1.72 1.87 2.01 2.17 2.36 2.49 2.65 2.90 3.13 3.28 3.26 3.27 3.49 3.66 3.77 3.92 4.07 4.15 4.23 4.33 4.45 4.74 4.95 4.96 4.93 4.92 4.79 4.56
2.76 2.75 2.74 2.73 2.71 2.70 2.68 2.66 2.64 2.62 2.60 2.57 2.55 2.52 2.49 2.45 2.42 2.38 2.34 2.30 2.25 2.22 2.17 2.12 2.06 2.01 1.96 1.89 1.82 1.73 1.65 1.55 1.43 1.31 1.18 1.02 0.86 0.72 0.60 0.56 0.71 1.04 1.52 2.20 1.92 0.94 0.52 0.49 0.60 0.72 0.85 1.01 1.16 1.31 1.47 1.64 1.78 1.91 2.05 2.18 2.39 2.52 2.60 2.81 3.06 3.30 3.36 3.32 3.42 3.58 3.70 3.87 4.09 4.19 4.28 4.38 4.38 4.43 4.57 4.66 4.74 4.83 4.93 4.86
2.75 2.74 2.73 2.72 2.71 2.69 2.68 2.66 2.64 2.62 2.59 2.57 2.54 2.51 2.48 2.45 2.41 2.38 2.34 2.29 2.24 2.21 2.17 2.11 2.05 1.99 1.94 1.87 1.80 1.71 1.62 1.52 1.39 1.27 1.14 0.98 0.84 0.71 0.65 0.73 0.99 1.36 1.75 1.95 1.71 1.25 0.94 0.86 0.89 0.94 1.02 1.14 1.27 1.39 1.52 1.69 1.85 1.98 2.09 2.17 2.35 2.50 2.57 2.71 2.90 3.11 3.25 3.31 3.40 3.54 3.63 3.75 3.98 4.11 4.13 4.12 4.09 4.06 4.10 4.17 4.27 4.34 4.50 4.69
2.74 2.73 2.72 2.72 2.70 2.69 2.67 2.65 2.63 2.61 2.59 2.56 2.53 2.50 2.47 2.44 2.41 2.37 2.33 2.29 2.24 2.20 2.16 2.10 2.04 1.98 1.92 1.86 1.78 1.69 1.60 1.50 1.38 1.26 1.12 0.98 0.86 0.77 0.76 0.90 1.16 1.50 1.79 1.91 1.80 1.52 1.28 1.19 1.16 1.15 1.19 1.28 1.39 1.48 1.57 1.72 1.89 2.06 2.14 2.18 2.33 2.49 2.60 2.73 2.89 3.04 3.16 3.26 3.35 3.49 3.58 3.60 3.71 3.81 3.87 3.92 3.94 3.93 3.92 3.95 4.01 4.01 3.98 4.10
2.74 2.72 2.72 2.71 2.70 2.68 2.67 2.65 2.63 2.60 2.58 2.55 2.53 2.50 2.47 2.44 2.40 2.36 2.33 2.28 2.23 2.19 2.15 2.10 2.04 1.98 1.92 1.85 1.78 1.69 1.59 1.49 1.38 1.27 1.14 1.02 0.92 0.86 0.88 1.00 1.23 1.49 1.71 1.81 1.76 1.61 1.47 1.40 1.36 1.33 1.34 1.42 1.52 1.59 1.66 1.77 1.92 2.09 2.18 2.25 2.37 2.51 2.63 2.76 2.90 3.03 3.14 3.23 3.29 3.38 3.51 3.56 3.60 3.67 3.73 3.82 3.90 3.91 3.89 3.89 3.92 3.96 3.96 3.94
2.73 2.72 2.71 2.70 2.69 2.68 2.66 2.64 2.62 2.60 2.58 2.55 2.52 2.50 2.46 2.43 2.40 2.36 2.32 2.28 2.23 2.19 2.15 2.10 2.04 1.98 1.91 1.84 1.79 1.71 1.60 1.50 1.40 1.29 1.18 1.08 1.00 0.95 0.97 1.08 1.25 1.44 1.60 1.69 1.69 1.62 1.55 1.52 1.48 1.46 1.45 1.53 1.66 1.72 1.76 1.87 2.00 2.10 2.21 2.32 2.42 2.55 2.66 2.78 2.90 3.01 3.10 3.20 3.27 3.33 3.46 3.54 3.61 3.70 3.73 3.76 3.83 3.86 3.80 3.82 3.84 3.86 3.98 4.03
2.73 2.71 2.71 2.70 2.69 2.67 2.66 2.64 2.62 2.60 2.57 2.55 2.52 2.49 2.46 2.43 2.40 2.36 2.32 2.28 2.23 2.19 2.15 2.10 2.04 1.98 1.92 1.85 1.79 1.72 1.63 1.53 1.43 1.34 1.24 1.15 1.08 1.05 1.07 1.14 1.26 1.40 1.52 1.59 1.62 1.61 1.59 1.58 1.57 1.55 1.54 1.60 1.76 1.83 1.86 1.96 2.09 2.16 2.25 2.37 2.47 2.58 2.68 2.79 2.90 3.01 3.09 3.19 3.27 3.35 3.50 3.54 3.62 3.74 3.83 3.82 3.86 3.89 3.74 3.69 3.72 3.74 3.88 4.20
2.72 2.71 2.70 2.70 2.68 2.67 2.65 2.64 2.62 2.59 2.57 2.55 2.52 2.49 2.46 2.43 2.40 2.36 2.32 2.28 2.23 2.19 2.15 2.11 2.06 1.99 1.93 1.87 1.80 1.73 1.65 1.56 1.48 1.39 1.31 1.23 1.18 1.15 1.15 1.20 1.28 1.38 1.47 1.54 1.58 1.60 1.61 1.62 1.63 1.63 1.63 1.68 1.80 1.89 1.94 2.02 2.13 2.22 2.30 2.41 2.51 2.61 2.70 2.81 2.90 3.00 3.08 3.16 3.24 3.32 3.48 3.54 3.57 3.71 3.90 3.91 3.99 4.05 3.92 3.82 3.73 3.78 3.82 4.20
2.72 2.71 2.70 2.69 2.68 2.67 2.65 2.63 2.61 2.59 2.57 2.54 2.52 2.49 2.46 2.43 2.40 2.36 2.32 2.28 2.24 2.19 2.15 2.11 2.07 2.01 1.95 1.89 1.82 1.75 1.68 1.61 1.53 1.46 1.38 1.32 1.27 1.24 1.24 1.27 1.32 1.39 1.46 1.52 1.57 1.60 1.63 1.66 1.68 1.70 1.73 1.77 1.85 1.93 2.01 2.08 2.17 2.26 2.34 2.44 2.55 2.64 2.73 2.83 2.90 2.99 3.08 3.15 3.22 3.27 3.37 3.47 3.48 3.65 3.94 4.01 4.24 4.35 4.23 4.16 4.05 4.00 3.93 4.04
2.71 2.70 2.70 2.69 2.68 2.67 2.65 2.63 2.61 2.59 2.57 2.55 2.52 2.49 2.46 2.43 2.40 2.37 2.33 2.29 2.25 2.20 2.16 2.12 2.08 2.03 1.97 1.91 1.85 1.79 1.72 1.65 1.59 1.52 1.46 1.40 1.36 1.34 1.33 1.35 1.39 1.43 1.49 1.54 1.58 1.63 1.66 1.70 1.73 1.77 1.81 1.86 1.92 1.99 2.06 2.13 2.21 2.30 2.38 2.46 2.56 2.67 2.76 2.85 2.91 2.98 3.07 3.16 3.22 3.28 3.34 3.43 3.36 3.40 3.76 3.90 4.13 4.45 4.43 4.16 4.02 3.95 3.85 3.79
2.71 2.70 2.70 2.69 2.68 2.67 2.65 2.63 2.61 2.59 2.57 2.55 2.52 2.49 2.47 2.44 2.40 2.37 2.34 2.30 2.26 2.22 2.17 2.12 2.09 2.05 1.99 1.93 1.88 1.82 1.76 1.70 1.64 1.58 1.53 1.49 1.45 1.43 1.42 1.43 1.46 1.49 1.54 1.58 1.62 1.67 1.71 1.75 1.79 1.83 1.87 1.92 1.98 2.04 2.11 2.18 2.26 2.33 2.41 2.49 2.57 2.67 2.76 2.86 2.93 2.99 3.07 3.17 3.23 3.29 3.32 3.42 3.39 3.19 3.30 3.46 3.56 3.95 4.29 3.99 3.77 3.74 3.67 3.52
2.71 2.70 2.70 2.69 2.68 2.67 2.65 2.63 2.62 2.59 2.57 2.55 2.52 2.50 2.47 2.44 2.41 2.38 2.34 2.31 2.27 2.23 2.19 2.14 2.11 2.08 2.02 1.96 1.91 1.86 1.80 1.75 1.70 1.65 1.61 1.57 1.54 1.52 1.51 1.52 1.53 1.56 1.59 1.63 1.67 1.72 1.76 1.80 1.84 1.88 1.93 1.98 2.04 2.10 2.16 2.23 2.30 2.37 2.45 2.53 2.60 2.68 2.77 2.86 2.93 3.01 3.07 3.17 3.23 3.31 3.33 3.35 3.44 3.34 3.25 3.27 3.25 3.60 4.12 3.94 3.68 3.74 3.85 3.71
2.71 2.70 2.70 2.69 2.68 2.67 2.65 2.64 2.62 2.60 2.58 2.55 2.53 2.50 2.48 2.45 2.42 2.39 2.35 2.32 2.28 2.24 2.21 2.16 2.12 2.10 2.05 1.99 1.95 1.90 1.85 1.80 1.76 1.71 1.68 1.65 1.62 1.60 1.59 1.60 1.61 1.63 1.66 1.70 1.73 1.77 1.81 1.85 1.89 1.94 1.98 2.04 2.09 2.15 2.21 2.27 2.34 2.41 2.48 2.56 2.63 2.71 2.79 2.86 2.93 3.01 3.07 3.18 3.24 3.31 3.39 3.34 3.30 3.31 3.40 3.43 3.30 3.46 4.08 4.12 3.72 3.72 3.84 3.89
2.71 2.70 2.70 2.69 2.68 2.67 2.65 2.64 2.62 2.60 2.58 2.56 2.53 2.51 2.48 2.45 2.43 2.40 2.36 2.33 2.30 2.26 2.22 2.18 2.14 2.12 2.08 2.02 1.98 1.95 1.90 1.86 1.82 1.77 1.75 1.72 1.69 1.68 1.67 1.68 1.69 1.71 1.73 1.76 1.79 1.83 1.87 1.91 1.95 1.99 2.04 2.09 2.14 2.20 2.26 2.32 2.38 2.44 2.51 2.58 2.65 2.73 2.81 2.87 2.94 3.01 3.04 3.12 3.19 3.32 3.58 3.62 3.26 2.89 3.00 3.40 3.45 3.31 3.83 4.28 4.04 3.90 3.86 3.89
2.71 2.70 2.70 2.69 2.68 2.67 2.66 2.64 2.62 2.60 2.58 2.56 2.54 2.51 2.49 2.46 2.44 2.41 2.38 2.35 2.31 2.28 2.24 2.20 2.16 2.14 2.12 2.06 2.01 1.98 1.95 1.91 1.87 1.84 1.81 1.79 1.77 1.76 1.75 1.75 1.76 1.78 1.80 1.83 1.86 1.89 1.92 1.96 2.00 2.05 2.09 2.14 2.19 2.24 2.30 2.36 2.41 2.47 2.54 2.61 2.67 2.74 2.82 2.88 2.95 3.07 3.11 3.05 3.08 3.18 3.72 4.27 3.89 3.09 2.80 3.23 3.45 3.13 3.39 3.90 4.00 3.98 3.93 3.89
2.71 2.70 2.70 2.69 2.68 2.67 2.66 2.65 2.63 2.61 2.59 2.57 2.55 2.52 2.50 2.47 2.45 2.42 2.39 2.36 2.33 2.30 2.26 2.23 2.18 2.16 2.15 2.10 2.05 2.02 1.99 1.96 1.93 1.90 1.87 1.85 1.84 1.83 1.83 1.83 1.83 1.85 1.86 1.89 1.92 1.95 1.98 2.02 2.06 2.10 2.14 2.19 2.23 2.29 2.34 2.39 2.44 2.50 2.57 2.63 2.69 2.76 2.83 2.89 2.93 3.05 3.24 3.10 3.00 2.80 3.07 4.11 4.47 4.21 3.67 3.60 3.64 3.26 3.31 3.57 3.71 3.78 3.81 3.82
2.71 2.70 2.70 2.70 2.69 2.68 2.66 2.65 2.63 2.61 2.60 2.58 2.55 2.53 2.51 2.48 2.46 2.43 2.40 2.38 2.35 2.32 2.28 2.25 2.21 2.18 2.18 2.14 2.09 2.06 2.04 2.01 1.98 1.96 1.93 1.91 1.90 1.89 1.89 1.90 1.90 1.91 1.93 1.95 1.98 2.01 2.04 2.07 2.11 2.15 2.19 2.23 2.28 2.33 2.38 2.43 2.48 2.53 2.59 2.65 2.71 2.79 2.85 2.88 2.91 2.97 3.22 3.23 3.02 2.62 2.43 3.03 3.70 4.09 4.03 3.94 3.85 3.53 3.45 3.55 3.64 3.68 3.71 3.73
2.71 2.70 2.70 2.70 2.69 2.68 2.67 2.65 2.64 2.62 2.60 2.58 2.56 2.54 2.52 2.49 2.47 2.44 2.42 2.39 2.36 2.34 2.31 2.28 2.24 2.20 2.20 2.18 2.13 2.10 2.08 2.05 2.03 2.01 1.99 1.97 1.96 1.96 1.96 1.96 1.97 1.98 1.99 2.01 2.04 2.06 2.09 2.12 2.16 2.20 2.24 2.28 2.32 2.36 2.42 2.47 2.51 2.55 2.61 2.67 2.72 2.81 2.92 2.94 2.98 3.01 3.16 3.35 3.22 2.77 2.57 2.90 3.17 3.40 3.60 3.80 3.81 3.57 3.54 3.62 3.65 3.67 3.71 3.69
2.72 2.71 2.71 2.70 2.70 2.69 2.67 2.66 2.65 2.63 2.61 2.59 2.57 2.55 2.53 2.51 2.48 2.46 2.43 2.41 2.38 2.36 2.33 2.30 2.27 2.23 2.22 2.21 2.17 2.14 2.12 2.10 2.08 2.07 2.04 2.03 2.02 2.02 2.01 2.02 2.03 2.04 2.05 2.07 2.09 2.12 2.14 2.17 2.21 2.25 2.28 2.32 2.36 2.40 2.45 2.50 2.54 2.58 2.63 2.68 2.72 2.78 2.89 3.01 3.09 3.10 3.13 3.34 3.50 3.23 2.95 3.09 3.19 3.24 3.36 3.55 3.71 3.59 3.56 3.64 3.65 3.69 3.76 3.71
2.72 2.71 2.71 2.71 2.70 2.69 2.68 2.67 2.65 2.64 2.62 2.60 2.58 2.56 2.54 2.52 2.50 2.47 2.45 2.43 2.40 2.38 2.35 2.32 2.30 2.27 2.24 2.24 2.21 2.18 2.16 2.14 2.13 2.11 2.10 2.08 2.08 2.07 2.07 2.07 2.08 2.10 2.11 2.12 2.15 2.17 2.19 2.22 2.25 2.30 2.33 2.36 2.40 2.44 2.48 2.53 2.56 2.60 2.67 2.69 2.69 2.74 2.81 2.93 3.17 3.26 3.15 3.27 3.55 3.65 3.49 3.30 3.28 3.35 3.33 3.37 3.47 3.52 3.62 3.67 3.68 3.76 3.84 3.79
2.72 2.72 2.72 2.71 2.71 2.70 2.69 2.67 2.66 2.64 2.63 2.61 2.59 2.57 2.55 2.53 2.51 2.49 2.47 2.44 2.42 2.40 2.37 2.35 2.33 2.30 2.28 2.26 2.24 2.23 2.20 2.18 2.17 2.16 2.14 2.13 2.13 2.13 2.12 2.13 2.14 2.15 2.16 2.18 2.20 2.22 2.24 2.27 2.30 2.34 2.37 2.40 2.44 2.47 2.51 2.55 2.59 2.61 2.71 2.78 2.69 2.70 2.79 2.79 3.06 3.32 3.11 3.03 3.15 3.40 3.67 3.65 3.51 3.57 3.55 3.49 3.44 3.39 3.62 3.74 3.68 3.78 3.95 3.95
2.73 2.72 2.72 2.72 2.71 2.70 2.69 2.68 2.67 2.65 2.64 2.62 2.60 2.58 2.56 2.54 2.52 2.50 2.48 2.46 2.44 2.42 2.40 2.38 2.35 2.33 2.31 2.28 2.27 2.27 2.24 2.22 2.21 2.21 2.19 2.18 2.18 2.18 2.18 2.18 2.19 2.20 2.21 2.23 2.24 2.27 2.29 2.31 2.34 2.37 2.41 2.44 2.47 2.51 2.55 2.58 2.62 2.61 2.68 2.85 2.77 2.68 2.72 2.69 2.87 3.18 3.09 2.96 2.99 3.02 3.23 3.57 3.58 3.59 3.69 3.67 3.60 3.41 3.49 3.66 3.62 3.60 3.78 3.85
2.73 2.73 2.73 2.72 2.72 2.71 2.70 2.69 2.67 2.66 2.64 2.63 2.61 2.59 2.58 2.56 2.54 2.52 2.50 2.48 2.46 2.44 2.42 2.40 2.38 2.36 2.34 2.32 2.30 2.29 2.29 2.26 2.25 2.25 2.23 2.22 2.22 2.22 2.22 2.22 2.23 2.25 2.26 2.27 2.29 2.31 2.34 2.36 2.38 2.41 2.44 2.48 2.51 2.54 2.57 2.61 2.64 2.64 2.65 2.80 2.81 2.71 2.60 2.62 2.92 3.16 3.16 3.10 3.21 3.15 3.02 3.29 3.48 3.48 3.54 3.54 3.55 3.48 3.47 3.60 3.61 3.56 3.60 3.50
2.74 2.73 2.73 2.73 2.72 2.72 2.71 2.70 2.68 2.67 2.65 2.64 2.62 2.61 2.59 2.57 2.55 2.54 2.52 2.50 2.48 2.46 2.44 2.42 2.41 2.39 2.37 2.35 2.33 2.32 2.32 2.30 2.29 2.29 2.28 2.27 2.27 2.27 2.27 2.27 2.28 2.29 2.30 2.32 2.33 2.35 2.38 2.40 2.42 2.45 2.48 2.51 2.54 2.57 2.60 2.64 2.66 2.68 2.70 2.77 2.86 2.83 2.66 2.63 2.89 3.08 3.12 3.09 3.26 3.36 3.16 3.21 3.45 3.59 3.64 3.62 3.54 3.51 3.57 3.66 3.57 3.61 3.70 3.45
2.74 2.74 2.74 2.74 2.73 2.72 2.71 2.70 2.69 2.68 2.66 2.65 2.63 2.62 2.60 2.59 2.57 2.55 2.53 2.52 2.50 2.48 2.47 2.45 2.43 2.41 2.40 2.38 2.36 2.35 2.34 2.33 2.32 2.33 2.32 2.31 2.31 2.31 2.31 2.31 2.32 2.34 2.35 2.36 2.37 2.39 2.42 2.44 2.46 2.49 2.52 2.54 2.57 2.60 2.63 2.67 2.69 2.71 2.74 2.78 2.88 2.94 2.86 2.86 2.94 2.98 3.02 3.00 3.15 3.30 3.11 3.02 3.26 3.49 3.65 3.81 3.75 3.60 3.64 3.80 3.64 3.62 3.70 3.46
