windninja/all_results/maria_elevation_tif_point_11-01-2019_0000_500m_vel.asc
ncols	128
nrows	92
xllcorner	280654.681342
yllcorner	3772085.885776
cellsize	500.000000
NODATA_value	-32768.000000
[rows 0 to 37 of 92, columns 0 to 83 of 128]
2.96 2.80 2.95 3.24 3.14 2.96 2.71 2.87 3.36 3.46 3.40 3.43 3.27 3.22 2.99 2.75 2.77 2.68 2.97 3.45 3.63 3.61 3.57 3.65 3.59 3.46 3.62 3.69 3.49 3.41 3.49 3.52 3.53 3.60 3.68 3.75 3.90 4.09 4.45 4.45 4.53 4.66 4.31 4.20 4.49 4.70 4.62 4.29 3.81 4.42 4.91 4.95 4.96 5.13 4.98 4.64 4.45 4.14 4.11 4.13 4.20 5.03 5.51 5.53 5.79 5.76 5.66 5.34 4.66 4.24 4.19 4.49 4.65 4.52 4.25 4.25 4.23 3.95 4.02 4.11 4.12 3.42 4.44 6.06
2.96 2.80 2.95 3.24 3.14 2.96 2.71 2.87 3.36 3.46 3.40 3.43 3.27 3.22 2.99 2.75 2.77 2.68 2.97 3.45 3.63 3.61 3.57 3.65 3.59 3.46 3.62 3.69 3.49 3.41 3.49 3.52 3.53 3.60 3.68 3.75 3.90 4.09 4.45 4.45 4.53 4.66 4.31 4.20 4.49 4.70 4.62 4.29 3.81 4.42 4.91 4.95 4.96 5.13 4.98 4.64 4.45 4.14 4.11 4.13 4.20 5.03 5.51 5.53 5.79 5.76 5.66 5.34 4.66 4.24 4.19 4.49 4.65 4.52 4.25 4.25 4.23 3.95 4.02 4.11 4.12 3.42 4.44 6.06
2.98 2.54 2.42 2.87 3.07 2.97 2.50 2.39 2.92 3.09 3.07 3.26 3.16 3.16 3.13 2.96 2.92 2.71 2.67 2.99 3.23 3.25 3.22 3.35 3.39 3.15 3.21 3.48 3.40 3.28 3.28 3.35 3.33 3.33 3.39 3.37 3.21 3.23 3.85 3.89 3.96 4.32 4.07 3.53 3.82 4.33 4.24 4.17 3.67 3.91 4.21 3.96 4.17 4.76 4.74 4.75 4.89 4.33 4.11 4.09 3.75 4.29 4.94 4.86 5.13 5.39 5.59 5.57 5.05 4.59 4.36 4.63 4.87 4.79 4.48 4.42 4.31 3.99 4.07 4.20 4.16 3.42 3.76 5.51
3.36 2.75 2.22 2.43 2.91 3.12 2.64 2.30 2.67 2.82 2.80 3.12 3.19 3.14 3.20 3.19 3.08 2.74 2.56 2.78 2.98 2.95 2.89 3.02 3.23 3.07 2.97 3.20 3.29 3.28 3.18 3.25 3.28 3.21 3.18 3.03 2.86 2.96 3.34 3.24 3.27 3.86 3.87 3.21 3.58 4.38 3.92 3.78 3.46 3.31 3.68 3.50 4.01 4.61 4.00 4.37 5.44 4.84 3.97 4.08 3.57 3.52 4.33 4.33 4.42 5.02 5.61 5.74 5.40 5.09 4.79 4.82 5.11 5.16 4.92 4.75 4.48 4.10 4.24 4.49 4.11 3.05 2.97 5.01
3.42 3.31 2.85 2.44 2.63 2.96 2.79 2.56 2.70 2.79 2.82 2.93 3.06 3.05 2.98 3.06 3.04 2.76 2.67 2.83 2.98 2.92 2.87 2.97 3.13 3.10 2.98 3.01 3.10 3.21 3.17 3.17 3.25 3.21 3.16 3.04 2.98 3.03 3.14 3.13 3.20 3.65 3.70 3.11 3.43 4.55 4.14 3.67 3.55 3.36 3.57 3.52 4.45 4.72 3.39 3.29 5.20 5.44 3.98 3.91 3.75 3.67 4.30 4.51 4.65 4.98 5.51 5.81 5.58 5.51 5.40 5.04 5.18 5.32 5.08 4.84 4.42 3.96 4.08 4.42 3.74 2.79 2.83 4.30
2.89 3.22 3.24 2.67 2.49 2.64 2.48 2.45 2.59 2.72 2.93 2.88 2.83 2.93 2.89 2.93 2.97 2.79 2.71 2.83 2.96 2.94 2.92 3.03 3.11 3.06 2.98 2.99 3.04 3.11 3.12 3.10 3.14 3.13 3.12 3.06 3.00 2.92 2.96 3.16 3.21 3.56 3.65 3.04 3.24 4.14 4.09 3.83 3.89 3.83 3.46 3.64 4.67 4.78 3.92 2.86 3.78 5.58 4.75 3.69 3.50 3.90 4.23 4.42 5.13 5.10 5.18 5.69 5.71 5.99 6.00 5.38 5.45 5.64 5.34 4.89 4.02 3.72 3.95 4.16 3.85 3.13 2.90 3.48
2.69 2.98 3.27 3.03 2.77 2.64 2.37 2.35 2.49 2.66 2.92 3.04 2.97 2.88 2.90 2.90 2.86 2.80 2.79 2.87 2.94 2.97 2.98 3.06 3.13 3.11 3.04 3.05 3.10 3.13 3.12 3.13 3.14 3.11 3.09 3.07 3.07 2.97 2.88 3.03 3.02 3.31 3.62 3.36 3.55 3.72 3.57 3.58 3.83 3.97 3.55 4.01 4.50 4.46 4.66 3.58 2.98 4.74 5.48 4.06 3.19 3.78 3.83 3.84 5.13 5.02 4.91 5.25 5.31 6.18 6.31 5.52 5.59 5.92 6.08 5.72 4.33 3.96 4.24 4.34 4.17 3.73 3.40 3.04
2.71 2.94 3.17 3.21 3.29 3.08 2.66 2.50 2.52 2.63 2.78 2.98 3.11 2.99 2.98 2.97 2.85 2.82 2.83 2.87 2.86 2.91 2.99 3.06 3.09 3.06 3.03 3.05 3.09 3.10 3.09 3.09 3.10 3.07 3.05 3.04 3.03 3.01 3.01 2.95 2.89 3.01 3.27 3.46 3.65 3.63 3.38 3.44 3.63 3.63 3.66 4.18 4.18 4.11 4.60 4.24 3.49 3.92 5.26 4.79 3.37 3.45 3.59 3.99 5.02 4.58 4.59 4.76 4.79 6.11 6.48 5.54 5.34 5.47 5.72 6.18 5.43 4.66 4.30 4.29 4.42 4.53 4.27 3.14
2.58 2.87 3.09 3.00 3.21 3.30 3.02 2.79 2.70 2.70 2.74 2.83 2.96 2.99 3.01 3.00 2.88 2.84 2.89 2.95 2.88 2.84 2.94 3.04 3.08 3.04 3.04 3.09 3.14 3.13 3.09 3.11 3.11 3.01 3.02 3.11 3.04 3.04 3.23 3.16 3.04 3.00 3.09 3.35 3.49 3.59 3.45 3.44 3.61 3.59 3.71 4.03 3.98 4.13 4.31 3.99 3.87 3.93 4.72 4.99 4.21 3.75 3.50 4.01 4.82 4.55 4.33 4.28 4.46 5.97 6.40 5.70 5.54 5.15 5.09 5.48 5.05 4.70 4.33 4.20 4.29 4.77 5.10 4.18
2.42 2.66 3.06 2.98 2.92 3.01 2.97 2.93 2.86 2.78 2.76 2.79 2.77 2.81 2.91 2.92 2.86 2.84 2.87 3.00 2.99 2.88 2.88 2.99 3.06 3.01 3.02 3.09 3.18 3.17 3.02 3.04 3.15 2.99 3.00 3.18 3.13 3.04 3.18 3.30 3.23 3.19 3.20 3.27 3.37 3.51 3.44 3.30 3.46 3.80 3.83 3.70 3.79 4.10 4.09 3.76 3.80 4.02 4.60 4.83 5.02 4.93 3.85 3.68 4.34 4.75 4.41 4.19 4.50 6.02 5.97 5.35 5.99 6.11 6.07 5.41 4.75 4.60 4.69 4.72 4.28 4.37 4.82 4.40
2.34 2.47 2.97 3.12 2.95 2.87 2.79 2.83 2.85 2.82 2.80 2.81 2.76 2.76 2.82 2.84 2.83 2.84 2.82 2.90 3.01 2.93 2.86 2.93 3.01 2.97 2.96 3.11 3.35 3.41 3.18 3.10 3.18 3.07 3.08 3.19 3.17 3.09 3.10 3.18 3.18 3.24 3.32 3.32 3.37 3.53 3.50 3.26 3.30 3.74 3.95 3.79 3.76 3.95 3.75 3.66 3.96 4.23 4.79 4.93 5.33 6.06 5.58 4.50 4.43 4.97 4.90 4.76 4.64 6.07 6.16 4.58 5.16 6.31 7.38 6.72 5.28 4.75 4.63 4.84 4.62 4.57 4.53 4.10
2.32 2.35 2.77 3.01 2.89 2.82 2.75 2.76 2.78 2.82 2.83 2.83 2.75 2.72 2.75 2.75 2.78 2.85 2.85 2.85 2.94 2.90 2.79 2.86 2.97 2.91 2.80 2.89 3.25 3.55 3.48 3.35 3.28 3.15 3.11 3.15 3.16 3.11 3.16 3.17 3.05 3.16 3.38 3.37 3.38 3.58 3.64 3.43 3.33 3.39 3.61 3.92 3.90 3.87 3.43 3.28 3.73 4.08 4.39 4.70 4.81 5.45 6.47 6.18 5.44 5.30 5.54 5.70 4.84 5.35 6.74 5.06 3.90 4.76 7.18 7.73 5.74 4.57 4.73 4.89 4.74 5.00 4.78 4.07
2.44 2.40 2.66 2.85 2.78 2.76 2.74 2.73 2.75 2.81 2.82 2.90 2.81 2.65 2.70 2.73 2.75 2.85 2.91 2.89 2.94 2.94 2.76 2.84 3.00 2.90 2.77 2.64 2.73 3.17 3.34 3.30 3.27 3.31 3.20 3.12 3.20 3.14 3.27 3.32 3.03 3.12 3.48 3.45 3.38 3.61 3.76 3.72 3.63 3.34 3.27 3.58 3.74 3.80 3.27 3.02 3.31 3.62 3.87 4.10 4.05 4.03 5.20 6.26 5.85 5.10 5.36 6.11 5.18 4.89 6.77 6.22 4.17 3.90 6.28 8.07 6.70 4.71 4.87 5.25 4.74 4.99 5.00 4.27
2.68 2.51 2.53 2.70 2.71 2.72 2.75 2.69 2.65 2.77 2.80 2.92 2.97 2.72 2.62 2.70 2.77 2.82 2.93 2.92 2.93 2.99 2.79 2.78 2.94 2.81 2.80 2.70 2.57 2.83 3.04 3.06 3.16 3.44 3.33 3.10 3.15 3.02 3.20 3.32 3.03 3.15 3.51 3.48 3.41 3.64 3.82 3.94 4.04 3.80 3.50 3.44 3.62 3.77 3.30 2.99 3.38 3.75 3.93 4.00 3.86 3.97 4.66 5.78 6.14 5.19 4.92 5.60 5.25 5.34 6.68 6.64 5.01 3.85 5.46 7.65 7.42 5.62 5.04 5.47 5.18 5.03 4.99 4.49
2.98 2.72 2.45 2.53 2.62 2.67 2.79 2.76 2.60 2.68 2.75 2.83 2.98 2.86 2.65 2.66 2.79 2.80 2.85 2.90 2.91 3.02 2.91 2.79 2.87 2.72 2.68 2.70 2.66 2.78 2.87 2.79 3.00 3.50 3.43 3.26 3.33 3.10 3.16 3.25 3.03 3.28 3.56 3.52 3.54 3.71 3.85 3.99 4.23 4.34 4.13 3.97 4.06 4.12 3.60 3.01 3.35 3.95 4.23 4.13 3.71 4.00 4.56 5.55 6.43 5.67 5.02 4.93 4.79 5.37 6.13 6.74 6.07 4.35 4.83 6.71 7.13 6.35 5.60 5.46 5.53 5.34 5.03 4.61
3.16 2.84 2.46 2.42 2.48 2.54 2.69 2.77 2.62 2.61 2.66 2.70 2.81 2.76 2.62 2.63 2.78 2.83 2.80 2.78 2.85 3.03 3.07 3.03 3.11 3.00 2.84 2.64 2.62 2.78 2.79 2.55 2.79 3.43 3.45 3.54 3.72 3.57 3.54 3.54 3.35 3.57 3.78 3.65 3.75 3.80 3.79 3.89 3.97 4.22 4.12 3.94 4.13 4.28 3.79 3.10 3.18 3.89 4.57 4.37 3.55 3.86 4.52 5.37 6.23 5.87 5.62 4.97 4.74 5.26 5.14 6.06 6.78 5.48 4.88 5.80 6.33 6.14 5.83 5.45 5.50 5.51 5.17 4.76
3.32 2.84 2.38 2.33 2.32 2.36 2.50 2.63 2.58 2.57 2.61 2.67 2.69 2.61 2.55 2.59 2.74 2.84 2.81 2.70 2.75 2.98 3.04 3.05 3.21 3.36 3.37 2.98 2.75 2.90 2.92 2.70 2.85 3.32 3.28 3.42 3.67 3.52 3.63 3.65 3.46 3.69 3.81 3.54 3.73 3.79 3.62 3.74 3.67 3.94 4.01 3.82 4.13 4.35 3.86 3.21 3.08 3.79 4.75 4.47 3.85 4.23 4.86 5.50 5.69 5.61 6.20 5.62 5.13 5.25 4.86 5.66 6.54 6.43 5.73 5.44 5.83 5.91 5.86 5.57 5.47 5.51 5.26 4.95
3.43 3.08 2.61 2.46 2.37 2.30 2.42 2.55 2.54 2.56 2.63 2.69 2.61 2.49 2.48 2.52 2.64 2.74 2.74 2.68 2.66 2.80 2.87 2.80 2.87 3.13 3.45 3.45 3.26 3.25 3.21 3.01 2.96 3.12 2.97 3.09 3.39 3.12 3.23 3.34 3.06 3.52 3.71 3.38 3.62 3.78 3.62 3.66 3.55 3.81 4.01 3.74 4.15 4.54 4.09 3.44 3.06 3.69 4.66 4.42 4.21 4.71 5.32 5.66 5.32 5.25 6.28 6.24 5.76 5.43 4.95 5.81 6.17 6.46 6.45 5.82 5.79 5.83 5.88 5.67 5.53 5.50 5.34 5.13
3.17 3.11 2.97 2.82 2.72 2.52 2.47 2.58 2.56 2.55 2.68 2.76 2.55 2.36 2.43 2.53 2.60 2.62 2.62 2.61 2.60 2.66 2.74 2.71 2.65 2.69 2.86 3.02 2.98 2.97 2.89 2.79 2.90 2.96 2.83 2.85 3.08 2.86 2.85 3.10 3.00 3.27 3.50 3.37 3.50 3.77 3.78 3.68 3.49 3.64 3.95 3.65 3.96 4.54 4.34 3.86 3.28 3.59 4.34 4.36 4.50 5.10 5.52 5.57 5.43 5.38 5.94 6.33 6.32 5.90 5.16 5.80 6.30 6.24 6.29 6.11 6.03 5.91 5.88 5.77 5.62 5.52 5.41 5.28
2.89 2.81 2.79 2.79 2.79 2.68 2.52 2.58 2.57 2.50 2.66 2.88 2.65 2.29 2.35 2.52 2.59 2.54 2.58 2.62 2.60 2.65 2.63 2.60 2.57 2.61 2.66 2.68 2.63 2.67 2.64 2.68 2.88 2.94 2.94 2.94 2.96 2.82 2.64 2.89 3.21 3.17 3.33 3.39 3.33 3.63 3.90 3.84 3.55 3.53 3.81 3.66 3.77 4.36 4.41 4.19 3.79 3.56 3.98 4.27 4.63 5.51 5.65 5.21 5.63 5.84 5.61 6.09 6.52 6.46 5.78 5.77 6.47 6.38 6.07 6.06 6.15 6.09 5.98 5.87 5.73 5.62 5.53 5.43
2.90 2.69 2.48 2.49 2.55 2.54 2.47 2.50 2.52 2.45 2.52 2.82 2.75 2.30 2.30 2.49 2.57 2.54 2.56 2.64 2.66 2.67 2.50 2.40 2.45 2.56 2.62 2.72 2.73 2.67 2.63 2.70 2.85 2.81 2.86 3.08 3.05 2.86 2.62 2.73 3.25 3.23 3.25 3.38 3.28 3.43 3.78 3.92 3.72 3.61 3.73 3.70 3.70 4.17 4.27 4.08 4.20 3.80 3.75 4.18 4.65 5.61 5.74 5.22 5.84 6.22 5.56 5.87 6.52 6.81 6.46 6.00 6.32 6.41 6.16 6.08 6.13 6.12 6.05 5.96 5.84 5.74 5.64 5.54
3.02 2.78 2.45 2.37 2.44 2.43 2.37 2.43 2.45 2.44 2.46 2.67 2.73 2.34 2.28 2.42 2.51 2.54 2.49 2.50 2.60 2.73 2.51 2.27 2.40 2.52 2.49 2.54 2.64 2.68 2.64 2.68 2.79 2.70 2.61 2.94 3.13 2.94 2.72 2.69 3.12 3.28 3.11 3.18 3.28 3.38 3.57 3.76 3.81 3.70 3.73 3.79 3.84 4.16 4.16 3.91 4.22 4.16 3.82 4.07 4.83 5.58 5.45 5.37 6.05 6.54 5.90 5.75 6.54 7.32 6.84 6.32 6.19 6.22 6.15 6.17 6.24 6.16 6.08 6.04 5.95 5.86 5.77 5.67
3.09 2.89 2.61 2.48 2.50 2.49 2.37 2.37 2.38 2.38 2.48 2.65 2.65 2.39 2.33 2.35 2.39 2.45 2.41 2.47 2.55 2.75 2.66 2.26 2.34 2.50 2.52 2.47 2.43 2.59 2.71 2.83 2.86 2.70 2.48 2.69 3.00 2.91 2.77 2.68 3.03 3.35 3.09 3.02 3.19 3.44 3.48 3.49 3.79 3.69 3.57 3.68 4.04 4.25 4.07 3.95 4.20 4.40 4.00 4.00 4.89 5.73 5.35 5.25 6.05 6.64 6.37 5.95 6.43 6.91 6.61 6.32 6.17 6.13 6.07 6.17 6.36 6.31 6.19 6.14 6.07 5.98 5.88 5.79
3.03 2.87 2.63 2.53 2.49 2.40 2.33 2.32 2.28 2.23 2.35 2.63 2.57 2.27 2.37 2.47 2.36 2.37 2.32 2.43 2.50 2.62 2.76 2.42 2.29 2.41 2.49 2.49 2.41 2.48 2.62 2.81 2.90 2.74 2.48 2.55 2.80 2.81 2.75 2.62 2.94 3.35 3.10 3.00 3.13 3.44 3.41 3.35 3.77 3.76 3.49 3.55 4.12 4.25 3.97 3.87 4.20 4.56 4.13 4.03 4.71 5.76 5.67 5.19 5.91 6.44 6.40 6.23 6.29 6.38 6.23 6.10 6.08 6.11 6.06 6.17 6.38 6.43 6.36 6.28 6.20 6.08 5.98 5.91
2.97 2.79 2.47 2.46 2.55 2.30 2.19 2.21 2.16 2.06 2.08 2.45 2.55 2.17 2.18 2.56 2.47 2.31 2.28 2.39 2.45 2.38 2.65 2.60 2.34 2.40 2.45 2.41 2.41 2.48 2.57 2.72 2.86 2.75 2.52 2.49 2.61 2.68 2.69 2.57 2.80 3.21 3.09 2.95 3.19 3.45 3.22 3.20 3.70 3.76 3.45 3.57 4.14 4.22 3.98 3.81 4.16 4.64 4.32 4.16 4.53 5.49 5.82 5.43 5.87 6.24 6.27 6.29 6.27 6.25 6.09 5.93 5.96 6.08 6.14 6.28 6.47 6.54 6.52 6.45 6.34 6.19 6.07 6.01
2.98 2.93 2.57 2.46 2.67 2.44 2.26 2.21 2.12 1.98 1.89 2.13 2.32 2.14 2.00 2.40 2.54 2.18 2.14 2.42 2.52 2.30 2.46 2.61 2.40 2.39 2.44 2.36 2.29 2.41 2.54 2.66 2.88 2.83 2.58 2.50 2.50 2.54 2.53 2.57 2.75 2.99 3.03 2.85 3.25 3.56 3.18 3.07 3.50 3.65 3.39 3.55 4.12 4.23 3.99 3.83 4.12 4.63 4.55 4.35 4.57 5.26 5.69 5.65 5.88 6.18 6.32 6.37 6.37 6.30 6.16 5.93 5.86 6.06 6.27 6.49 6.69 6.76 6.72 6.61 6.46 6.27 6.13 6.10
2.69 2.91 2.87 2.72 2.88 2.75 2.56 2.41 2.22 2.04 1.88 1.92 1.94 2.03 2.07 2.31 2.59 2.19 2.03 2.35 2.50 2.28 2.33 2.49 2.39 2.36 2.43 2.45 2.29 2.29 2.38 2.44 2.69 2.86 2.75 2.55 2.53 2.58 2.42 2.51 2.76 2.83 2.89 2.75 3.13 3.58 3.33 3.13 3.31 3.56 3.36 3.42 3.98 4.21 4.03 3.84 4.00 4.58 4.74 4.56 4.75 5.18 5.53 5.67 5.90 6.20 6.39 6.52 6.58 6.55 6.43 6.11 5.89 6.10 6.51 6.82 7.01 7.03 6.92 6.77 6.58 6.34 6.15 6.10
2.39 2.58 2.74 2.88 3.18 3.22 3.01 2.71 2.35 2.20 2.01 1.89 1.70 1.69 1.93 2.25 2.62 2.38 2.17 2.36 2.50 2.30 2.21 2.38 2.34 2.31 2.40 2.50 2.48 2.38 2.38 2.34 2.37 2.63 2.72 2.52 2.42 2.54 2.39 2.40 2.73 2.80 2.78 2.68 2.96 3.46 3.44 3.20 3.17 3.45 3.38 3.33 3.79 4.07 4.06 3.93 3.95 4.45 4.75 4.71 4.90 5.19 5.46 5.66 5.90 6.23 6.47 6.65 6.86 7.02 6.92 6.48 6.17 6.40 6.94 7.28 7.39 7.37 7.10 6.83 6.57 6.39 6.25 6.05
2.26 2.47 2.47 2.43 2.86 3.22 3.38 3.24 2.80 2.61 2.44 2.17 1.90 1.57 1.57 1.89 2.37 2.36 2.24 2.33 2.52 2.44 2.19 2.27 2.25 2.25 2.29 2.35 2.50 2.52 2.61 2.54 2.34 2.47 2.55 2.47 2.41 2.43 2.36 2.32 2.63 2.79 2.70 2.67 2.84 3.29 3.49 3.30 3.14 3.26 3.33 3.33 3.70 3.87 3.92 3.99 4.03 4.38 4.65 4.75 4.94 5.18 5.43 5.67 5.90 6.19 6.48 6.69 7.04 7.46 7.49 7.15 7.17 7.26 7.59 7.79 7.67 7.64 7.40 6.86 6.46 6.28 6.36 6.22
1.94 2.31 2.38 2.08 2.23 2.56 2.95 3.23 3.14 3.05 2.88 2.67 2.50 2.04 1.71 1.74 2.06 2.19 2.16 2.15 2.31 2.40 2.22 2.19 2.16 2.17 2.23 2.16 2.23 2.30 2.51 2.68 2.50 2.50 2.50 2.39 2.42 2.41 2.31 2.24 2.48 2.76 2.68 2.66 2.76 3.14 3.46 3.42 3.29 3.19 3.17 3.27 3.64 3.72 3.76 3.98 4.14 4.38 4.60 4.73 4.91 5.15 5.38 5.68 5.95 6.10 6.42 6.72 7.06 7.64 7.75 7.66 10.51 8.38 7.95 8.18 7.69 7.58 7.64 7.16 6.66 5.89 5.82 6.32
1.83 2.12 2.33 2.17 2.17 2.29 2.46 2.59 2.69 2.93 2.80 2.45 2.51 2.38 2.02 1.88 1.97 2.13 2.14 2.09 2.13 2.19 2.09 2.06 2.11 2.11 2.21 2.18 2.11 2.13 2.25 2.53 2.57 2.55 2.54 2.38 2.35 2.40 2.33 2.21 2.29 2.63 2.72 2.62 2.69 3.05 3.36 3.39 3.44 3.38 3.21 3.25 3.52 3.58 3.67 3.95 4.21 4.41 4.59 4.71 4.87 5.08 5.29 5.61 6.04 6.06 6.32 6.72 6.93 7.52 7.38 6.71 7.30 6.96 7.10 8.06 7.57 7.07 7.37 7.53 7.36 6.05 5.37 6.21
1.90 2.08 2.31 2.33 2.35 2.51 2.60 2.29 2.16 2.64 2.76 2.26 2.18 2.34 2.15 1.95 1.93 2.09 2.22 2.22 2.24 2.23 2.09 1.94 1.99 2.05 2.16 2.23 2.15 2.10 2.15 2.30 2.35 2.45 2.56 2.40 2.31 2.34 2.32 2.27 2.17 2.34 2.66 2.61 2.57 2.97 3.26 3.28 3.40 3.54 3.48 3.41 3.47 3.52 3.70 4.00 4.27 4.44 4.57 4.67 4.80 4.98 5.16 5.38 5.94 6.03 6.09 6.55 6.76 7.15 6.74 5.55 5.39 5.57 5.57 7.00 7.43 6.62 6.59 7.19 7.63 6.93 6.09 5.99
1.96 2.10 2.32 2.26 2.13 2.36 2.78 2.50 2.07 2.46 2.82 2.58 2.31 2.25 2.15 1.97 1.91 2.01 2.16 2.21 2.25 2.27 2.19 1.98 1.83 1.84 1.93 2.06 2.10 2.03 2.08 2.20 2.08 2.14 2.43 2.39 2.24 2.20 2.20 2.28 2.25 2.13 2.42 2.62 2.47 2.80 3.15 3.19 3.30 3.51 3.65 3.65 3.65 3.72 3.86 4.12 4.33 4.46 4.54 4.59 4.70 4.87 5.03 5.04 5.60 6.02 5.79 6.02 6.46 6.65 6.07 4.62 4.51 5.19 4.53 5.31 6.83 6.74 6.19 6.46 6.90 6.87 6.62 6.00
1.84 1.99 2.29 2.22 2.00 2.11 2.54 2.56 2.15 2.26 2.54 2.52 2.50 2.36 2.21 2.02 1.87 1.93 2.05 2.11 2.09 2.09 2.10 2.05 1.92 1.82 1.76 1.82 1.98 2.02 2.05 2.19 2.07 1.95 2.18 2.38 2.30 2.13 2.06 2.16 2.32 2.16 2.14 2.50 2.50 2.62 2.94 3.08 3.20 3.40 3.60 3.72 3.97 4.63 4.01 4.12 4.31 4.46 4.45 4.44 4.59 4.80 5.02 4.84 5.12 6.03 5.98 5.91 6.63 6.72 6.09 4.46 4.04 4.85 4.31 4.10 5.48 6.58 6.43 6.30 6.27 6.41 6.66 6.29
1.66 1.79 2.20 2.31 2.19 2.27 2.43 2.36 2.13 2.18 2.23 2.23 2.36 2.32 2.26 2.13 1.90 1.90 2.02 2.13 2.15 2.07 2.04 2.04 2.02 1.98 1.83 1.74 1.84 1.89 1.93 2.03 2.02 1.89 1.91 2.16 2.28 2.11 1.97 1.96 2.16 2.20 2.00 2.22 2.46 2.52 2.71 2.90 3.04 3.21 3.37 3.46 3.56 3.74 3.68 3.82 4.03 4.42 4.43 4.25 4.48 4.72 5.11 5.04 4.85 5.78 6.36 6.53 7.00 6.69 6.26 5.32 4.33 4.36 4.25 3.84 4.29 5.53 6.29 6.44 6.05 6.03 6.43 6.25
1.77 1.74 1.92 2.14 2.21 2.36 2.59 2.41 2.08 2.19 2.13 2.08 2.25 2.18 2.11 2.13 1.99 1.89 1.98 2.09 2.17 2.12 1.99 1.93 1.88 1.87 1.79 1.70 1.78 1.75 1.81 1.90 1.84 1.77 1.76 1.91 2.09 2.05 1.95 1.83 1.92 2.15 2.00 2.01 2.25 2.37 2.52 2.69 2.81 2.93 3.03 3.02 2.92 2.93 3.10 3.34 3.48 3.97 4.33 3.99 4.17 4.41 4.79 5.10 4.84 5.17 5.73 5.98 5.94 5.58 5.38 5.18 4.49 3.90 3.88 3.94 4.09 4.77 5.65 6.18 5.95 5.71 5.99 6.02
1.97 1.87 1.82 1.87 2.01 2.21 2.59 2.59 2.15 2.18 2.13 1.98 2.14 2.17 2.00 1.98 1.97 1.88 1.90 1.95 1.99 2.05 1.91 1.82 1.86 1.79 1.69 1.63 1.72 1.69 1.70 1.84 1.80 1.68 1.65 1.72 1.84 1.89 1.92 1.82 1.73 1.95 1.97 1.91 2.04 2.16 2.29 2.43 2.54 2.62 2.65 2.60 2.48 2.49 2.64 2.88 2.97 3.30 3.89 3.75 3.90 4.11 4.27 4.55 4.38 4.45 4.89 5.14 4.98 5.00 4.94 4.69 4.40 3.79 3.56 3.84 4.29 4.85 5.39 5.64 5.60 5.51 5.56 5.76
2.06 2.01 1.92 1.83 1.82 1.98 2.47 2.70 2.30 2.13 2.12 1.96 1.94 2.03 1.97 1.91 1.89 1.85 1.85 1.86 1.81 1.92 1.87 1.71 1.86 1.85 1.76 1.65 1.64 1.64 1.58 1.69 1.70 1.62 1.57 1.55 1.59 1.67 1.73 1.77 1.66 1.66 1.78 1.78 1.84 1.93 2.02 2.14 2.24 2.30 2.30 2.26 2.14 2.16 2.34 2.47 2.55 2.88 3.28 3.31 3.54 3.77 3.92 4.11 3.90 3.92 4.34 4.62 4.54 4.62 4.75 4.40 4.11 3.80 3.53 3.70 4.37 5.52 5.74 5.27 5.16 5.28 5.36 5.51
