windninja/all_results/maria_elevation_tif_point_11-01-2019_0300_500m_ang.asc
ncols	128
nrows	92
xllcorner	280654.681342
yllcorner	3772085.885776
cellsize	500.000000
NODATA_value	-32768.000000
[rows 0 to 54 of 92, columns 0 to 95 of 128]
42 38 37 40 43 45 36 27 33 35 34 36 38 43 46 46 47 39 30 31 34 33 32 33 33 31 33 36 36 36 36 36 35 35 35 32 23 20 29 30 28 31 27 23 26 30 34 35 28 28 26 18 21 31 34 36 39 38 37 35 27 27 28 24 27 31 36 44 49 50 47 47 51 55 56 56 56 55 52 49 47 33 20 30 38 35 33 33 37 37 35 37 35 37 44 44
42 38 37 40 43 45 36 27 33 35 34 36 38 43 46 46 47 39 30 31 34 33 32 33 33 31 33 36 36 36 36 36 35 35 35 32 23 20 29 30 28 31 27 23 26 30 34 35 28 28 26 18 21 31 34 36 39 38 37 35 27 27 28 24 27 31 36 44 49 50 47 47 51 55 56 56 56 55 52 49 47 33 20 30 38 35 33 33 37 37 35 37 35 37 44 44
50 47 45 47 48 47 38 34 41 41 40 43 45 46 46 44 43 37 33 38 40 38 36 38 39 38 40 42 41 41 41 41 41 41 39 35 29 30 37 33 30 33 32 29 35 40 41 38 31 31 31 26 31 39 38 38 42 40 38 36 30 30 32 29 33 38 43 46 45 45 44 47 49 51 50 51 51 48 45 43 40 27 20 36 40 34 32 32 35 35 38 45 42 36 38 40
51 48 46 47 47 45 38 38 47 47 46 49 48 46 45 43 41 38 38 44 46 44 44 46 47 46 46 47 46 45 44 45 45 44 43 40 39 42 45 39 37 41 40 35 42 51 47 43 38 37 38 37 46 51 42 41 46 43 37 37 32 33 40 42 45 47 48 47 44 43 44 46 47 47 46 46 42 37 37 40 38 26 22 38 39 32 32 34 35 38 42 48 43 33 36 39
43 42 40 39 44 46 42 40 44 46 49 51 49 48 47 47 45 41 40 43 46 46 46 48 50 48 47 48 48 48 46 46 45 44 43 41 41 41 41 41 42 47 46 37 40 47 43 41 42 39 39 38 47 50 40 39 46 45 36 36 33 34 42 43 44 43 43 43 42 44 45 45 47 49 47 44 41 40 46 50 43 28 23 35 38 35 38 36 34 36 39 39 34 33 37 42
39 44 45 44 50 53 49 46 47 47 50 52 52 51 49 48 46 42 42 45 47 46 46 48 49 49 48 48 49 49 48 47 47 46 44 43 43 42 41 42 42 45 47 42 47 50 43 37 38 38 36 39 46 45 42 37 44 47 41 36 32 34 35 34 40 40 40 42 39 42 44 42 42 44 44 48 51 52 53 48 38 31 32 42 43 42 44 39 34 36 42 43 37 38 40 44
40 45 48 46 49 51 47 45 45 46 48 48 48 48 47 46 44 43 43 45 45 45 46 47 48 47 46 46 47 47 46 46 46 45 45 44 44 44 45 47 46 47 46 43 48 49 43 39 39 39 36 43 46 43 43 37 38 48 46 37 30 36 37 39 46 42 42 42 40 44 45 39 38 39 41 44 41 36 36 38 40 45 50 48 41 44 49 47 44 44 53 52 44 44 44 46
38 43 44 41 42 42 39 40 42 45 46 46 45 43 44 44 43 43 44 46 46 46 46 47 48 47 46 47 47 48 48 48 48 47 47 48 48 48 50 51 51 50 48 47 47 45 43 44 46 44 43 47 46 44 46 40 36 43 48 44 40 48 48 50 53 48 47 45 41 47 47 43 46 48 47 45 38 35 40 45 43 40 38 30 25 36 44 46 46 44 50 47 39 41 45 47
34 40 43 42 43 42 38 39 41 43 44 46 45 44 44 45 43 43 44 46 46 46 47 47 47 46 45 46 47 48 48 49 50 49 48 48 47 45 46 46 47 47 48 48 47 47 45 45 46 47 49 48 46 47 48 42 40 45 54 55 55 61 58 54 56 55 55 52 50 54 52 47 51 55 60 62 57 52 48 38 29 31 33 28 22 28 34 37 39 38 43 40 35 40 45 45
32 38 44 45 46 46 42 41 42 44 45 47 47 47 47 46 44 44 44 45 46 46 46 46 46 45 45 47 50 52 52 50 49 46 44 44 44 43 44 44 44 45 47 49 51 52 51 48 48 49 51 50 50 49 46 43 47 52 56 54 49 52 59 64 64 62 59 56 52 55 49 41 41 42 49 53 47 36 31 30 29 37 42 36 28 27 30 33 40 43 43 40 38 43 47 45
31 36 45 46 45 45 45 45 45 46 47 47 47 47 46 45 44 45 45 46 47 46 45 46 46 46 44 44 46 48 47 45 43 41 42 45 46 46 47 48 47 47 49 50 51 52 52 50 49 50 49 49 49 48 44 41 42 41 39 36 34 39 44 48 49 48 44 37 32 40 42 35 34 35 40 39 32 28 31 38 39 42 43 37 31 29 33 38 47 52 43 40 42 46 48 46
34 39 49 50 48 47 47 47 47 47 47 48 47 46 46 45 44 45 46 47 48 48 46 46 48 47 44 41 41 42 41 40 42 44 47 49 49 49 50 51 50 49 50 50 50 51 52 52 55 54 50 47 46 47 42 36 34 32 31 32 31 32 36 34 30 29 30 31 28 37 44 36 30 35 44 44 38 35 39 41 38 39 38 33 31 32 37 39 48 53 41 37 42 45 49 49
40 44 51 51 49 48 47 46 46 46 46 47 47 45 44 43 44 45 46 46 47 47 44 45 47 46 44 43 43 46 46 46 46 48 49 48 48 47 48 48 45 45 48 49 48 50 51 53 56 57 56 55 51 48 40 33 35 38 40 42 39 34 36 37 33 31 35 40 36 40 47 40 30 32 46 49 42 34 37 40 37 39 38 33 32 35 38 38 48 53 43 36 41 47 50 52
49 49 50 50 48 47 47 47 45 45 44 45 45 43 42 42 43 44 45 45 45 46 45 46 49 47 47 48 50 54 53 50 47 49 51 50 51 48 47 47 43 44 48 47 45 46 46 44 43 43 43 45 45 43 35 30 35 40 43 42 38 36 39 44 45 41 43 45 39 40 45 43 36 32 45 51 45 35 35 39 38 39 39 34 32 35 40 41 46 50 45 35 38 46 44 48
51 50 48 48 46 45 46 46 44 44 44 44 45 43 40 41 44 45 45 44 44 46 48 50 53 53 53 52 51 52 51 46 43 48 49 46 46 44 44 45 41 41 43 41 39 38 36 34 34 34 32 32 34 36 34 30 34 39 42 39 33 35 40 47 49 45 45 47 44 45 46 46 44 40 48 53 48 40 37 39 40 39 38 35 31 33 39 39 40 44 44 36 36 42 41 46
55 52 47 46 46 45 46 46 44 44 45 46 47 45 42 42 44 45 45 44 44 46 45 44 47 49 52 52 49 49 48 42 39 42 37 35 36 35 35 34 31 33 36 33 33 33 33 34 36 38 39 39 42 44 40 33 33 39 42 40 37 46 52 54 52 46 47 47 47 51 51 53 51 47 50 54 51 46 43 41 42 41 39 36 33 32 37 39 37 42 44 39 39 45 45 47
59 55 50 49 48 47 47 47 45 46 47 48 48 45 42 42 43 45 44 42 42 43 43 41 40 41 43 43 40 41 39 32 30 34 32 34 37 34 33 32 29 34 36 33 36 38 40 43 45 47 46 44 47 48 43 34 32 37 44 42 40 46 50 51 47 43 45 43 45 49 48 53 52 48 47 49 49 47 45 42 42 42 40 38 36 35 40 43 42 45 47 44 43 44 41 39
54 50 45 46 46 45 45 46 46 45 47 49 47 43 42 43 45 46 44 42 43 44 45 42 38 36 36 34 31 32 31 29 32 39 39 41 43 37 38 39 37 42 42 40 45 48 48 49 47 47 46 42 43 44 41 37 33 39 45 42 40 41 42 43 40 40 43 42 42 44 43 48 49 48 46 44 45 45 45 43 42 42 41 40 39 39 42 46 45 46 47 44 41 38 37 38
48 45 40 39 40 40 41 44 44 44 46 49 47 42 42 44 46 46 45 45 45 46 43 39 37 37 40 39 38 39 40 42 47 50 49 49 49 46 46 47 46 49 49 48 48 49 49 48 45 45 45 41 42 45 42 39 35 39 43 39 38 41 42 40 39 39 41 41 42 44 43 48 49 49 47 45 45 45 44 43 42 42 41 41 40 41 42 44 42 41 41 40 41 41 40 43
48 46 44 42 42 42 42 44 44 43 44 47 46 41 42 44 46 44 44 45 43 42 41 39 39 42 46 49 49 50 49 49 50 48 47 49 51 50 47 48 50 50 50 49 46 46 47 46 44 44 45 42 42 44 42 39 37 36 38 37 38 42 43 40 41 41 38 40 43 44 44 46 48 48 46 45 45 44 43 43 42 41 41 41 41 41 42 42 41 41 42 42 44 43 42 45
51 51 50 50 49 47 45 45 45 43 45 48 47 41 41 43 44 43 42 41 41 44 44 44 45 47 47 47 47 47 47 48 49 48 47 49 50 48 44 44 48 47 46 46 44 45 46 45 43 43 44 43 42 45 44 41 40 37 37 40 42 46 44 41 43 44 39 39 42 43 44 45 47 46 45 45 45 44 43 42 42 41 42 42 42 42 42 43 43 44 47 48 48 46 45 47
54 53 51 50 50 48 46 45 45 44 45 49 48 41 40 42 42 42 41 43 45 49 48 45 47 49 49 49 48 47 48 51 53 51 48 49 48 45 43 43 48 50 48 47 45 46 46 45 43 42 41 41 42 46 45 41 42 41 39 40 45 50 47 43 45 46 42 40 41 34 42 44 45 45 44 43 43 43 42 42 42 42 42 42 42 43 43 44 44 45 48 50 50 50 49 49
54 51 47 45 45 46 45 46 45 44 44 47 46 40 40 42 43 44 43 45 46 48 48 44 46 48 49 49 47 47 47 49 51 50 47 48 49 47 45 44 47 50 47 44 44 46 46 44 45 44 42 41 43 44 42 40 42 43 40 39 45 48 46 43 45 45 43 43 45 41 43 43 43 43 43 42 42 42 42 42 42 42 42 42 43 43 43 44 44 45 46 47 48 49 49 49
53 50 46 45 48 49 47 47 47 44 44 47 47 39 38 43 45 46 44 45 46 47 48 45 47 48 48 46 44 47 48 51 52 50 48 49 50 48 46 43 46 48 44 42 44 46 44 42 45 43 40 40 44 45 42 41 42 44 41 40 43 47 46 44 48 49 50 50 52 51 48 46 45 44 43 42 42 42 42 42 42 42 42 43 43 43 43 44 44 45 47 47 47 47 47 47
55 54 50 49 53 53 52 52 50 47 45 48 47 38 37 45 47 45 43 46 49 48 49 47 44 45 46 45 45 47 50 52 53 52 50 50 50 48 46 43 46 48 44 42 45 48 44 41 43 43 39 40 45 45 43 40 42 45 43 42 45 49 49 47 51 54 55 56 56 55 53 51 49 47 44 43 42 42 42 42 42 42 43 43 44 44 44 44 45 46 47 48 47 46 45 44
50 51 48 47 52 51 50 52 51 50 49 51 48 41 40 48 50 45 42 46 49 46 47 47 43 45 47 48 48 48 49 49 51 51 50 50 50 49 45 44 46 47 45 41 44 47 44 42 45 44 39 40 44 44 42 40 41 45 45 44 46 50 51 50 52 54 55 56 57 58 57 56 53 50 46 43 42 42 42 43 43 43 43 43 44 44 44 45 45 45 46 47 47 45 44 42
45 46 43 41 45 45 46 49 50 51 52 53 47 41 40 44 49 43 40 47 50 46 46 47 45 45 46 49 49 51 52 51 50 49 48 46 45 46 43 43 46 47 45 41 44 47 43 41 42 43 40 40 43 44 42 40 41 44 45 44 46 50 51 51 52 53 55 56 57 59 60 61 57 52 46 43 42 43 43 44 44 44 44 45 45 44 44 45 45 45 45 47 47 46 46 42
45 45 38 34 38 40 44 49 50 51 51 51 46 40 37 40 45 40 39 46 49 47 45 47 45 44 45 46 47 49 51 52 52 52 50 47 46 47 43 43 46 47 45 43 45 47 46 43 41 42 40 39 42 43 42 40 41 44 46 45 47 49 50 51 52 53 53 54 55 58 61 63 60 53 46 44 44 45 46 46 46 45 46 45 44 43 43 44 46 47 47 48 49 48 47 44
37 39 36 34 38 40 42 44 42 41 42 42 41 38 38 45 47 43 41 44 46 46 45 47 45 45 46 45 45 43 46 49 49 52 51 48 46 47 44 43 46 48 45 44 45 47 47 45 42 41 39 38 41 42 41 42 42 46 47 47 48 49 50 51 52 53 53 53 54 56 59 62 64 56 48 47 47 48 49 48 46 44 44 45 44 40 40 43 43 42 42 44 44 40 38 36
30 38 41 41 47 48 45 42 37 37 37 35 37 36 38 44 47 46 46 47 50 49 46 46 45 45 47 47 47 45 46 48 47 48 49 46 46 46 45 43 45 47 45 44 44 46 47 44 42 41 39 38 41 42 42 44 45 47 48 48 48 50 51 52 53 53 52 52 51 53 54 60 88 66 52 51 50 47 47 48 50 48 45 47 45 37 35 36 35 33 33 35 34 31 29 29
31 41 46 46 48 49 49 46 42 45 46 43 43 41 39 39 43 46 49 51 54 54 50 46 45 45 47 47 47 46 46 48 46 46 47 46 46 46 45 44 44 46 46 44 43 46 46 44 42 40 39 39 42 43 44 45 47 47 48 48 49 50 51 51 52 51 51 50 47 48 49 52 68 64 55 54 51 46 45 45 48 46 40 40 39 33 30 34 35 33 33 37 36 34 35 35
35 40 44 41 38 41 49 50 47 51 53 48 46 45 42 40 42 45 46 47 48 49 48 45 44 43 44 45 44 44 47 50 48 46 48 46 46 46 45 45 45 46 47 45 43 46 47 45 44 42 41 40 42 43 44 46 47 48 48 49 49 50 51 50 52 53 50 48 44 44 44 43 55 62 57 53 50 45 42 40 40 37 34 36 38 35 34 39 42 41 40 42 41 39 38 38
31 35 40 40 38 44 50 48 42 48 49 43 43 46 45 42 41 42 45 45 46 47 47 46 46 47 46 46 46 46 49 52 50 48 49 49 48 47 45 45 46 46 47 47 45 47 49 48 47 47 45 43 42 42 44 46 48 48 49 50 50 51 53 52 53 56 56 52 46 45 46 45 51 59 52 46 45 42 38 38 40 40 41 40 42 40 38 39 40 38 39 41 40 39 37 38
26 32 43 44 44 51 54 49 42 48 50 45 44 44 44 42 40 42 45 48 50 50 48 46 45 47 47 46 47 47 48 50 49 47 48 48 48 47 45 44 47 46 46 48 47 50 52 51 50 49 48 46 42 39 44 46 47 50 50 49 49 50 52 51 49 51 51 47 44 42 45 44 46 51 46 40 40 39 37 40 42 42 43 40 40 39 36 35 35 35 37 40 40 40 38 38
28 35 44 43 42 48 54 53 48 52 52 48 48 45 43 42 39 41 44 47 48 47 45 44 43 45 44 44 48 49 50 52 50 47 47 49 50 47 46 46 48 49 48 50 50 50 52 52 51 50 50 48 44 41 43 44 44 46 47 43 42 41 42 41 35 36 36 35 36 36 39 41 43 48 46 41 39 40 39 41 40 41 42 40 37 36 34 35 36 37 39 40 41 40 37 36
36 39 45 44 43 46 51 53 50 52 50 47 49 48 45 43 40 40 43 45 45 46 45 46 47 48 45 44 50 51 51 53 52 48 47 50 51 48 48 48 48 50 48 49 51 50 51 51 51 51 50 48 45 43 42 42 41 42 43 38 36 34 32 30 27 29 34 35 35 36 43 48 50 50 47 41 35 34 38 41 42 41 42 40 38 37 37 37 38 38 39 40 40 40 38 36
41 42 45 45 44 45 51 53 48 49 48 46 49 48 45 44 42 40 43 46 48 50 49 47 49 49 47 47 51 49 48 51 50 48 49 52 51 49 48 48 48 50 48 48 50 51 51 51 51 51 50 48 45 43 42 41 39 39 39 32 28 27 27 30 31 35 38 37 34 36 42 47 49 48 44 39 32 29 34 42 43 41 40 41 39 39 39 38 37 38 39 40 40 40 38 37
42 42 44 45 45 43 49 52 49 49 50 49 51 49 45 43 42 42 46 51 51 51 49 44 46 45 45 48 49 49 48 52 51 49 52 53 51 50 49 49 49 50 50 49 50 51 51 52 52 52 51 49 46 42 42 40 36 34 33 27 26 27 31 36 36 35 35 34 31 32 37 41 44 44 42 40 37 26 27 38 39 39 38 39 38 37 38 38 38 38 39 39 40 40 39 39
43 44 44 45 44 43 48 51 50 49 50 49 49 48 44 42 43 44 48 52 51 51 49 43 47 47 48 49 50 49 49 53 52 49 51 51 49 51 50 50 50 49 50 50 50 51 51 52 53 52 52 51 47 43 44 43 39 38 37 34 34 35 34 36 35 32 33 32 29 28 32 37 41 44 44 44 41 32 27 30 31 32 34 35 36 36 36 37 38 38 39 40 40 40 39 40
44 44 45 45 45 45 47 49 48 46 46 45 45 44 41 42 44 44 46 49 49 50 48 45 48 50 49 50 52 49 48 51 50 49 52 51 50 51 51 51 52 50 50 50 51 51 52 52 53 53 54 54 52 48 48 47 45 44 43 41 37 35 31 35 36 33 32 30 26 24 26 28 33 38 39 40 38 32 26 24 24 25 29 32 33 34 35 36 37 38 39 40 40 40 39 40
45 45 45 45 46 45 45 47 46 45 45 44 44 43 41 42 44 44 44 47 49 49 46 43 47 49 46 48 50 47 47 50 50 50 53 53 51 52 53 53 53 52 51 51 51 51 52 52 53 54 54 56 59 58 56 53 49 44 42 41 36 34 32 35 38 36 32 30 27 24 23 0 15 28 30 31 32 29 26 23 22 22 26 29 31 33 34 35 36 36 38 37 37 39 38 39
45 45 45 46 46 46 47 48 49 49 50 47 46 45 43 42 43 44 43 46 49 49 46 42 46 49 46 49 51 49 49 52 52 51 53 52 52 53 54 54 54 53 52 52 52 52 51 51 52 54 55 57 62 66 65 61 53 45 42 42 39 36 34 35 39 37 33 31 30 30 30 25 24 24 24 27 29 29 28 27 24 24 26 29 31 33 34 35 34 35 36 37 36 38 38 38
45 45 46 46 46 47 47 49 51 53 53 50 48 45 44 42 43 44 44 47 48 47 45 42 48 50 46 50 51 50 49 51 53 53 54 53 53 54 54 55 54 53 53 52 52 52 51 50 50 52 57 62 68 69 64 56 49 44 43 42 39 36 33 33 35 36 34 33 34 35 34 34 29 24 25 27 28 28 31 39 28 27 29 30 32 33 34 34 34 35 37 38 38 39 39 39
45 46 46 46 46 47 47 48 50 52 53 51 48 46 44 43 45 47 47 49 49 48 47 44 49 50 48 49 50 50 50 51 52 54 55 54 54 55 55 55 55 54 54 53 52 51 49 48 47 49 54 62 74 80 67 51 45 42 41 40 38 34 31 30 32 34 34 33 35 36 35 35 32 28 27 27 26 26 28 32 32 31 31 32 32 33 34 34 34 36 37 38 38 39 39 40
46 46 46 46 46 47 47 48 49 50 51 51 49 47 46 46 48 49 49 50 51 52 50 48 50 50 50 51 52 52 52 53 54 54 55 55 55 55 55 56 55 55 55 54 52 51 49 47 47 50 55 62 85 114 70 49 44 41 39 38 35 32 30 29 29 32 33 34 37 37 36 35 34 30 28 27 26 26 29 33 35 35 33 32 32 33 35 36 36 37 38 38 39 39 39 40
46 46 46 46 46 47 47 48 48 48 49 49 49 48 47 48 49 50 50 50 51 52 52 51 52 52 51 52 53 53 53 53 54 54 55 55 56 56 57 57 57 57 56 55 53 51 49 48 51 55 60 68 102 148 71 51 45 41 39 36 33 31 30 29 29 31 33 35 36 37 37 36 34 32 29 28 28 28 30 33 35 35 33 34 35 36 37 37 37 38 38 39 40 40 40 41
46 46 46 46 46 47 47 47 47 48 48 48 48 48 48 48 48 49 49 50 50 50 51 51 52 52 51 52 52 52 52 53 54 54 55 55 56 57 58 59 59 59 59 57 55 52 51 51 53 58 67 82 99 97 74 57 48 42 38 36 33 32 31 30 31 32 33 35 36 37 37 36 34 32 30 30 30 30 31 33 35 36 36 37 38 38 38 38 38 38 38 39 39 40 40 39
46 46 46 46 46 47 47 47 47 47 48 48 48 48 48 48 48 49 49 50 50 50 50 50 51 51 51 52 52 52 52 53 54 55 55 56 57 58 59 60 61 62 62 60 57 54 52 51 54 61 75 92 102 96 78 61 50 44 40 37 35 34 33 32 32 33 34 35 36 36 35 35 34 33 32 31 31 32 33 35 37 38 38 38 38 38 38 38 38 38 38 38 38 39 39 38
46 46 46 46 46 47 47 47 47 47 47 47 48 48 48 48 48 48 49 49 50 50 50 50 50 51 51 51 52 52 52 53 54 55 55 56 57 58 59 60 62 64 65 64 60 55 52 51 54 61 76 94 101 93 76 61 52 46 42 39 37 36 35 34 34 34 35 35 36 36 35 35 34 33 32 32 33 34 36 37 38 39 39 39 39 38 37 38 38 38 38 38 38 38 37 37
46 46 46 46 46 47 47 47 47 47 47 47 47 48 48 48 48 48 48 49 49 49 50 50 50 50 51 51 52 52 52 53 54 54 55 56 57 58 59 60 63 66 68 68 64 58 54 53 54 60 75 104 108 84 68 58 51 46 43 40 39 38 37 37 37 36 35 35 35 35 35 35 35 35 34 34 36 38 39 39 38 38 37 37 37 37 37 39 39 39 38 38 38 38 38 37
46 46 46 46 46 47 47 47 47 47 47 47 47 47 48 48 48 48 48 49 49 49 50 50 50 50 51 51 52 52 52 53 53 54 55 56 57 57 59 60 63 66 69 72 69 61 57 56 58 62 76 122 112 73 61 55 50 46 44 42 40 38 37 36 36 35 33 32 33 34 34 35 36 36 37 36 36 37 36 34 34 35 34 34 36 36 38 38 38 37 36 36 37 38 38 38
46 46 46 46 46 47 47 47 47 47 47 47 47 47 48 48 48 48 48 48 49 49 49 50 50 50 51 51 52 52 52 53 54 54 55 56 56 57 58 60 62 64 69 80 80 67 63 62 64 69 81 90 82 68 59 54 50 47 44 41 38 35 33 32 32 33 32 32 34 35 35 36 37 36 35 33 31 30 30 30 31 33 34 35 35 35 34 34 33 32 33 34 35 37 38 38
46 46 46 46 46 47 47 47 47 47 47 47 47 47 48 48 48 48 48 48 49 49 49 50 50 50 51 51 52 52 52 53 54 54 55 55 56 57 58 59 61 63 67 76 78 72 69 68 70 75 82 84 78 68 59 54 50 46 43 39 37 35 33 34 35 35 35 35 36 36 36 35 35 34 31 30 29 30 32 32 33 33 34 34 32 31 32 33 34 34 35 36 37 39 39 38
46 46 46 46 46 47 47 47 47 47 47 47 47 47 48 48 48 48 48 48 48 49 49 50 50 50 51 51 51 52 52 53 53 54 54 55 55 56 57 58 60 62 65 71 75 74 73 72 73 76 79 79 74 67 60 54 50 46 43 40 40 39 39 39 40 40 39 38 37 36 35 34 33 32 32 32 34 35 36 36 37 36 36 35 34 34 36 38 39 39 39 39 40 41 41 40
46 46 46 46 46 47 47 47 47 47 47 47 47 47 48 48 48 48 48 48 48 49 49 49 50 50 51 51 52 52 52 53 53 54 54 54 55 56 57 58 59 62 65 70 73 74 74 73 74 75 76 75 72 67 61 56 52 49 46 44 44 43 42 42 42 41 40 38 37 36 35 34 35 36 36 37 38 38 39 39 39 39 40 41 40 39 40 41 41 42 42 43 44 44 42 40
