windninja/all_results/maria_elevation_tif_point_11-01-2019_0400_500m_vel.asc
ncols	128
nrows	92
xllcorner	280654.681342
yllcorner	3772085.885776
cellsize	500.000000
NODATA_value	-32768.000000
[rows 38 to 75 of 92, columns 0 to 83 of 128]
4.06 3.99 3.88 3.74 3.53 3.53 4.16 5.02 4.84 4.21 4.05 4.00 3.87 3.83 3.96 4.06 4.02 3.94 3.96 3.91 3.70 3.86 4.02 3.90 3.97 4.02 4.07 3.98 3.76 3.72 3.76 3.84 3.81 3.87 3.98 3.87 3.77 3.84 3.87 4.02 4.07 3.84 3.78 3.79 3.74 3.73 3.71 3.72 3.71 3.68 3.62 3.58 3.48 3.55 3.82 3.92 4.04 4.45 4.91 5.15 5.65 6.61 7.78 8.79 8.66 8.08 7.98 7.74 7.31 6.88 6.59 6.02 5.27 4.94 4.87 5.01 5.59 6.61 6.53 5.60 5.21 5.21 5.38 5.47
4.11 4.06 3.99 3.89 3.69 3.46 3.65 4.58 5.26 5.02 4.58 4.44 4.44 4.26 4.03 4.02 3.99 3.92 4.06 4.30 4.13 3.96 3.91 3.79 3.83 3.79 3.82 3.99 3.82 3.58 3.71 3.98 3.91 3.81 3.93 3.91 3.74 3.75 3.77 3.76 3.86 3.84 3.76 3.71 3.68 3.67 3.65 3.63 3.61 3.55 3.45 3.31 3.04 2.93 3.27 3.60 3.59 3.58 3.87 4.25 4.90 6.04 7.34 8.49 8.61 7.66 7.19 7.08 6.84 6.53 6.22 5.60 4.94 4.72 4.92 5.42 5.99 6.45 6.35 5.83 5.45 5.31 5.43 5.55
4.12 4.09 4.03 3.96 3.83 3.61 3.51 3.89 4.74 5.30 5.15 4.72 4.54 4.46 4.22 4.08 4.07 4.00 4.06 4.37 4.43 4.17 3.94 3.89 4.03 4.03 3.90 4.11 4.23 3.90 3.72 3.94 4.01 3.82 3.75 3.74 3.67 3.61 3.62 3.60 3.59 3.61 3.62 3.62 3.60 3.59 3.56 3.54 3.51 3.44 3.32 3.22 2.82 2.31 2.39 2.87 3.37 3.67 4.02 4.55 5.17 6.17 7.64 8.08 7.77 7.06 6.43 6.21 6.04 5.81 5.47 4.69 4.85 5.34 5.63 6.12 6.58 6.62 6.33 6.01 5.83 5.71 5.69 5.75
4.15 4.12 4.07 4.01 3.92 3.76 3.50 3.42 3.72 4.34 4.82 4.63 4.33 4.22 4.16 4.10 4.13 4.16 4.16 4.30 4.45 4.30 3.99 3.93 4.10 4.12 3.83 3.79 3.98 3.95 3.66 3.59 3.76 3.81 3.78 3.69 3.62 3.54 3.48 3.49 3.49 3.47 3.46 3.47 3.47 3.47 3.45 3.43 3.40 3.33 3.11 2.99 2.83 2.16 1.84 2.15 2.75 3.46 4.06 4.55 5.11 6.43 10.12 9.09 6.84 6.29 5.87 5.60 5.30 5.03 5.01 5.17 5.70 6.21 6.47 6.62 6.77 6.59 6.03 5.65 5.79 5.83 5.75 5.72
4.15 4.13 4.09 4.04 3.98 3.89 3.71 3.47 3.35 3.57 4.16 4.42 4.30 4.14 4.11 4.12 4.17 4.15 4.04 4.10 4.36 4.55 4.30 3.87 3.88 4.01 3.88 3.80 3.77 3.81 3.77 3.67 3.62 3.66 3.73 3.65 3.55 3.51 3.47 3.42 3.40 3.38 3.36 3.35 3.34 3.34 3.32 3.30 3.27 3.27 3.03 2.63 2.54 2.14 1.85 2.27 2.85 3.39 4.01 4.74 5.54 6.61 8.14 7.74 6.36 5.80 5.47 5.27 5.13 4.91 5.04 5.69 6.23 6.48 6.64 6.63 6.60 6.48 5.79 5.04 5.81 5.98 5.91 5.76
4.16 4.14 4.11 4.07 4.02 3.96 3.87 3.73 3.55 3.49 3.74 4.11 4.23 4.13 4.03 3.99 4.02 3.99 3.84 3.79 3.90 4.21 4.35 4.08 3.92 3.90 3.82 3.87 3.90 3.81 3.76 3.76 3.65 3.53 3.54 3.54 3.49 3.45 3.44 3.41 3.37 3.32 3.28 3.25 3.24 3.21 3.18 3.15 3.12 3.13 3.07 2.64 2.18 1.74 1.59 2.25 3.03 3.62 4.19 4.94 5.81 6.67 7.20 6.92 6.17 5.65 5.35 5.15 5.16 5.26 5.36 5.77 6.24 6.33 6.39 6.53 6.49 6.31 5.88 5.60 5.81 5.91 5.94 5.91
4.16 4.15 4.12 4.09 4.06 4.01 3.96 3.90 3.82 3.72 3.70 3.85 4.01 4.04 3.95 3.80 3.73 3.74 3.71 3.64 3.58 3.64 3.83 3.90 3.90 3.86 3.72 3.66 3.68 3.64 3.53 3.53 3.54 3.49 3.46 3.46 3.45 3.43 3.40 3.37 3.33 3.28 3.22 3.17 3.12 3.06 2.99 2.92 2.81 2.70 2.66 2.41 1.84 1.77 1.44 2.30 3.11 3.84 4.51 5.22 6.00 6.68 7.00 6.82 6.29 5.75 5.33 5.06 4.98 5.13 5.36 5.63 5.97 6.17 6.24 6.33 6.26 6.02 5.72 5.57 5.64 5.67 5.73 5.91
4.17 4.15 4.13 4.11 4.08 4.05 4.01 3.97 3.94 3.91 3.88 3.88 3.92 3.95 3.90 3.78 3.68 3.66 3.67 3.65 3.62 3.58 3.55 3.55 3.64 3.70 3.64 3.58 3.56 3.54 3.47 3.44 3.47 3.48 3.45 3.43 3.38 3.35 3.31 3.29 3.26 3.21 3.15 3.07 2.99 2.91 2.79 2.61 2.39 2.16 2.01 1.73 1.51 2.57 1.71 2.51 3.21 3.88 4.59 5.31 5.99 6.51 6.75 6.64 6.27 5.81 5.40 5.14 5.06 5.09 5.25 5.50 5.74 5.93 6.04 6.09 6.00 5.80 5.62 5.57 5.68 5.71 5.59 5.59
4.17 4.15 4.14 4.12 4.09 4.07 4.04 4.02 4.00 3.98 3.96 3.95 3.93 3.91 3.88 3.83 3.75 3.70 3.70 3.71 3.71 3.69 3.63 3.57 3.57 3.61 3.59 3.57 3.58 3.56 3.51 3.47 3.45 3.44 3.41 3.38 3.33 3.28 3.23 3.19 3.15 3.10 3.04 2.96 2.87 2.76 2.61 2.38 2.11 1.81 1.47 1.09 1.10 1.51 1.83 2.46 3.15 3.84 4.54 5.18 5.72 6.14 6.34 6.27 6.02 5.72 5.45 5.23 5.13 5.16 5.26 5.43 5.63 5.75 5.78 5.81 5.79 5.67 5.55 5.51 5.60 5.68 5.54 5.39
4.17 4.16 4.14 4.12 4.11 4.08 4.06 4.04 4.02 4.01 3.99 3.97 3.95 3.92 3.89 3.85 3.80 3.73 3.69 3.68 3.70 3.72 3.69 3.63 3.60 3.61 3.59 3.56 3.54 3.52 3.49 3.45 3.42 3.38 3.34 3.31 3.28 3.23 3.17 3.10 3.04 2.98 2.92 2.86 2.76 2.62 2.45 2.25 1.97 1.60 1.13 0.78 0.94 1.17 1.47 2.13 2.91 3.63 4.29 4.86 5.31 5.63 5.82 5.85 5.74 5.56 5.40 5.27 5.21 5.25 5.36 5.49 5.61 5.67 5.64 5.61 5.58 5.49 5.37 5.28 5.27 5.36 5.42 5.36
4.16 4.15 4.14 4.13 4.11 4.09 4.08 4.06 4.04 4.02 4.01 3.99 3.97 3.94 3.91 3.89 3.85 3.80 3.75 3.70 3.67 3.68 3.68 3.65 3.62 3.61 3.59 3.56 3.53 3.51 3.47 3.43 3.38 3.34 3.29 3.24 3.20 3.15 3.10 3.04 2.96 2.89 2.83 2.75 2.63 2.48 2.30 2.10 1.84 1.46 0.92 0.50 0.66 0.62 0.97 1.81 2.67 3.43 4.06 4.58 4.99 5.26 5.42 5.49 5.46 5.36 5.26 5.19 5.18 5.23 5.31 5.42 5.54 5.64 5.62 5.56 5.49 5.40 5.26 5.13 5.08 5.08 5.18 5.27
4.16 4.15 4.14 4.13 4.11 4.10 4.08 4.07 4.05 4.03 4.02 4.00 3.98 3.95 3.93 3.90 3.86 3.83 3.79 3.75 3.71 3.69 3.68 3.66 3.63 3.60 3.59 3.56 3.53 3.49 3.45 3.42 3.38 3.33 3.26 3.20 3.13 3.07 3.00 2.93 2.87 2.81 2.76 2.68 2.54 2.35 2.15 1.94 1.70 1.36 0.74 0.56 0.78 0.14 0.98 1.84 2.63 3.31 3.90 4.38 4.73 4.96 5.07 5.10 5.08 5.07 5.12 5.18 5.21 5.26 5.33 5.37 5.41 5.44 5.43 5.38 5.30 5.19 5.03 4.96 5.06 5.14 5.21 5.42
4.16 4.15 4.14 4.13 4.11 4.10 4.09 4.07 4.05 4.04 4.02 4.00 3.98 3.96 3.93 3.91 3.88 3.85 3.81 3.77 3.74 3.71 3.68 3.65 3.62 3.60 3.57 3.54 3.51 3.47 3.43 3.38 3.35 3.30 3.23 3.15 3.07 2.98 2.90 2.83 2.77 2.72 2.66 2.60 2.47 2.25 2.03 1.81 1.56 1.23 0.74 1.37 1.07 0.71 1.46 2.10 2.73 3.30 3.80 4.24 4.59 4.89 5.15 5.29 5.31 5.29 5.31 5.42 5.51 5.45 5.40 5.38 5.34 5.29 5.24 5.21 5.27 5.41 5.50 5.54 5.62 5.67 5.58 5.56
4.15 4.14 4.13 4.12 4.11 4.10 4.09 4.07 4.05 4.04 4.02 4.00 3.98 3.96 3.94 3.91 3.88 3.85 3.82 3.78 3.75 3.72 3.69 3.66 3.62 3.59 3.56 3.53 3.49 3.45 3.40 3.34 3.28 3.23 3.18 3.10 3.01 2.93 2.85 2.77 2.69 2.60 2.54 2.58 2.51 2.21 1.96 1.72 1.43 1.05 0.58 0.15 0.45 1.33 1.94 2.43 2.88 3.33 3.79 4.28 4.76 5.17 5.58 5.93 6.08 6.00 5.74 5.50 5.44 5.40 5.36 5.36 5.37 5.38 5.46 5.59 5.81 6.17 6.40 6.41 6.30 6.19 5.97 5.66
4.15 4.14 4.13 4.12 4.11 4.10 4.08 4.07 4.05 4.04 4.02 4.00 3.98 3.96 3.94 3.91 3.89 3.86 3.83 3.79 3.75 3.72 3.69 3.66 3.62 3.58 3.55 3.52 3.47 3.42 3.37 3.31 3.24 3.19 3.13 3.06 2.98 2.90 2.81 2.71 2.61 2.52 2.46 2.48 2.44 2.22 1.96 1.66 1.31 0.89 0.44 0.43 1.02 1.67 2.24 2.72 3.11 3.49 3.94 4.42 4.87 5.15 5.29 5.44 5.60 5.70 5.60 5.34 5.20 5.22 5.27 5.39 5.57 5.71 5.85 5.99 5.98 5.90 5.93 6.01 6.05 6.13 6.23 6.14
4.15 4.14 4.13 4.12 4.11 4.10 4.08 4.07 4.05 4.04 4.02 4.00 3.98 3.96 3.94 3.91 3.89 3.86 3.83 3.80 3.76 3.74 3.70 3.66 3.62 3.58 3.54 3.50 3.46 3.41 3.36 3.30 3.24 3.17 3.11 3.04 2.97 2.88 2.79 2.69 2.59 2.51 2.46 2.45 2.40 2.23 1.97 1.65 1.29 0.93 0.71 0.87 1.33 1.84 2.34 2.85 3.28 3.62 3.90 4.16 4.39 4.55 4.59 4.61 4.71 4.86 5.02 5.08 5.12 5.18 5.25 5.40 5.64 5.77 5.73 5.58 5.38 5.21 5.17 5.22 5.31 5.42 5.67 5.92
4.14 4.13 4.12 4.12 4.10 4.09 4.08 4.07 4.05 4.03 4.02 4.00 3.98 3.96 3.94 3.91 3.89 3.86 3.83 3.80 3.77 3.74 3.72 3.67 3.62 3.58 3.53 3.48 3.43 3.37 3.33 3.29 3.23 3.17 3.11 3.05 2.97 2.89 2.80 2.71 2.62 2.55 2.50 2.46 2.38 2.22 1.98 1.69 1.40 1.16 1.08 1.23 1.57 1.94 2.33 2.75 3.16 3.49 3.67 3.78 3.93 4.13 4.28 4.40 4.52 4.67 4.82 4.94 5.05 5.17 5.23 5.19 5.17 5.17 5.14 5.08 5.01 4.93 4.88 4.88 4.91 4.90 4.85 4.95
4.14 4.13 4.12 4.11 4.10 4.09 4.08 4.06 4.05 4.03 4.01 4.00 3.98 3.96 3.93 3.91 3.89 3.86 3.83 3.80 3.76 3.73 3.70 3.67 3.63 3.59 3.55 3.51 3.46 3.39 3.33 3.29 3.25 3.19 3.13 3.05 2.98 2.91 2.83 2.74 2.66 2.59 2.53 2.47 2.37 2.22 2.02 1.80 1.58 1.43 1.41 1.55 1.79 2.06 2.35 2.68 3.00 3.32 3.56 3.73 3.89 4.07 4.24 4.39 4.54 4.68 4.81 4.90 4.93 4.99 5.04 4.98 4.90 4.86 4.85 4.90 4.94 4.90 4.84 4.80 4.80 4.82 4.77 4.68
4.13 4.12 4.12 4.11 4.10 4.09 4.07 4.06 4.05 4.03 4.01 4.00 3.98 3.96 3.93 3.91 3.89 3.86 3.83 3.80 3.77 3.74 3.71 3.67 3.63 3.59 3.56 3.54 3.53 3.49 3.42 3.34 3.27 3.21 3.14 3.07 3.00 2.93 2.85 2.78 2.71 2.64 2.58 2.50 2.40 2.27 2.11 1.93 1.78 1.70 1.72 1.89 2.14 2.36 2.60 2.87 3.10 3.31 3.56 3.76 3.93 4.09 4.24 4.39 4.52 4.63 4.73 4.82 4.86 4.86 4.87 4.89 4.92 4.93 4.87 4.82 4.80 4.75 4.67 4.68 4.67 4.68 4.80 4.77
4.13 4.12 4.12 4.11 4.10 4.09 4.07 4.06 4.04 4.03 4.01 3.99 3.97 3.95 3.93 3.91 3.89 3.86 3.83 3.81 3.78 3.75 3.73 3.69 3.65 3.60 3.56 3.51 3.48 3.46 3.41 3.35 3.29 3.23 3.17 3.10 3.03 2.96 2.90 2.83 2.77 2.71 2.64 2.56 2.47 2.35 2.23 2.10 2.00 1.95 1.98 2.14 2.40 2.63 2.81 3.01 3.23 3.39 3.57 3.77 3.94 4.09 4.23 4.37 4.50 4.61 4.70 4.78 4.85 4.90 4.96 4.97 5.00 5.04 5.01 4.90 4.82 4.74 4.54 4.45 4.50 4.58 4.82 5.13
4.13 4.12 4.11 4.11 4.09 4.08 4.07 4.06 4.04 4.03 4.01 3.99 3.97 3.95 3.93 3.91 3.89 3.86 3.84 3.81 3.78 3.74 3.72 3.71 3.67 3.63 3.58 3.53 3.48 3.44 3.40 3.36 3.31 3.26 3.20 3.14 3.07 3.01 2.94 2.88 2.82 2.76 2.70 2.63 2.55 2.46 2.36 2.27 2.21 2.18 2.18 2.24 2.40 2.63 2.82 2.99 3.22 3.43 3.61 3.79 3.96 4.10 4.23 4.36 4.47 4.57 4.65 4.71 4.78 4.84 4.95 4.96 4.95 5.04 5.12 5.09 5.09 5.05 4.89 4.73 4.71 4.87 5.03 5.46
4.13 4.12 4.11 4.10 4.09 4.08 4.07 4.06 4.04 4.03 4.01 3.99 3.97 3.95 3.93 3.91 3.89 3.86 3.84 3.81 3.78 3.74 3.72 3.70 3.68 3.64 3.59 3.55 3.51 3.47 3.43 3.38 3.33 3.28 3.22 3.16 3.10 3.04 2.98 2.93 2.87 2.82 2.76 2.70 2.63 2.56 2.49 2.43 2.39 2.37 2.38 2.42 2.52 2.69 2.88 3.07 3.27 3.47 3.65 3.83 4.00 4.13 4.24 4.34 4.42 4.52 4.61 4.65 4.67 4.67 4.70 4.79 4.86 5.08 5.36 5.50 5.72 5.73 5.60 5.60 5.57 5.52 5.43 5.45
4.12 4.12 4.11 4.10 4.09 4.08 4.07 4.06 4.04 4.03 4.01 3.99 3.97 3.95 3.93 3.91 3.89 3.87 3.84 3.81 3.78 3.75 3.72 3.69 3.67 3.64 3.59 3.56 3.52 3.47 3.43 3.39 3.35 3.30 3.25 3.19 3.14 3.08 3.03 2.98 2.93 2.88 2.83 2.78 2.72 2.67 2.62 2.58 2.56 2.56 2.58 2.64 2.74 2.86 3.02 3.18 3.35 3.51 3.66 3.81 3.97 4.12 4.24 4.33 4.40 4.46 4.53 4.60 4.62 4.64 4.68 4.73 4.69 4.84 5.27 5.51 5.77 6.06 5.96 5.64 5.47 5.33 5.13 5.01
4.12 4.11 4.11 4.10 4.09 4.08 4.07 4.06 4.04 4.03 4.01 3.99 3.97 3.96 3.94 3.91 3.89 3.87 3.84 3.82 3.79 3.76 3.73 3.70 3.68 3.65 3.61 3.57 3.53 3.49 3.45 3.40 3.36 3.32 3.28 3.23 3.18 3.13 3.08 3.04 2.99 2.95 2.90 2.86 2.82 2.78 2.74 2.72 2.71 2.72 2.75 2.81 2.90 3.01 3.14 3.27 3.41 3.55 3.69 3.81 3.93 4.06 4.18 4.29 4.37 4.44 4.52 4.58 4.61 4.64 4.66 4.74 4.68 4.43 4.44 4.61 4.76 5.09 5.32 5.06 4.82 4.72 4.59 4.46
4.12 4.11 4.11 4.10 4.09 4.08 4.07 4.06 4.04 4.03 4.01 3.99 3.98 3.96 3.94 3.92 3.90 3.87 3.85 3.82 3.80 3.77 3.74 3.70 3.68 3.66 3.62 3.58 3.55 3.51 3.47 3.43 3.39 3.35 3.31 3.27 3.23 3.18 3.13 3.09 3.05 3.01 2.98 2.95 2.92 2.89 2.86 2.84 2.85 2.87 2.90 2.96 3.03 3.13 3.24 3.36 3.48 3.60 3.73 3.84 3.94 4.05 4.15 4.27 4.37 4.44 4.49 4.56 4.61 4.67 4.66 4.65 4.68 4.50 4.26 4.15 4.13 4.43 4.89 4.82 4.71 4.85 4.97 4.83
4.12 4.11 4.11 4.10 4.09 4.08 4.07 4.06 4.04 4.03 4.01 4.00 3.98 3.96 3.94 3.92 3.90 3.88 3.86 3.83 3.81 3.78 3.75 3.71 3.69 3.67 3.64 3.60 3.57 3.54 3.50 3.46 3.42 3.38 3.35 3.31 3.28 3.24 3.19 3.15 3.12 3.08 3.05 3.02 3.00 2.98 2.97 2.96 2.97 2.99 3.03 3.09 3.15 3.23 3.33 3.43 3.54 3.65 3.76 3.88 3.98 4.08 4.17 4.25 4.32 4.40 4.49 4.58 4.63 4.68 4.64 4.41 4.28 4.37 4.49 4.43 4.27 4.54 5.18 5.25 4.96 4.97 5.10 5.15
4.12 4.11 4.11 4.10 4.09 4.08 4.07 4.06 4.04 4.03 4.01 4.00 3.98 3.96 3.94 3.93 3.90 3.88 3.86 3.84 3.81 3.79 3.76 3.73 3.70 3.70 3.66 3.62 3.59 3.56 3.53 3.49 3.46 3.42 3.39 3.35 3.32 3.28 3.25 3.21 3.18 3.15 3.13 3.10 3.08 3.07 3.06 3.07 3.08 3.10 3.14 3.19 3.26 3.33 3.42 3.51 3.60 3.70 3.80 3.90 4.00 4.09 4.18 4.25 4.32 4.36 4.37 4.45 4.59 4.75 4.84 4.51 3.82 3.47 3.84 4.43 4.62 4.72 5.26 5.74 5.59 5.34 5.20 5.18
4.12 4.11 4.11 4.10 4.09 4.08 4.07 4.06 4.05 4.03 4.02 4.00 3.98 3.97 3.95 3.93 3.91 3.89 3.87 3.85 3.82 3.80 3.77 3.74 3.71 3.70 3.68 3.63 3.60 3.58 3.55 3.52 3.49 3.45 3.42 3.39 3.35 3.33 3.30 3.27 3.25 3.22 3.20 3.19 3.17 3.16 3.16 3.16 3.18 3.21 3.24 3.29 3.35 3.42 3.49 3.57 3.65 3.74 3.83 3.92 4.00 4.09 4.18 4.25 4.34 4.44 4.41 4.36 4.45 4.74 5.45 5.77 4.99 4.00 3.88 4.37 4.62 4.52 4.68 5.15 5.39 5.38 5.29 5.20
4.12 4.12 4.11 4.10 4.09 4.09 4.07 4.06 4.05 4.04 4.02 4.00 3.99 3.97 3.95 3.94 3.92 3.90 3.88 3.85 3.83 3.81 3.78 3.75 3.72 3.71 3.70 3.66 3.62 3.60 3.57 3.54 3.51 3.47 3.45 3.42 3.40 3.37 3.35 3.32 3.30 3.28 3.26 3.25 3.25 3.24 3.24 3.25 3.27 3.29 3.33 3.37 3.42 3.48 3.55 3.62 3.69 3.78 3.87 3.95 4.03 4.10 4.17 4.24 4.32 4.47 4.57 4.39 4.26 4.27 4.86 5.99 6.48 6.36 5.78 5.35 5.11 4.71 4.53 4.68 4.83 4.94 4.99 5.00
4.13 4.12 4.11 4.11 4.10 4.09 4.08 4.06 4.05 4.04 4.02 4.01 3.99 3.98 3.96 3.94 3.92 3.90 3.88 3.86 3.84 3.82 3.80 3.77 3.74 3.72 3.73 3.69 3.65 3.63 3.60 3.57 3.54 3.52 3.49 3.47 3.44 3.42 3.40 3.38 3.36 3.34 3.33 3.32 3.31 3.31 3.32 3.33 3.35 3.37 3.40 3.44 3.49 3.55 3.62 3.68 3.75 3.82 3.90 3.98 4.05 4.12 4.16 4.20 4.23 4.24 4.44 4.44 4.16 3.84 3.72 4.12 4.96 5.83 5.99 5.70 5.36 4.99 4.75 4.71 4.74 4.77 4.79 4.79
4.13 4.12 4.11 4.11 4.10 4.09 4.08 4.07 4.06 4.04 4.03 4.01 4.00 3.98 3.97 3.95 3.93 3.91 3.89 3.87 3.85 3.83 3.81 3.79 3.76 3.73 3.73 3.71 3.67 3.64 3.63 3.61 3.59 3.56 3.53 3.51 3.48 3.46 3.44 3.43 3.41 3.40 3.39 3.38 3.38 3.38 3.39 3.40 3.42 3.45 3.48 3.52 3.56 3.61 3.68 3.73 3.79 3.85 3.92 3.99 4.08 4.22 4.34 4.34 4.32 4.31 4.42 4.58 4.39 3.99 3.81 3.82 4.00 4.41 4.77 5.01 5.06 4.89 4.83 4.81 4.79 4.78 4.76 4.72
4.13 4.12 4.12 4.11 4.10 4.09 4.08 4.07 4.06 4.05 4.03 4.02 4.00 3.99 3.97 3.96 3.94 3.92 3.90 3.88 3.87 3.84 3.82 3.80 3.77 3.74 3.73 3.72 3.70 3.67 3.65 3.63 3.61 3.59 3.56 3.54 3.52 3.50 3.49 3.48 3.47 3.46 3.45 3.45 3.45 3.45 3.46 3.47 3.50 3.53 3.55 3.59 3.63 3.66 3.72 3.78 3.84 3.89 3.95 4.02 4.10 4.19 4.35 4.51 4.52 4.47 4.52 4.87 5.15 4.89 4.44 4.30 4.27 4.21 4.30 4.60 4.90 4.89 4.81 4.82 4.81 4.83 4.84 4.75
4.13 4.12 4.12 4.11 4.11 4.10 4.09 4.08 4.06 4.05 4.04 4.02 4.01 4.00 3.98 3.96 3.95 3.93 3.91 3.90 3.88 3.86 3.84 3.82 3.79 3.77 3.75 3.74 3.73 3.70 3.67 3.65 3.64 3.62 3.60 3.58 3.57 3.55 3.54 3.53 3.52 3.52 3.51 3.51 3.51 3.52 3.53 3.54 3.56 3.59 3.62 3.64 3.68 3.72 3.77 3.82 3.88 3.94 3.98 3.98 4.01 4.12 4.24 4.50 4.81 4.89 4.94 5.22 5.53 5.59 5.16 4.63 4.43 4.39 4.33 4.38 4.58 4.78 4.90 4.91 4.94 4.99 4.96 4.84
4.13 4.13 4.12 4.12 4.11 4.10 4.09 4.08 4.07 4.06 4.04 4.03 4.02 4.00 3.99 3.97 3.96 3.94 3.92 3.91 3.89 3.87 3.85 3.83 3.81 3.79 3.76 3.75 3.74 3.72 3.69 3.68 3.67 3.65 3.63 3.62 3.60 3.59 3.58 3.57 3.57 3.56 3.57 3.56 3.57 3.58 3.58 3.60 3.62 3.65 3.68 3.70 3.73 3.77 3.81 3.85 3.90 3.96 4.07 4.10 4.04 4.15 4.29 4.44 4.77 4.96 4.74 4.51 4.55 4.90 5.25 5.21 5.00 4.97 4.89 4.76 4.68 4.73 4.98 5.06 4.99 5.07 5.22 5.25
4.14 4.13 4.13 4.12 4.11 4.10 4.10 4.08 4.07 4.06 4.05 4.04 4.02 4.01 4.00 3.98 3.97 3.95 3.93 3.92 3.90 3.88 3.87 3.85 3.83 3.81 3.79 3.77 3.76 3.76 3.74 3.71 3.70 3.69 3.67 3.65 3.64 3.64 3.62 3.62 3.62 3.61 3.61 3.61 3.62 3.63 3.64 3.64 3.66 3.69 3.72 3.75 3.78 3.81 3.85 3.89 3.93 3.96 4.08 4.25 4.20 4.11 4.17 4.18 4.17 4.27 4.19 4.01 3.95 4.00 4.43 4.96 5.08 5.11 5.19 5.16 5.04 4.78 4.73 4.84 4.78 4.77 4.99 5.23
4.14 4.13 4.13 4.12 4.12 4.11 4.10 4.09 4.08 4.07 4.06 4.04 4.03 4.02 4.00 3.99 3.98 3.96 3.95 3.93 3.92 3.90 3.88 3.87 3.85 3.83 3.81 3.79 3.78 3.78 3.77 3.74 3.72 3.71 3.70 3.69 3.68 3.67 3.66 3.65 3.65 3.65 3.65 3.65 3.65 3.67 3.68 3.69 3.71 3.73 3.76 3.79 3.81 3.85 3.88 3.92 3.96 3.97 3.96 4.05 4.06 3.91 3.81 3.88 4.08 4.29 4.40 4.45 4.51 4.38 4.27 4.55 4.79 4.77 4.77 4.78 4.81 4.74 4.65 4.69 4.70 4.66 4.64 4.62
4.14 4.14 4.13 4.13 4.12 4.11 4.10 4.10 4.08 4.07 4.06 4.05 4.04 4.03 4.01 4.00 3.99 3.97 3.96 3.94 3.93 3.91 3.90 3.88 3.87 3.85 3.83 3.81 3.79 3.78 3.78 3.77 3.76 3.75 3.73 3.72 3.71 3.70 3.70 3.69 3.68 3.69 3.69 3.69 3.70 3.71 3.73 3.74 3.76 3.78 3.80 3.83 3.86 3.89 3.92 3.95 3.97 3.98 3.96 4.01 4.08 4.04 3.90 3.87 4.07 4.30 4.45 4.54 4.72 4.79 4.62 4.65 4.88 5.01 5.00 4.91 4.79 4.79 4.81 4.76 4.69 4.77 4.76 4.50
4.15 4.14 4.14 4.13 4.13 4.12 4.11 4.10 4.09 4.08 4.07 4.06 4.05 4.03 4.02 4.01 4.00 3.98 3.97 3.96 3.94 3.93 3.91 3.90 3.88 3.87 3.85 3.84 3.82 3.80 3.79 3.78 3.78 3.79 3.78 3.76 3.74 3.73 3.73 3.73 3.73 3.73 3.73 3.74 3.75 3.75 3.77 3.78 3.80 3.82 3.85 3.88 3.90 3.92 3.95 3.97 3.97 4.00 4.05 4.14 4.32 4.44 4.42 4.29 4.14 4.12 4.25 4.31 4.38 4.42 4.31 4.35 4.63 4.92 5.16 5.30 5.19 4.97 4.93 4.99 4.81 4.64 4.55 4.30
