windninja/all_results/maria_elevation_tif_point_11-01-2019_0100_500m_vel.asc
ncols	128
nrows	92
xllcorner	280654.681342
yllcorner	3772085.885776
cellsize	500.000000
NODATA_value	-32768.000000
[rows 0 to 37 of 92, columns 0 to 83 of 128]
2.76 2.60 2.73 2.99 2.91 2.74 2.50 2.65 3.10 3.19 3.13 3.16 3.02 2.97 2.76 2.54 2.56 2.46 2.74 3.18 3.34 3.32 3.29 3.36 3.31 3.20 3.33 3.40 3.22 3.14 3.22 3.24 3.25 3.31 3.38 3.46 3.61 3.79 4.10 4.12 4.19 4.28 3.98 3.92 4.19 4.36 4.28 4.00 3.63 4.17 4.59 4.66 4.66 4.78 4.68 4.38 4.16 3.86 3.85 3.95 4.12 4.84 5.25 5.29 5.49 5.41 5.23 4.85 4.16 3.77 3.76 4.03 4.12 3.95 3.67 3.67 3.67 3.47 3.55 3.66 3.71 3.42 4.50 5.72
2.76 2.60 2.73 2.99 2.91 2.74 2.50 2.65 3.10 3.19 3.13 3.16 3.02 2.97 2.76 2.54 2.56 2.46 2.74 3.18 3.34 3.32 3.29 3.36 3.31 3.20 3.33 3.40 3.22 3.14 3.22 3.24 3.25 3.31 3.38 3.46 3.61 3.79 4.10 4.12 4.19 4.28 3.98 3.92 4.19 4.36 4.28 4.00 3.63 4.17 4.59 4.66 4.66 4.78 4.68 4.38 4.16 3.86 3.85 3.95 4.12 4.84 5.25 5.29 5.49 5.41 5.23 4.85 4.16 3.77 3.76 4.03 4.12 3.95 3.67 3.67 3.67 3.47 3.55 3.66 3.71 3.42 4.50 5.72
2.79 2.37 2.26 2.66 2.84 2.75 2.31 2.21 2.70 2.86 2.83 3.01 2.92 2.92 2.89 2.73 2.70 2.50 2.46 2.75 2.97 2.99 2.96 3.08 3.12 2.89 2.94 3.18 3.11 3.01 3.01 3.06 3.04 3.04 3.10 3.09 2.96 2.96 3.50 3.58 3.66 3.95 3.72 3.26 3.49 3.93 3.86 3.84 3.45 3.65 3.90 3.68 3.80 4.29 4.35 4.42 4.49 3.98 3.82 3.84 3.61 4.09 4.65 4.59 4.78 4.97 5.07 5.00 4.55 4.16 3.96 4.15 4.32 4.22 3.95 3.88 3.79 3.58 3.68 3.82 3.89 3.53 3.88 5.17
3.14 2.57 2.08 2.26 2.70 2.89 2.45 2.13 2.48 2.61 2.59 2.88 2.94 2.89 2.95 2.94 2.84 2.53 2.36 2.56 2.74 2.71 2.65 2.77 2.96 2.81 2.71 2.92 3.00 3.00 2.91 2.96 2.99 2.92 2.89 2.76 2.61 2.68 3.01 2.95 2.97 3.48 3.49 2.94 3.25 3.89 3.49 3.43 3.18 3.06 3.34 3.16 3.53 3.98 3.58 4.02 4.92 4.37 3.67 3.79 3.39 3.34 3.96 3.93 3.99 4.51 4.99 5.11 4.89 4.65 4.35 4.31 4.53 4.58 4.38 4.23 4.03 3.82 4.00 4.21 3.94 3.17 3.11 4.66
3.19 3.08 2.65 2.27 2.44 2.75 2.59 2.37 2.50 2.58 2.61 2.71 2.82 2.81 2.75 2.82 2.80 2.54 2.46 2.61 2.74 2.68 2.63 2.73 2.86 2.83 2.72 2.75 2.83 2.93 2.89 2.89 2.96 2.93 2.88 2.77 2.71 2.76 2.85 2.83 2.87 3.26 3.32 2.84 3.12 4.06 3.73 3.35 3.24 3.05 3.21 3.20 3.91 4.08 3.01 3.00 4.67 4.91 3.67 3.64 3.57 3.48 3.95 4.15 4.24 4.47 4.94 5.25 5.12 5.05 4.86 4.49 4.57 4.65 4.43 4.27 4.00 3.68 3.75 4.04 3.52 2.79 2.83 3.97
2.71 3.00 3.02 2.48 2.31 2.46 2.31 2.27 2.41 2.51 2.71 2.67 2.62 2.70 2.67 2.70 2.74 2.57 2.49 2.60 2.72 2.70 2.68 2.77 2.85 2.80 2.73 2.73 2.77 2.83 2.84 2.82 2.85 2.84 2.83 2.78 2.72 2.65 2.68 2.84 2.89 3.20 3.28 2.74 2.88 3.67 3.71 3.53 3.56 3.46 3.16 3.29 4.09 4.22 3.49 2.55 3.38 5.01 4.32 3.41 3.33 3.69 3.98 4.19 4.67 4.58 4.68 5.20 5.31 5.51 5.39 4.87 4.91 4.99 4.69 4.26 3.55 3.34 3.51 3.74 3.60 3.00 2.64 3.04
2.52 2.79 3.04 2.81 2.58 2.46 2.21 2.18 2.31 2.46 2.71 2.81 2.74 2.66 2.67 2.67 2.64 2.58 2.57 2.64 2.71 2.72 2.73 2.80 2.87 2.84 2.78 2.79 2.83 2.86 2.84 2.85 2.86 2.83 2.81 2.78 2.78 2.69 2.59 2.71 2.71 2.97 3.25 3.02 3.15 3.30 3.21 3.25 3.45 3.59 3.25 3.54 3.94 3.99 4.17 3.22 2.69 4.22 4.93 3.74 3.03 3.50 3.54 3.50 4.48 4.46 4.45 4.79 4.93 5.59 5.63 5.03 5.12 5.42 5.61 5.21 3.94 3.67 3.98 4.11 3.91 3.36 2.88 2.57
2.54 2.75 2.95 2.98 3.05 2.86 2.46 2.31 2.33 2.44 2.57 2.75 2.87 2.76 2.75 2.74 2.63 2.60 2.61 2.64 2.63 2.67 2.75 2.81 2.83 2.80 2.77 2.79 2.82 2.83 2.81 2.81 2.82 2.78 2.77 2.75 2.73 2.71 2.70 2.64 2.58 2.68 2.92 3.08 3.25 3.24 3.02 3.06 3.21 3.22 3.25 3.65 3.67 3.64 4.07 3.83 3.20 3.52 4.70 4.34 3.07 3.05 3.17 3.44 4.25 3.99 4.06 4.27 4.37 5.39 5.66 4.90 4.70 4.86 5.20 5.67 5.08 4.41 4.00 3.98 4.10 4.15 3.86 2.92
2.42 2.68 2.88 2.78 2.98 3.06 2.79 2.58 2.50 2.50 2.54 2.62 2.73 2.75 2.78 2.76 2.65 2.61 2.66 2.72 2.65 2.61 2.69 2.79 2.82 2.78 2.78 2.82 2.87 2.86 2.81 2.82 2.83 2.73 2.73 2.81 2.74 2.75 2.91 2.84 2.72 2.67 2.75 2.97 3.10 3.18 3.06 3.05 3.19 3.15 3.22 3.50 3.49 3.62 3.77 3.59 3.53 3.54 4.18 4.44 3.73 3.20 2.90 3.35 4.09 3.90 3.69 3.69 3.85 5.00 5.42 4.99 4.86 4.49 4.38 4.70 4.45 4.25 3.94 3.86 4.12 4.59 4.87 4.14
2.27 2.49 2.85 2.78 2.71 2.80 2.75 2.70 2.64 2.57 2.55 2.59 2.56 2.60 2.69 2.69 2.64 2.61 2.64 2.76 2.75 2.65 2.64 2.74 2.80 2.76 2.76 2.83 2.90 2.88 2.75 2.76 2.85 2.72 2.72 2.88 2.84 2.75 2.87 2.97 2.90 2.85 2.85 2.89 2.97 3.09 3.02 2.90 3.05 3.32 3.31 3.21 3.29 3.56 3.60 3.38 3.42 3.62 4.10 4.32 4.50 4.33 3.22 3.03 3.63 3.99 3.69 3.50 3.77 4.94 5.00 4.84 5.55 5.65 5.40 4.66 4.17 4.25 4.51 4.55 4.11 4.06 4.47 4.24
2.20 2.31 2.77 2.91 2.74 2.66 2.59 2.62 2.64 2.62 2.59 2.60 2.56 2.56 2.60 2.62 2.61 2.61 2.60 2.67 2.77 2.70 2.62 2.69 2.76 2.72 2.71 2.84 3.06 3.10 2.89 2.82 2.89 2.79 2.79 2.89 2.87 2.79 2.78 2.85 2.85 2.89 2.95 2.94 2.98 3.11 3.07 2.85 2.87 3.25 3.44 3.30 3.24 3.41 3.31 3.33 3.64 3.90 4.43 4.62 4.99 5.65 5.13 3.99 3.84 4.32 4.30 4.17 4.16 5.36 5.43 4.23 4.93 6.07 6.85 6.17 5.00 4.60 4.45 4.56 4.35 4.22 4.17 3.92
2.19 2.21 2.60 2.81 2.69 2.62 2.55 2.56 2.58 2.62 2.62 2.63 2.55 2.52 2.54 2.54 2.56 2.63 2.63 2.63 2.71 2.67 2.56 2.62 2.73 2.66 2.56 2.65 2.96 3.23 3.17 3.05 2.98 2.86 2.82 2.85 2.85 2.80 2.84 2.83 2.72 2.82 3.00 2.99 2.99 3.16 3.20 2.99 2.87 2.91 3.13 3.41 3.38 3.37 3.05 3.00 3.45 3.79 4.08 4.36 4.54 5.21 6.12 5.83 5.18 5.06 5.24 5.27 4.58 4.96 6.08 4.67 3.75 4.55 6.59 7.01 5.30 4.35 4.46 4.55 4.46 4.69 4.49 3.93
2.30 2.26 2.50 2.67 2.59 2.57 2.55 2.54 2.55 2.60 2.61 2.69 2.61 2.46 2.49 2.52 2.54 2.62 2.68 2.66 2.71 2.70 2.54 2.60 2.75 2.65 2.54 2.41 2.50 2.89 3.04 3.00 2.97 3.00 2.90 2.82 2.89 2.83 2.94 2.97 2.71 2.79 3.10 3.06 3.00 3.19 3.31 3.25 3.13 2.85 2.78 3.05 3.22 3.30 2.91 2.74 2.96 3.19 3.37 3.58 3.63 3.71 4.71 5.66 5.33 4.68 4.86 5.50 4.88 4.59 6.02 5.66 4.04 3.79 5.68 7.20 6.12 4.51 4.63 4.91 4.45 4.66 4.69 4.12
2.53 2.37 2.38 2.53 2.53 2.53 2.56 2.50 2.46 2.56 2.59 2.70 2.75 2.52 2.42 2.49 2.55 2.60 2.70 2.69 2.69 2.75 2.56 2.55 2.70 2.57 2.56 2.48 2.35 2.58 2.77 2.78 2.86 3.12 3.01 2.80 2.84 2.72 2.87 2.98 2.72 2.82 3.12 3.10 3.03 3.22 3.38 3.48 3.56 3.33 3.04 2.97 3.13 3.27 2.92 2.72 3.04 3.29 3.39 3.45 3.40 3.50 4.02 4.92 5.21 4.44 4.23 4.93 4.93 5.01 5.99 6.01 4.71 3.72 4.90 6.78 6.78 5.34 4.78 5.11 4.87 4.69 4.68 4.31
2.81 2.55 2.30 2.37 2.45 2.49 2.59 2.57 2.42 2.48 2.54 2.62 2.76 2.64 2.44 2.45 2.57 2.59 2.63 2.67 2.67 2.77 2.67 2.57 2.64 2.50 2.46 2.48 2.44 2.54 2.61 2.54 2.72 3.17 3.10 2.94 3.00 2.78 2.84 2.91 2.72 2.94 3.18 3.14 3.16 3.31 3.43 3.56 3.78 3.88 3.71 3.57 3.62 3.64 3.21 2.74 3.01 3.49 3.65 3.50 3.21 3.46 3.88 4.63 5.34 4.80 4.25 4.22 4.25 4.75 5.48 6.11 5.51 3.95 4.22 5.86 6.42 5.91 5.26 5.11 5.16 4.97 4.72 4.40
2.98 2.67 2.31 2.26 2.32 2.37 2.50 2.57 2.43 2.42 2.47 2.51 2.61 2.55 2.41 2.42 2.56 2.61 2.58 2.55 2.61 2.78 2.81 2.78 2.85 2.75 2.61 2.42 2.40 2.54 2.55 2.32 2.53 3.11 3.12 3.19 3.35 3.21 3.18 3.19 3.01 3.21 3.39 3.27 3.35 3.39 3.37 3.45 3.51 3.73 3.65 3.49 3.62 3.73 3.33 2.77 2.84 3.41 3.87 3.64 3.00 3.19 3.64 4.26 5.02 4.96 4.76 4.19 4.00 4.42 4.48 5.36 5.99 4.85 4.20 4.97 5.57 5.54 5.33 5.02 5.07 5.10 4.83 4.49
3.13 2.68 2.24 2.19 2.18 2.21 2.34 2.46 2.40 2.39 2.43 2.48 2.50 2.42 2.35 2.39 2.53 2.62 2.59 2.48 2.52 2.74 2.79 2.78 2.93 3.06 3.07 2.71 2.50 2.64 2.65 2.44 2.57 2.99 2.94 3.07 3.30 3.15 3.25 3.27 3.10 3.30 3.39 3.15 3.30 3.34 3.18 3.28 3.20 3.44 3.50 3.33 3.58 3.75 3.34 2.82 2.73 3.26 3.97 3.78 3.34 3.54 3.88 4.25 4.55 4.80 5.33 4.85 4.40 4.52 4.34 4.96 5.72 5.69 5.00 4.71 5.10 5.26 5.28 5.07 5.01 5.06 4.88 4.62
3.22 2.88 2.44 2.30 2.22 2.15 2.26 2.38 2.37 2.38 2.44 2.51 2.42 2.30 2.29 2.33 2.44 2.53 2.52 2.46 2.44 2.57 2.64 2.56 2.62 2.84 3.13 3.12 2.93 2.93 2.89 2.70 2.66 2.81 2.67 2.78 3.04 2.79 2.89 2.98 2.72 3.12 3.28 2.98 3.18 3.30 3.16 3.19 3.10 3.32 3.49 3.27 3.61 3.92 3.53 2.98 2.64 3.11 3.89 3.79 3.64 3.94 4.29 4.47 4.32 4.44 5.34 5.46 5.13 4.88 4.57 5.14 5.38 5.63 5.65 5.14 5.10 5.16 5.25 5.12 5.02 5.02 4.92 4.74
2.98 2.91 2.75 2.61 2.52 2.34 2.29 2.40 2.38 2.36 2.49 2.57 2.37 2.18 2.24 2.34 2.40 2.42 2.41 2.40 2.40 2.46 2.52 2.48 2.41 2.45 2.61 2.74 2.70 2.69 2.62 2.52 2.62 2.68 2.55 2.57 2.77 2.56 2.54 2.76 2.66 2.89 3.09 2.96 3.07 3.30 3.30 3.21 3.03 3.16 3.43 3.17 3.42 3.91 3.73 3.31 2.79 3.01 3.66 3.74 3.84 4.15 4.35 4.45 4.45 4.40 4.91 5.47 5.65 5.34 4.71 5.10 5.40 5.30 5.42 5.36 5.30 5.21 5.22 5.17 5.08 5.02 4.96 4.85
2.73 2.64 2.60 2.59 2.59 2.49 2.33 2.40 2.38 2.32 2.47 2.68 2.46 2.12 2.17 2.33 2.39 2.34 2.38 2.42 2.39 2.44 2.42 2.38 2.34 2.39 2.44 2.45 2.41 2.44 2.40 2.42 2.61 2.66 2.65 2.64 2.65 2.52 2.36 2.56 2.84 2.80 2.93 2.98 2.92 3.18 3.40 3.34 3.09 3.06 3.30 3.16 3.24 3.74 3.77 3.59 3.24 3.01 3.35 3.60 3.86 4.42 4.42 4.14 4.48 4.56 4.48 5.08 5.68 5.79 5.19 4.99 5.44 5.37 5.17 5.22 5.35 5.35 5.30 5.26 5.18 5.12 5.06 4.98
2.76 2.55 2.33 2.34 2.39 2.37 2.30 2.33 2.35 2.28 2.34 2.63 2.56 2.12 2.12 2.30 2.37 2.33 2.35 2.42 2.45 2.47 2.31 2.21 2.26 2.35 2.40 2.48 2.49 2.43 2.38 2.45 2.59 2.55 2.57 2.76 2.74 2.56 2.34 2.43 2.87 2.85 2.86 2.97 2.87 3.00 3.29 3.41 3.23 3.13 3.22 3.18 3.17 3.55 3.62 3.47 3.56 3.20 3.12 3.43 3.75 4.44 4.54 4.16 4.52 4.70 4.25 4.62 5.39 5.85 5.55 5.01 5.17 5.32 5.21 5.19 5.28 5.33 5.35 5.34 5.28 5.22 5.15 5.07
2.87 2.64 2.31 2.24 2.30 2.28 2.21 2.27 2.29 2.27 2.29 2.50 2.55 2.15 2.09 2.23 2.31 2.34 2.29 2.31 2.41 2.53 2.32 2.09 2.21 2.32 2.29 2.33 2.41 2.43 2.40 2.44 2.54 2.45 2.35 2.64 2.80 2.62 2.42 2.39 2.76 2.89 2.74 2.79 2.87 2.95 3.11 3.26 3.31 3.20 3.21 3.26 3.28 3.53 3.51 3.29 3.54 3.48 3.16 3.33 3.87 4.37 4.29 4.26 4.70 4.96 4.43 4.35 5.08 5.71 5.55 5.13 5.02 5.11 5.18 5.28 5.38 5.38 5.38 5.41 5.38 5.33 5.27 5.20
2.92 2.72 2.44 2.32 2.34 2.33 2.21 2.22 2.22 2.21 2.30 2.47 2.47 2.19 2.14 2.17 2.21 2.27 2.23 2.29 2.36 2.54 2.46 2.07 2.16 2.30 2.32 2.27 2.22 2.36 2.46 2.57 2.60 2.45 2.24 2.42 2.69 2.59 2.46 2.37 2.67 2.96 2.71 2.64 2.79 3.00 3.03 3.02 3.28 3.18 3.07 3.15 3.44 3.59 3.43 3.32 3.51 3.65 3.31 3.29 3.96 4.57 4.24 4.16 4.76 5.19 5.00 4.73 5.12 5.50 5.41 5.19 5.10 5.12 5.16 5.32 5.53 5.55 5.51 5.51 5.49 5.44 5.38 5.32
2.86 2.70 2.46 2.36 2.34 2.26 2.18 2.18 2.14 2.08 2.19 2.46 2.40 2.08 2.16 2.28 2.19 2.21 2.15 2.25 2.32 2.42 2.55 2.22 2.11 2.22 2.29 2.28 2.19 2.26 2.39 2.56 2.64 2.48 2.24 2.30 2.52 2.50 2.44 2.31 2.59 2.95 2.72 2.62 2.73 3.00 2.96 2.90 3.26 3.24 2.99 3.02 3.49 3.60 3.34 3.24 3.50 3.78 3.42 3.32 3.85 4.67 4.58 4.17 4.69 5.13 5.22 5.22 5.37 5.52 5.39 5.23 5.20 5.24 5.25 5.37 5.59 5.69 5.69 5.67 5.62 5.55 5.49 5.44
2.82 2.64 2.32 2.31 2.41 2.18 2.07 2.09 2.04 1.94 1.95 2.30 2.38 1.98 1.99 2.37 2.30 2.14 2.11 2.22 2.28 2.21 2.45 2.40 2.15 2.20 2.24 2.20 2.19 2.26 2.35 2.49 2.61 2.50 2.28 2.26 2.35 2.40 2.39 2.27 2.47 2.82 2.70 2.56 2.78 3.01 2.80 2.77 3.19 3.23 2.95 3.04 3.50 3.56 3.34 3.18 3.46 3.85 3.57 3.42 3.71 4.47 4.76 4.44 4.77 5.12 5.26 5.42 5.56 5.62 5.48 5.30 5.29 5.39 5.44 5.56 5.73 5.83 5.86 5.84 5.78 5.69 5.61 5.56
2.81 2.76 2.41 2.31 2.52 2.31 2.14 2.10 2.02 1.88 1.79 2.02 2.17 1.97 1.84 2.24 2.39 2.03 1.96 2.24 2.34 2.13 2.27 2.41 2.20 2.19 2.23 2.16 2.10 2.20 2.32 2.42 2.62 2.56 2.34 2.26 2.25 2.28 2.25 2.27 2.42 2.63 2.64 2.47 2.81 3.09 2.75 2.66 3.02 3.15 2.90 3.02 3.48 3.56 3.33 3.18 3.41 3.84 3.76 3.60 3.78 4.34 4.71 4.70 4.92 5.24 5.45 5.62 5.74 5.77 5.68 5.46 5.37 5.52 5.67 5.84 6.00 6.09 6.09 6.02 5.92 5.78 5.69 5.68
2.52 2.72 2.67 2.52 2.69 2.57 2.39 2.27 2.10 1.94 1.79 1.84 1.83 1.87 1.90 2.15 2.43 2.02 1.86 2.19 2.34 2.11 2.15 2.30 2.19 2.16 2.22 2.25 2.11 2.11 2.20 2.23 2.45 2.59 2.48 2.29 2.26 2.30 2.14 2.21 2.43 2.48 2.52 2.38 2.71 3.09 2.88 2.71 2.86 3.07 2.88 2.90 3.36 3.52 3.34 3.17 3.30 3.78 3.93 3.80 3.98 4.34 4.65 4.81 5.03 5.35 5.61 5.82 5.98 6.03 5.97 5.71 5.53 5.68 5.97 6.20 6.35 6.38 6.30 6.20 6.07 5.88 5.72 5.67
2.24 2.42 2.54 2.63 2.92 2.97 2.80 2.55 2.22 2.08 1.92 1.81 1.62 1.57 1.77 2.07 2.44 2.17 1.97 2.19 2.33 2.13 2.04 2.20 2.14 2.10 2.19 2.28 2.27 2.18 2.19 2.16 2.18 2.40 2.46 2.27 2.17 2.26 2.11 2.10 2.39 2.45 2.42 2.31 2.55 2.97 2.96 2.76 2.75 2.98 2.89 2.84 3.21 3.39 3.33 3.20 3.22 3.65 3.94 3.96 4.16 4.43 4.69 4.88 5.10 5.43 5.73 5.98 6.26 6.48 6.44 6.12 5.88 6.02 6.41 6.67 6.75 6.73 6.49 6.26 6.08 5.95 5.82 5.65
2.11 2.31 2.29 2.22 2.63 2.97 3.12 3.01 2.58 2.42 2.27 2.03 1.77 1.46 1.47 1.77 2.22 2.16 2.05 2.15 2.34 2.26 2.01 2.10 2.06 2.05 2.10 2.14 2.28 2.27 2.36 2.32 2.14 2.27 2.33 2.22 2.15 2.16 2.07 2.02 2.29 2.43 2.33 2.30 2.43 2.81 2.98 2.83 2.72 2.83 2.87 2.84 3.13 3.22 3.18 3.20 3.24 3.58 3.87 4.02 4.24 4.50 4.75 4.97 5.17 5.44 5.76 6.00 6.38 6.84 6.93 6.70 6.66 6.74 7.02 7.15 7.06 7.04 6.80 6.33 6.03 5.93 6.02 5.86
1.82 2.18 2.23 1.94 2.10 2.40 2.75 2.98 2.87 2.78 2.63 2.42 2.28 1.86 1.58 1.63 1.93 2.04 2.00 2.01 2.17 2.23 2.04 2.02 1.98 1.99 2.05 2.00 2.05 2.09 2.27 2.44 2.27 2.28 2.27 2.14 2.15 2.13 2.03 1.95 2.16 2.38 2.30 2.27 2.35 2.66 2.93 2.89 2.82 2.76 2.75 2.82 3.10 3.07 3.00 3.13 3.29 3.56 3.84 4.03 4.27 4.56 4.81 5.09 5.32 5.43 5.75 6.05 6.41 7.00 7.14 7.02 8.71 7.54 7.47 7.63 7.20 7.15 7.24 6.79 6.23 5.49 5.50 5.95
1.74 2.02 2.20 2.04 2.05 2.17 2.33 2.43 2.48 2.72 2.60 2.26 2.31 2.18 1.85 1.72 1.82 1.99 2.01 1.97 2.02 2.07 1.96 1.90 1.94 1.93 2.04 2.01 1.94 1.95 2.05 2.31 2.32 2.30 2.28 2.11 2.08 2.11 2.04 1.92 1.98 2.25 2.31 2.21 2.25 2.56 2.80 2.83 2.88 2.86 2.76 2.82 3.02 2.93 2.86 3.05 3.31 3.58 3.85 4.07 4.32 4.60 4.85 5.17 5.55 5.53 5.76 6.14 6.41 7.05 7.02 6.46 6.79 6.68 6.96 7.78 7.27 6.86 7.24 7.41 7.09 5.77 5.20 6.02
1.79 1.97 2.17 2.17 2.18 2.33 2.47 2.19 2.03 2.49 2.62 2.13 2.04 2.17 1.98 1.78 1.78 1.93 2.06 2.07 2.09 2.09 1.95 1.80 1.83 1.88 1.98 2.03 1.96 1.91 1.97 2.14 2.15 2.20 2.29 2.13 2.04 2.06 2.02 1.96 1.87 2.00 2.25 2.19 2.13 2.45 2.67 2.68 2.78 2.90 2.89 2.89 2.93 2.81 2.79 3.02 3.35 3.63 3.89 4.12 4.36 4.63 4.88 5.12 5.67 5.71 5.72 6.18 6.50 7.06 6.89 5.95 5.87 5.90 5.71 7.06 7.44 6.65 6.68 7.31 7.71 7.09 6.23 5.99
1.80 1.95 2.18 2.12 1.98 2.21 2.64 2.36 1.92 2.31 2.65 2.39 2.14 2.10 1.99 1.81 1.75 1.85 2.00 2.05 2.09 2.11 2.03 1.84 1.71 1.72 1.79 1.89 1.93 1.86 1.93 2.07 1.93 1.94 2.18 2.13 2.00 1.95 1.91 1.96 1.93 1.82 2.03 2.18 2.02 2.28 2.53 2.53 2.61 2.77 2.89 2.92 2.91 2.82 2.84 3.11 3.45 3.71 3.95 4.14 4.37 4.66 4.93 5.00 5.62 6.09 5.81 6.01 6.66 7.09 6.66 5.31 5.26 5.78 4.88 5.68 7.25 7.13 6.52 6.67 7.06 7.03 6.70 5.97
1.69 1.84 2.17 2.10 1.88 2.02 2.44 2.43 1.99 2.13 2.41 2.34 2.31 2.18 2.05 1.86 1.71 1.77 1.90 1.98 1.97 1.97 1.97 1.89 1.78 1.70 1.65 1.68 1.83 1.86 1.90 2.04 1.90 1.75 1.95 2.12 2.05 1.88 1.78 1.84 1.98 1.83 1.79 2.06 2.02 2.09 2.31 2.37 2.43 2.56 2.68 2.75 2.86 3.19 2.98 3.23 3.55 3.83 3.98 4.12 4.39 4.72 5.09 5.02 5.40 6.54 6.59 6.63 8.37 8.33 7.02 5.22 4.72 5.47 4.84 4.61 5.99 7.13 6.95 6.62 6.49 6.57 6.71 6.28
1.56 1.68 2.09 2.17 2.04 2.16 2.34 2.27 2.01 2.09 2.14 2.09 2.21 2.16 2.09 1.97 1.73 1.74 1.87 1.99 2.02 1.94 1.88 1.86 1.84 1.82 1.68 1.58 1.71 1.77 1.80 1.90 1.86 1.70 1.71 1.94 2.04 1.85 1.70 1.67 1.85 1.87 1.67 1.82 1.97 1.97 2.08 2.17 2.22 2.30 2.36 2.40 2.50 2.76 2.96 3.20 3.49 3.95 4.09 4.04 4.38 4.72 5.27 5.34 5.26 6.49 7.38 7.84 9.15 8.30 7.01 5.91 4.82 4.81 4.68 4.22 4.60 5.93 6.81 6.89 6.38 6.21 6.45 6.21
1.68 1.65 1.84 2.02 2.06 2.22 2.47 2.32 1.99 2.10 2.03 1.94 2.12 2.05 1.96 1.97 1.81 1.72 1.82 1.93 2.02 1.97 1.83 1.79 1.76 1.76 1.65 1.55 1.68 1.66 1.70 1.80 1.73 1.61 1.58 1.74 1.88 1.79 1.70 1.58 1.64 1.82 1.64 1.62 1.79 1.82 1.89 1.96 1.99 2.02 2.04 2.04 2.10 2.36 2.69 3.00 3.19 3.70 4.11 3.88 4.14 4.44 4.93 5.35 5.20 5.76 6.60 6.97 6.79 5.99 5.53 5.37 4.68 4.12 4.13 4.19 4.40 5.20 6.16 6.62 6.21 5.78 5.90 5.86
1.87 1.78 1.74 1.79 1.90 2.08 2.47 2.48 2.03 2.08 2.02 1.86 2.03 2.05 1.87 1.83 1.80 1.71 1.76 1.83 1.87 1.94 1.80 1.70 1.75 1.69 1.57 1.51 1.64 1.59 1.57 1.73 1.67 1.53 1.50 1.59 1.67 1.65 1.67 1.57 1.47 1.64 1.60 1.51 1.59 1.63 1.68 1.74 1.75 1.76 1.76 1.78 1.83 2.07 2.38 2.70 2.84 3.19 3.79 3.71 3.88 4.11 4.33 4.69 4.58 4.78 5.34 5.61 5.28 4.99 4.78 4.59 4.41 3.89 3.71 4.02 4.60 5.42 5.94 5.90 5.63 5.38 5.32 5.45
1.96 1.90 1.83 1.75 1.73 1.85 2.35 2.58 2.18 2.03 2.02 1.87 1.86 1.94 1.84 1.76 1.74 1.70 1.74 1.78 1.73 1.84 1.78 1.57 1.72 1.70 1.61 1.54 1.55 1.53 1.45 1.60 1.58 1.48 1.47 1.46 1.45 1.48 1.51 1.52 1.42 1.40 1.45 1.40 1.41 1.45 1.46 1.50 1.52 1.53 1.54 1.58 1.61 1.80 2.13 2.36 2.50 2.86 3.29 3.33 3.56 3.78 3.92 4.10 3.89 3.97 4.48 4.81 4.66 4.55 4.56 4.25 4.06 3.88 3.70 3.88 4.64 6.48 6.59 5.29 4.92 4.91 4.94 5.07
