windninja/all_results/maria_elevation_tif_point_11-01-2019_0200_500m_vel.asc
ncols	128
nrows	92
xllcorner	280654.681342
yllcorner	3772085.885776
cellsize	500.000000
NODATA_value	-32768.000000
[rows 0 to 37 of 92, columns 0 to 83 of 128]
3.46 3.21 3.34 3.66 3.55 3.35 3.03 3.20 3.79 3.88 3.80 3.85 3.68 3.62 3.36 3.10 3.15 3.02 3.33 3.88 4.08 4.05 4.00 4.08 4.01 3.86 4.03 4.11 3.87 3.78 3.87 3.89 3.89 3.96 4.04 4.13 4.29 4.51 4.86 4.86 4.94 5.02 4.65 4.57 4.87 5.04 4.92 4.58 4.15 4.75 5.21 5.27 5.23 5.35 5.20 4.85 4.59 4.24 4.21 4.29 4.47 5.23 5.65 5.66 5.85 5.75 5.54 5.11 4.38 3.95 3.94 4.22 4.31 4.12 3.83 3.83 3.82 3.62 3.71 3.82 3.87 3.57 4.70 5.97
3.46 3.21 3.34 3.66 3.55 3.35 3.03 3.20 3.79 3.88 3.80 3.85 3.68 3.62 3.36 3.10 3.15 3.02 3.33 3.88 4.08 4.05 4.00 4.08 4.01 3.86 4.03 4.11 3.87 3.78 3.87 3.89 3.89 3.96 4.04 4.13 4.29 4.51 4.86 4.86 4.94 5.02 4.65 4.57 4.87 5.04 4.92 4.58 4.15 4.75 5.21 5.27 5.23 5.35 5.20 4.85 4.59 4.24 4.21 4.29 4.47 5.23 5.65 5.66 5.85 5.75 5.54 5.11 4.38 3.95 3.94 4.22 4.31 4.12 3.83 3.83 3.82 3.62 3.71 3.82 3.87 3.57 4.70 5.97
3.56 3.00 2.83 3.32 3.53 3.42 2.84 2.71 3.35 3.53 3.48 3.72 3.61 3.60 3.54 3.34 3.31 3.06 3.00 3.39 3.65 3.67 3.62 3.77 3.81 3.53 3.58 3.87 3.77 3.64 3.63 3.69 3.66 3.65 3.71 3.69 3.52 3.52 4.16 4.24 4.31 4.65 4.36 3.80 4.06 4.54 4.44 4.40 3.94 4.15 4.42 4.16 4.27 4.78 4.82 4.88 4.94 4.35 4.16 4.17 3.91 4.40 4.99 4.90 5.08 5.25 5.34 5.25 4.77 4.35 4.13 4.33 4.50 4.39 4.11 4.03 3.94 3.72 3.83 3.97 4.05 3.67 4.03 5.40
4.01 3.27 2.63 2.85 3.37 3.60 3.01 2.62 3.09 3.26 3.22 3.60 3.67 3.58 3.63 3.61 3.49 3.09 2.88 3.16 3.39 3.35 3.27 3.41 3.64 3.45 3.32 3.56 3.65 3.63 3.52 3.58 3.60 3.51 3.47 3.30 3.11 3.19 3.58 3.49 3.51 4.09 4.08 3.42 3.77 4.51 4.02 3.92 3.63 3.47 3.77 3.55 3.95 4.44 3.96 4.42 5.39 4.77 3.99 4.10 3.66 3.58 4.23 4.18 4.23 4.75 5.24 5.35 5.10 4.85 4.52 4.47 4.70 4.75 4.55 4.39 4.18 3.97 4.16 4.37 4.10 3.28 3.22 4.85
4.06 3.88 3.30 2.82 3.05 3.43 3.20 2.92 3.11 3.22 3.27 3.40 3.52 3.50 3.40 3.50 3.46 3.12 3.01 3.22 3.39 3.31 3.25 3.37 3.53 3.48 3.34 3.36 3.44 3.56 3.50 3.49 3.57 3.52 3.45 3.30 3.23 3.28 3.38 3.35 3.39 3.84 3.89 3.31 3.62 4.70 4.30 3.84 3.69 3.46 3.63 3.61 4.37 4.54 3.33 3.30 5.11 5.35 3.99 3.93 3.84 3.73 4.21 4.40 4.48 4.70 5.17 5.47 5.32 5.24 5.03 4.64 4.72 4.80 4.58 4.41 4.15 3.82 3.89 4.19 3.65 2.89 2.93 4.13
3.49 3.82 3.79 3.11 2.92 3.11 2.90 2.84 3.01 3.14 3.40 3.36 3.29 3.38 3.33 3.36 3.39 3.16 3.07 3.23 3.37 3.34 3.31 3.43 3.52 3.45 3.34 3.34 3.39 3.45 3.45 3.42 3.45 3.42 3.40 3.32 3.25 3.15 3.18 3.37 3.42 3.77 3.84 3.21 3.35 4.25 4.27 4.04 4.07 3.93 3.57 3.71 4.57 4.70 3.87 2.81 3.69 5.45 4.68 3.68 3.58 3.94 4.23 4.43 4.91 4.79 4.88 5.40 5.50 5.68 5.55 5.00 5.04 5.13 4.83 4.39 3.67 3.45 3.63 3.87 3.73 3.10 2.72 3.14
3.25 3.57 3.86 3.54 3.26 3.13 2.78 2.73 2.88 3.08 3.39 3.52 3.43 3.32 3.33 3.33 3.27 3.18 3.17 3.28 3.35 3.37 3.38 3.47 3.54 3.50 3.41 3.41 3.46 3.48 3.46 3.45 3.46 3.41 3.38 3.34 3.33 3.21 3.08 3.22 3.21 3.50 3.81 3.53 3.67 3.82 3.70 3.73 3.94 4.08 3.68 3.99 4.41 4.44 4.61 3.55 2.95 4.60 5.34 4.04 3.26 3.73 3.76 3.70 4.68 4.65 4.62 4.95 5.08 5.73 5.76 5.16 5.24 5.55 5.75 5.35 4.05 3.78 4.10 4.24 4.04 3.47 2.97 2.65
3.25 3.50 3.73 3.74 3.83 3.59 3.07 2.88 2.91 3.06 3.23 3.45 3.60 3.44 3.43 3.42 3.26 3.22 3.24 3.29 3.27 3.32 3.41 3.48 3.50 3.45 3.41 3.42 3.45 3.46 3.43 3.42 3.42 3.37 3.34 3.32 3.28 3.25 3.22 3.14 3.06 3.16 3.43 3.61 3.79 3.75 3.48 3.52 3.67 3.66 3.69 4.11 4.11 4.06 4.50 4.22 3.51 3.84 5.08 4.67 3.29 3.23 3.35 3.61 4.43 4.14 4.19 4.39 4.48 5.49 5.76 4.98 4.78 4.95 5.31 5.79 5.20 4.53 4.11 4.09 4.23 4.28 3.98 3.01
3.08 3.41 3.64 3.51 3.75 3.83 3.46 3.20 3.11 3.13 3.18 3.29 3.43 3.44 3.48 3.45 3.29 3.25 3.32 3.39 3.31 3.26 3.36 3.47 3.50 3.43 3.42 3.47 3.52 3.50 3.44 3.45 3.45 3.31 3.31 3.39 3.30 3.29 3.47 3.38 3.22 3.16 3.23 3.48 3.62 3.70 3.53 3.50 3.65 3.58 3.64 3.94 3.91 4.03 4.18 3.95 3.87 3.86 4.51 4.76 3.97 3.37 3.04 3.49 4.23 4.02 3.78 3.77 3.91 5.05 5.47 5.04 4.89 4.53 4.43 4.76 4.52 4.34 4.03 3.96 4.22 4.72 5.01 4.27
2.90 3.16 3.62 3.54 3.46 3.53 3.43 3.37 3.31 3.23 3.21 3.27 3.24 3.27 3.39 3.37 3.30 3.26 3.30 3.45 3.44 3.31 3.29 3.41 3.48 3.41 3.40 3.49 3.58 3.56 3.38 3.38 3.49 3.30 3.30 3.48 3.41 3.30 3.43 3.53 3.44 3.37 3.35 3.40 3.47 3.58 3.49 3.33 3.48 3.78 3.75 3.60 3.68 3.96 3.98 3.72 3.75 3.94 4.42 4.63 4.78 4.55 3.35 3.13 3.73 4.08 3.75 3.54 3.79 4.95 5.01 4.86 5.56 5.67 5.42 4.70 4.22 4.31 4.58 4.64 4.20 4.15 4.58 4.36
2.82 2.94 3.53 3.72 3.49 3.36 3.26 3.31 3.33 3.30 3.28 3.29 3.23 3.22 3.28 3.29 3.27 3.28 3.26 3.36 3.47 3.38 3.28 3.36 3.44 3.38 3.34 3.50 3.77 3.83 3.56 3.46 3.53 3.39 3.38 3.50 3.46 3.35 3.34 3.41 3.40 3.43 3.48 3.46 3.48 3.61 3.55 3.27 3.28 3.70 3.90 3.71 3.62 3.78 3.67 3.67 4.00 4.26 4.80 4.97 5.32 5.96 5.36 4.12 3.93 4.39 4.34 4.20 4.17 5.35 5.40 4.23 4.92 6.05 6.84 6.18 5.03 4.64 4.50 4.62 4.41 4.29 4.25 4.00
2.82 2.83 3.34 3.62 3.43 3.32 3.23 3.25 3.27 3.32 3.33 3.33 3.24 3.19 3.22 3.20 3.23 3.31 3.32 3.32 3.42 3.37 3.21 3.28 3.41 3.32 3.18 3.27 3.66 3.99 3.90 3.74 3.64 3.49 3.44 3.46 3.46 3.38 3.41 3.40 3.25 3.34 3.55 3.52 3.50 3.68 3.70 3.44 3.27 3.29 3.53 3.84 3.78 3.74 3.38 3.32 3.80 4.15 4.44 4.70 4.85 5.52 6.40 6.04 5.33 5.17 5.30 5.29 4.57 4.92 5.99 4.60 3.69 4.49 6.51 6.94 5.28 4.35 4.47 4.57 4.50 4.75 4.56 4.00
2.98 2.91 3.23 3.44 3.31 3.27 3.25 3.23 3.24 3.31 3.31 3.42 3.32 3.12 3.15 3.17 3.20 3.31 3.39 3.37 3.43 3.42 3.18 3.26 3.45 3.32 3.17 3.01 3.11 3.59 3.78 3.71 3.65 3.68 3.56 3.45 3.51 3.42 3.55 3.57 3.24 3.32 3.68 3.61 3.51 3.72 3.83 3.74 3.57 3.22 3.11 3.40 3.58 3.65 3.22 3.03 3.26 3.48 3.65 3.85 3.88 3.94 4.93 5.85 5.47 4.77 4.89 5.48 4.83 4.50 5.87 5.52 3.92 3.68 5.53 7.05 6.03 4.47 4.61 4.91 4.48 4.70 4.76 4.19
3.28 3.07 3.08 3.26 3.24 3.24 3.28 3.20 3.14 3.26 3.29 3.44 3.50 3.20 3.06 3.14 3.22 3.30 3.42 3.41 3.41 3.47 3.22 3.22 3.41 3.24 3.22 3.12 2.96 3.25 3.47 3.46 3.54 3.85 3.72 3.43 3.48 3.31 3.48 3.59 3.26 3.36 3.71 3.66 3.57 3.77 3.92 4.02 4.08 3.78 3.42 3.34 3.49 3.63 3.24 3.02 3.35 3.59 3.66 3.71 3.64 3.72 4.21 5.06 5.29 4.49 4.24 4.89 4.85 4.88 5.77 5.78 4.51 3.55 4.71 6.57 6.61 5.25 4.72 5.08 4.87 4.72 4.73 4.37
3.63 3.31 2.97 3.04 3.14 3.18 3.32 3.28 3.08 3.16 3.24 3.34 3.53 3.36 3.08 3.09 3.26 3.30 3.35 3.39 3.38 3.51 3.39 3.27 3.36 3.18 3.13 3.14 3.08 3.20 3.28 3.16 3.37 3.94 3.85 3.62 3.68 3.40 3.45 3.52 3.27 3.52 3.80 3.72 3.74 3.89 4.01 4.14 4.38 4.47 4.26 4.08 4.10 4.09 3.59 3.06 3.33 3.81 3.95 3.75 3.43 3.66 4.05 4.74 5.39 4.83 4.24 4.17 4.16 4.59 5.24 5.79 5.19 3.71 3.99 5.59 6.19 5.75 5.16 5.04 5.13 4.98 4.75 4.45
3.88 3.46 2.97 2.91 2.98 3.04 3.21 3.30 3.10 3.10 3.17 3.23 3.36 3.27 3.06 3.07 3.27 3.34 3.31 3.25 3.31 3.54 3.58 3.53 3.61 3.50 3.33 3.09 3.04 3.21 3.21 2.89 3.14 3.88 3.86 3.92 4.12 3.92 3.87 3.86 3.64 3.86 4.07 3.91 3.99 4.01 3.97 4.04 4.09 4.31 4.20 3.99 4.11 4.18 3.71 3.09 3.15 3.72 4.17 3.88 3.20 3.34 3.75 4.30 5.03 4.96 4.71 4.12 3.88 4.23 4.24 5.01 5.57 4.49 3.90 4.68 5.31 5.34 5.18 4.92 5.01 5.09 4.85 4.53
4.10 3.50 2.90 2.85 2.82 2.86 3.02 3.18 3.09 3.09 3.13 3.21 3.24 3.10 2.99 3.05 3.25 3.37 3.32 3.16 3.20 3.49 3.55 3.53 3.71 3.87 3.90 3.44 3.15 3.33 3.33 3.02 3.18 3.73 3.65 3.80 4.08 3.88 3.98 3.99 3.77 4.01 4.10 3.79 3.95 3.98 3.76 3.84 3.73 3.97 4.02 3.81 4.06 4.21 3.72 3.15 3.04 3.56 4.26 4.04 3.55 3.68 3.96 4.26 4.55 4.81 5.26 4.75 4.25 4.28 4.04 4.55 5.21 5.18 4.58 4.37 4.80 5.02 5.10 4.95 4.93 5.03 4.89 4.65
4.20 3.74 3.15 2.99 2.88 2.79 2.92 3.08 3.06 3.08 3.17 3.26 3.15 2.95 2.93 3.00 3.16 3.27 3.23 3.13 3.13 3.31 3.40 3.28 3.33 3.60 3.96 3.93 3.67 3.67 3.61 3.35 3.33 3.54 3.35 3.48 3.79 3.45 3.56 3.67 3.33 3.81 3.98 3.60 3.81 3.93 3.73 3.74 3.61 3.85 4.02 3.76 4.12 4.42 3.95 3.31 2.92 3.37 4.17 4.06 3.87 4.10 4.36 4.49 4.33 4.46 5.26 5.33 4.92 4.58 4.18 4.61 4.78 5.03 5.11 4.73 4.76 4.89 5.05 4.98 4.94 4.98 4.92 4.77
3.89 3.76 3.53 3.33 3.22 2.99 2.94 3.10 3.07 3.05 3.23 3.37 3.09 2.81 2.88 3.03 3.12 3.13 3.10 3.11 3.11 3.19 3.27 3.19 3.09 3.15 3.36 3.51 3.43 3.43 3.32 3.19 3.33 3.41 3.24 3.25 3.48 3.19 3.15 3.41 3.28 3.53 3.76 3.58 3.69 3.94 3.92 3.78 3.55 3.68 3.98 3.67 3.92 4.43 4.20 3.68 3.08 3.26 3.93 4.02 4.06 4.27 4.38 4.46 4.44 4.38 4.83 5.33 5.39 4.95 4.23 4.46 4.68 4.64 4.83 4.89 4.92 4.92 5.00 5.02 4.99 4.99 4.96 4.88
3.60 3.45 3.37 3.33 3.33 3.20 3.00 3.10 3.09 3.00 3.21 3.50 3.22 2.73 2.81 3.03 3.11 3.03 3.08 3.15 3.12 3.19 3.15 3.08 3.03 3.10 3.19 3.20 3.13 3.16 3.09 3.11 3.36 3.40 3.38 3.36 3.35 3.17 2.94 3.19 3.52 3.45 3.58 3.62 3.53 3.83 4.08 3.98 3.64 3.58 3.84 3.66 3.73 4.25 4.27 4.04 3.59 3.29 3.62 3.85 4.05 4.50 4.40 4.10 4.37 4.42 4.36 4.91 5.37 5.27 4.54 4.24 4.61 4.63 4.58 4.74 4.97 5.06 5.10 5.12 5.10 5.08 5.06 5.02
3.67 3.37 3.07 3.07 3.13 3.10 2.99 3.04 3.06 2.96 3.06 3.46 3.37 2.73 2.75 2.99 3.07 3.03 3.06 3.16 3.20 3.26 3.04 2.89 2.95 3.09 3.14 3.24 3.24 3.15 3.08 3.16 3.35 3.28 3.30 3.53 3.48 3.23 2.93 3.03 3.58 3.53 3.52 3.63 3.50 3.63 3.96 4.08 3.84 3.69 3.77 3.70 3.66 4.05 4.09 3.91 3.95 3.51 3.37 3.64 3.89 4.46 4.49 4.08 4.29 4.38 3.99 4.32 4.93 5.11 4.69 4.17 4.35 4.60 4.65 4.74 4.92 5.06 5.16 5.22 5.22 5.20 5.17 5.12
3.82 3.50 3.05 2.95 3.03 3.00 2.89 2.97 2.99 2.97 3.00 3.31 3.37 2.79 2.71 2.90 3.01 3.06 3.02 3.05 3.19 3.38 3.09 2.75 2.91 3.07 3.02 3.06 3.15 3.17 3.13 3.20 3.33 3.19 3.03 3.39 3.59 3.33 3.06 3.00 3.46 3.60 3.38 3.43 3.51 3.59 3.76 3.92 3.96 3.81 3.81 3.84 3.82 4.05 3.99 3.72 3.94 3.82 3.42 3.53 3.98 4.35 4.19 4.11 4.38 4.48 3.94 3.81 4.27 4.23 4.51 4.34 4.34 4.52 4.71 4.91 5.08 5.15 5.23 5.32 5.33 5.33 5.31 5.26
3.87 3.60 3.21 3.04 3.07 3.06 2.89 2.92 2.92 2.90 3.03 3.28 3.28 2.85 2.77 2.84 2.91 3.02 2.96 3.04 3.14 3.40 3.29 2.74 2.86 3.05 3.07 3.00 2.92 3.10 3.24 3.39 3.42 3.21 2.91 3.14 3.46 3.31 3.13 2.99 3.36 3.71 3.37 3.27 3.43 3.67 3.68 3.65 3.94 3.80 3.66 3.75 4.05 4.17 3.95 3.80 3.95 4.03 3.59 3.50 4.10 4.58 4.14 3.97 4.41 4.65 4.38 4.04 4.25 4.36 4.68 4.69 4.66 4.74 4.84 5.06 5.31 5.40 5.41 5.46 5.48 5.46 5.43 5.39
3.80 3.58 3.23 3.10 3.10 2.99 2.89 2.89 2.84 2.75 2.89 3.28 3.20 2.71 2.81 3.01 2.93 2.97 2.87 3.00 3.11 3.24 3.41 2.96 2.82 2.97 3.05 3.02 2.89 3.00 3.18 3.41 3.50 3.28 2.93 3.00 3.27 3.23 3.13 2.94 3.28 3.72 3.41 3.26 3.38 3.68 3.62 3.54 3.94 3.90 3.61 3.65 4.13 4.20 3.88 3.75 3.98 4.20 3.74 3.55 4.01 4.73 4.52 4.00 4.36 4.64 4.63 4.62 4.81 5.09 5.15 5.07 5.04 5.08 5.09 5.22 5.46 5.60 5.65 5.65 5.64 5.60 5.56 5.54
3.77 3.53 3.08 3.06 3.23 2.93 2.79 2.82 2.76 2.61 2.61 3.09 3.17 2.58 2.60 3.17 3.11 2.89 2.81 2.98 3.10 2.98 3.30 3.23 2.87 2.95 3.01 2.93 2.93 3.03 3.16 3.34 3.50 3.33 3.01 2.97 3.08 3.12 3.09 2.92 3.16 3.59 3.41 3.22 3.46 3.70 3.42 3.39 3.88 3.93 3.62 3.70 4.19 4.22 3.94 3.73 3.98 4.32 3.95 3.69 3.89 4.56 4.74 4.32 4.51 4.76 4.85 5.05 5.29 5.52 5.52 5.37 5.34 5.40 5.42 5.52 5.70 5.81 5.87 5.87 5.83 5.76 5.70 5.67
3.74 3.67 3.19 3.07 3.38 3.10 2.88 2.86 2.76 2.56 2.42 2.75 2.92 2.60 2.44 3.04 3.27 2.75 2.62 3.03 3.20 2.88 3.08 3.26 2.95 2.95 3.01 2.92 2.84 2.98 3.15 3.27 3.54 3.45 3.13 3.00 2.97 2.99 2.93 2.93 3.12 3.36 3.36 3.14 3.53 3.83 3.38 3.24 3.67 3.83 3.56 3.71 4.23 4.29 4.01 3.80 4.00 4.38 4.21 3.92 4.00 4.47 4.75 4.65 4.77 5.03 5.24 5.48 5.72 5.87 5.88 5.69 5.57 5.66 5.76 5.90 6.06 6.14 6.15 6.10 6.01 5.89 5.81 5.81
3.32 3.60 3.51 3.31 3.58 3.42 3.21 3.08 2.86 2.64 2.46 2.55 2.48 2.47 2.53 2.91 3.34 2.73 2.48 2.99 3.21 2.88 2.93 3.15 2.97 2.92 3.02 3.07 2.89 2.91 3.02 3.06 3.34 3.52 3.35 3.07 3.00 3.05 2.81 2.88 3.16 3.20 3.23 3.03 3.42 3.87 3.56 3.32 3.49 3.75 3.54 3.59 4.13 4.33 4.10 3.85 3.94 4.41 4.47 4.21 4.28 4.56 4.77 4.85 5.01 5.29 5.57 5.86 6.13 6.30 6.31 6.08 5.84 5.91 6.14 6.34 6.48 6.50 6.43 6.33 6.19 6.01 5.86 5.81
2.94 3.22 3.35 3.40 3.83 3.92 3.74 3.45 3.01 2.85 2.66 2.52 2.21 2.10 2.36 2.80 3.33 2.92 2.63 3.01 3.22 2.94 2.80 3.03 2.92 2.87 2.99 3.14 3.13 3.02 3.05 3.01 3.02 3.32 3.38 3.09 2.92 3.03 2.79 2.77 3.14 3.19 3.12 2.96 3.23 3.73 3.67 3.39 3.35 3.65 3.58 3.52 3.98 4.24 4.20 4.00 3.94 4.34 4.55 4.45 4.55 4.73 4.90 5.02 5.18 5.49 5.82 6.15 6.54 6.87 6.91 6.62 6.29 6.31 6.65 6.89 6.96 6.92 6.66 6.43 6.24 6.11 5.97 5.80
2.76 3.08 3.02 2.88 3.47 3.93 4.15 4.04 3.46 3.26 3.08 2.76 2.42 2.00 2.01 2.44 3.05 2.93 2.78 2.96 3.24 3.13 2.78 2.90 2.83 2.83 2.92 2.98 3.17 3.15 3.29 3.26 2.99 3.19 3.25 3.06 2.94 2.93 2.78 2.70 3.05 3.21 3.04 2.97 3.11 3.55 3.72 3.47 3.28 3.42 3.53 3.56 3.93 4.10 4.12 4.12 4.06 4.32 4.53 4.58 4.71 4.88 5.05 5.21 5.35 5.59 5.94 6.26 6.73 7.29 7.48 7.26 7.12 7.12 7.36 7.48 7.35 7.31 7.04 6.53 6.21 6.10 6.19 6.02
2.43 2.94 2.97 2.57 2.84 3.26 3.71 4.01 3.81 3.71 3.50 3.21 3.05 2.49 2.14 2.25 2.67 2.81 2.79 2.80 3.04 3.14 2.85 2.81 2.76 2.79 2.90 2.83 2.90 2.95 3.21 3.45 3.20 3.23 3.19 2.98 2.97 2.93 2.77 2.64 2.90 3.19 3.04 2.97 3.03 3.39 3.68 3.57 3.41 3.29 3.30 3.47 3.89 4.00 4.01 4.13 4.20 4.37 4.54 4.64 4.80 5.01 5.20 5.42 5.59 5.66 5.99 6.37 6.80 7.49 7.71 7.56 8.98 7.96 7.98 8.10 7.59 7.49 7.55 7.04 6.43 5.66 5.66 6.12
2.36 2.76 2.97 2.74 2.80 2.98 3.23 3.36 3.36 3.70 3.56 3.07 3.13 2.95 2.49 2.33 2.50 2.77 2.83 2.79 2.88 2.96 2.78 2.67 2.73 2.73 2.91 2.88 2.77 2.79 2.94 3.33 3.34 3.28 3.25 2.98 2.92 2.95 2.83 2.64 2.71 3.06 3.11 2.94 2.95 3.30 3.55 3.52 3.53 3.45 3.27 3.36 3.76 3.89 3.94 4.10 4.26 4.41 4.58 4.72 4.89 5.12 5.32 5.61 5.94 5.85 6.07 6.50 6.84 7.60 7.62 7.02 7.30 7.30 7.62 8.40 7.78 7.26 7.59 7.70 7.34 5.95 5.35 6.20
2.40 2.67 2.93 2.91 2.92 3.15 3.43 3.07 2.78 3.45 3.67 2.96 2.81 2.99 2.70 2.43 2.45 2.70 2.89 2.92 2.97 2.98 2.79 2.57 2.60 2.68 2.84 2.93 2.82 2.76 2.87 3.16 3.15 3.18 3.31 3.06 2.91 2.94 2.86 2.76 2.62 2.77 3.09 2.97 2.84 3.21 3.43 3.37 3.44 3.53 3.44 3.42 3.64 3.80 3.91 4.07 4.27 4.44 4.61 4.77 4.97 5.21 5.44 5.65 6.20 6.17 6.12 6.63 7.05 7.75 7.63 6.64 6.62 6.71 6.41 7.76 8.07 7.10 7.02 7.59 7.96 7.28 6.39 6.16
2.37 2.60 2.94 2.88 2.69 3.00 3.67 3.29 2.60 3.20 3.71 3.29 2.94 2.92 2.76 2.50 2.42 2.58 2.82 2.91 2.98 3.04 2.93 2.66 2.48 2.52 2.63 2.77 2.83 2.75 2.89 3.13 2.88 2.86 3.22 3.14 2.93 2.85 2.76 2.81 2.77 2.58 2.85 3.03 2.76 3.06 3.34 3.27 3.29 3.41 3.49 3.52 3.63 3.77 3.90 4.06 4.26 4.44 4.63 4.79 5.00 5.30 5.56 5.61 6.28 6.78 6.40 6.57 7.40 7.99 7.53 6.04 6.06 6.67 5.58 6.33 7.90 7.62 6.83 6.90 7.26 7.20 6.86 6.13
2.21 2.44 2.97 2.90 2.58 2.81 3.45 3.40 2.72 3.00 3.40 3.24 3.20 3.04 2.86 2.60 2.38 2.49 2.71 2.85 2.88 2.90 2.89 2.76 2.60 2.53 2.48 2.51 2.74 2.80 2.89 3.11 2.88 2.64 2.93 3.19 3.09 2.81 2.63 2.70 2.91 2.67 2.58 2.96 2.86 2.91 3.17 3.19 3.21 3.30 3.41 3.51 3.67 3.91 3.84 3.97 4.21 4.47 4.62 4.74 5.04 5.41 5.82 5.73 6.16 7.47 7.53 7.59 9.94 9.87 8.11 6.03 5.50 6.36 5.58 5.20 6.56 7.59 7.23 6.80 6.63 6.70 6.86 6.44
2.09 2.27 2.88 2.98 2.78 3.01 3.33 3.21 2.82 2.99 3.04 2.93 3.12 3.04 2.93 2.76 2.41 2.44 2.67 2.88 2.97 2.87 2.78 2.74 2.71 2.72 2.52 2.37 2.63 2.75 2.80 2.97 2.88 2.61 2.63 3.01 3.16 2.84 2.58 2.54 2.81 2.84 2.51 2.70 2.90 2.87 3.01 3.10 3.12 3.20 3.30 3.40 3.51 3.62 3.65 3.75 4.01 4.54 4.70 4.64 5.03 5.43 6.08 6.17 6.10 7.57 8.70 9.34 11.17 10.01 8.16 6.85 5.64 5.64 5.46 4.85 5.10 6.32 7.04 7.01 6.47 6.32 6.59 6.37
2.30 2.28 2.56 2.77 2.83 3.09 3.49 3.30 2.82 3.01 2.88 2.73 3.04 2.94 2.78 2.79 2.53 2.42 2.61 2.83 2.99 2.93 2.72 2.67 2.67 2.70 2.50 2.35 2.65 2.63 2.69 2.88 2.76 2.55 2.50 2.79 3.02 2.83 2.68 2.50 2.58 2.87 2.58 2.52 2.78 2.81 2.89 2.98 3.01 3.07 3.16 3.22 3.24 3.30 3.37 3.49 3.63 4.24 4.73 4.47 4.78 5.14 5.73 6.24 6.08 6.81 7.86 8.36 8.16 7.08 6.38 6.20 5.48 4.86 4.86 4.85 4.87 5.48 6.30 6.69 6.29 5.88 6.04 6.02
2.57 2.47 2.43 2.48 2.65 2.89 3.49 3.55 2.88 2.97 2.88 2.64 2.92 2.96 2.68 2.61 2.56 2.43 2.56 2.74 2.82 2.94 2.73 2.59 2.71 2.64 2.43 2.37 2.64 2.56 2.53 2.84 2.74 2.49 2.47 2.65 2.77 2.71 2.75 2.58 2.42 2.71 2.63 2.48 2.63 2.69 2.76 2.85 2.89 2.93 2.98 3.01 2.98 3.05 3.12 3.25 3.31 3.70 4.41 4.30 4.51 4.79 5.06 5.48 5.36 5.63 6.34 6.67 6.31 5.87 5.51 5.32 5.17 4.60 4.37 4.62 5.04 5.58 5.99 6.00 5.76 5.53 5.48 5.61
2.70 2.64 2.55 2.45 2.42 2.58 3.33 3.70 3.11 2.91 2.90 2.70 2.73 2.83 2.65 2.52 2.49 2.47 2.59 2.71 2.63 2.84 2.77 2.41 2.67 2.64 2.53 2.48 2.54 2.51 2.40 2.71 2.67 2.48 2.52 2.53 2.49 2.56 2.62 2.63 2.47 2.46 2.53 2.45 2.50 2.57 2.61 2.69 2.73 2.77 2.78 2.79 2.70 2.74 2.92 3.00 3.03 3.41 3.90 3.91 4.20 4.47 4.60 4.80 4.56 4.69 5.32 5.74 5.59 5.41 5.36 5.04 4.83 4.60 4.30 4.36 4.98 6.31 6.41 5.46 5.14 5.12 5.13 5.25
