windninja/all_results/maria_elevation_tif_point_11-01-2019_0300_500m_vel.asc
ncols	128
nrows	92
xllcorner	280654.681342
yllcorner	3772085.885776
cellsize	500.000000
NODATA_value	-32768.000000
[rows 38 to 75 of 92, columns 0 to 83 of 128]
4.45 4.37 4.25 4.09 3.81 3.76 4.66 5.85 5.61 4.83 4.65 4.56 4.39 4.29 4.29 4.36 4.32 4.29 4.47 4.58 4.26 4.43 4.50 4.11 4.40 4.48 4.53 4.47 4.25 4.15 4.17 4.49 4.39 4.34 4.53 4.37 4.15 4.31 4.35 4.52 4.59 4.28 4.29 4.35 4.35 4.44 4.49 4.59 4.67 4.71 4.68 4.62 4.37 4.26 4.47 4.34 4.04 4.21 4.56 4.53 4.86 5.66 6.62 7.75 7.82 7.49 7.71 7.73 7.48 7.24 7.19 6.75 5.99 5.63 5.56 5.80 6.61 7.99 7.73 6.23 5.63 5.60 5.82 5.96
4.51 4.46 4.38 4.27 4.01 3.70 4.01 5.20 5.98 5.63 5.09 4.86 4.84 4.60 4.29 4.32 4.35 4.28 4.50 4.87 4.62 4.43 4.34 4.10 4.30 4.31 4.27 4.53 4.40 3.95 4.08 4.56 4.42 4.21 4.45 4.41 4.12 4.18 4.22 4.23 4.38 4.30 4.22 4.23 4.25 4.31 4.36 4.43 4.50 4.52 4.45 4.33 3.92 3.61 3.90 4.11 3.88 3.67 3.97 4.17 4.39 5.16 6.09 7.35 7.82 7.19 7.02 7.09 6.98 6.81 6.70 6.21 5.53 5.32 5.64 6.34 7.12 7.62 7.28 6.39 5.80 5.62 5.80 5.98
4.54 4.51 4.44 4.35 4.20 3.92 3.77 4.28 5.28 5.87 5.68 5.12 4.94 4.83 4.50 4.38 4.43 4.34 4.38 4.81 4.96 4.65 4.33 4.17 4.42 4.51 4.17 4.51 4.76 4.22 3.99 4.42 4.51 4.25 4.31 4.27 4.10 4.04 4.09 4.08 4.09 4.07 4.06 4.09 4.11 4.15 4.19 4.24 4.30 4.32 4.25 4.21 3.77 3.08 3.07 3.48 3.82 3.86 4.10 4.53 4.79 5.38 6.26 6.92 7.29 6.87 6.39 6.27 6.15 5.99 5.81 5.36 5.41 5.93 6.36 7.08 7.73 7.73 7.19 6.57 6.23 6.06 6.08 6.19
4.58 4.55 4.49 4.42 4.32 4.13 3.82 3.78 4.18 4.94 5.52 5.22 4.84 4.66 4.52 4.41 4.45 4.44 4.35 4.66 5.02 4.87 4.37 4.10 4.45 4.61 4.12 4.22 4.56 4.39 4.02 4.09 4.30 4.31 4.34 4.18 4.07 3.99 3.96 3.96 3.93 3.88 3.85 3.88 3.90 3.94 3.98 4.02 4.07 4.11 3.93 3.89 3.83 3.06 2.60 2.83 3.24 3.68 4.18 4.69 5.07 5.79 7.83 7.38 6.53 6.31 5.90 5.70 5.46 5.24 5.39 5.78 6.39 6.94 7.28 7.57 7.84 7.61 6.78 6.14 6.25 6.29 6.21 6.20
4.59 4.57 4.52 4.47 4.40 4.30 4.10 3.88 3.82 4.16 4.91 5.12 4.87 4.57 4.46 4.39 4.43 4.44 4.25 4.48 4.87 5.08 4.70 4.05 4.29 4.54 4.22 4.27 4.33 4.29 4.20 4.13 4.12 4.17 4.30 4.16 4.02 3.98 3.92 3.85 3.79 3.72 3.67 3.67 3.68 3.70 3.71 3.75 3.80 3.91 3.74 3.38 3.49 3.09 2.50 2.67 3.08 3.52 4.13 4.82 5.37 5.89 6.63 6.34 5.80 5.71 5.47 5.35 5.36 5.25 5.53 6.43 7.06 7.29 7.49 7.53 7.53 7.36 6.33 5.20 6.34 6.55 6.46 6.28
4.61 4.59 4.55 4.51 4.46 4.39 4.30 4.17 4.02 4.03 4.40 4.79 4.81 4.57 4.38 4.25 4.32 4.36 4.19 4.24 4.37 4.72 4.82 4.36 4.36 4.42 4.21 4.32 4.39 4.26 4.18 4.24 4.16 4.08 4.14 4.09 3.98 3.91 3.86 3.78 3.68 3.58 3.51 3.47 3.46 3.45 3.43 3.44 3.46 3.58 3.60 3.22 2.89 2.58 2.18 2.48 3.13 3.66 4.18 4.80 5.38 5.76 5.87 5.57 5.26 5.23 5.19 5.16 5.40 5.66 5.89 6.49 7.06 7.13 7.20 7.36 7.29 7.00 6.40 6.05 6.39 6.52 6.53 6.48
4.62 4.60 4.57 4.54 4.50 4.45 4.41 4.35 4.29 4.23 4.26 4.44 4.57 4.51 4.33 4.14 4.14 4.21 4.18 4.14 4.09 4.21 4.37 4.33 4.41 4.38 4.18 4.15 4.25 4.18 4.03 4.09 4.13 4.07 4.04 4.01 3.93 3.86 3.78 3.70 3.59 3.47 3.36 3.27 3.22 3.17 3.11 3.05 3.00 2.98 3.02 2.79 2.09 1.76 1.86 2.48 3.20 3.84 4.37 4.87 5.34 5.64 5.67 5.45 5.18 5.07 5.01 5.01 5.19 5.53 5.91 6.30 6.72 6.93 6.98 7.05 6.92 6.57 6.18 6.04 6.21 6.26 6.31 6.49
4.63 4.61 4.58 4.56 4.53 4.49 4.46 4.43 4.41 4.40 4.38 4.39 4.42 4.42 4.33 4.20 4.12 4.14 4.17 4.16 4.14 4.13 4.09 4.08 4.21 4.27 4.16 4.11 4.15 4.12 4.01 4.00 4.06 4.05 4.00 3.95 3.86 3.79 3.70 3.60 3.47 3.35 3.22 3.09 2.99 2.90 2.80 2.65 2.52 2.40 2.32 2.07 1.59 1.96 2.07 2.81 3.38 3.91 4.42 4.88 5.25 5.49 5.53 5.39 5.19 5.07 5.00 5.02 5.20 5.44 5.75 6.10 6.41 6.60 6.68 6.70 6.56 6.28 6.05 6.02 6.21 6.27 6.12 6.14
4.63 4.61 4.59 4.57 4.55 4.52 4.50 4.48 4.46 4.45 4.44 4.43 4.40 4.37 4.34 4.28 4.20 4.16 4.17 4.19 4.21 4.20 4.14 4.07 4.11 4.18 4.12 4.11 4.13 4.11 4.04 3.99 4.00 4.00 3.95 3.90 3.83 3.74 3.64 3.52 3.37 3.22 3.07 2.91 2.77 2.66 2.56 2.41 2.25 2.08 1.92 1.77 1.82 2.13 2.56 3.03 3.50 3.95 4.39 4.77 5.07 5.26 5.34 5.27 5.13 5.07 5.06 5.08 5.23 5.46 5.69 5.94 6.21 6.33 6.34 6.35 6.29 6.12 5.97 5.94 6.08 6.21 6.07 5.93
4.63 4.61 4.60 4.58 4.56 4.54 4.52 4.50 4.48 4.47 4.46 4.44 4.41 4.38 4.35 4.31 4.25 4.19 4.15 4.16 4.18 4.21 4.20 4.12 4.11 4.14 4.11 4.08 4.08 4.06 4.02 3.98 3.96 3.94 3.89 3.84 3.80 3.72 3.61 3.48 3.31 3.13 2.95 2.75 2.58 2.45 2.38 2.29 2.12 1.94 1.84 1.86 2.01 2.25 2.55 2.97 3.44 3.87 4.26 4.59 4.83 4.98 5.08 5.10 5.06 5.03 5.06 5.13 5.27 5.47 5.71 5.92 6.10 6.18 6.14 6.09 6.04 5.94 5.80 5.72 5.75 5.88 5.96 5.90
4.62 4.61 4.60 4.58 4.56 4.55 4.53 4.51 4.50 4.48 4.47 4.45 4.42 4.40 4.37 4.34 4.30 4.25 4.20 4.16 4.15 4.16 4.18 4.14 4.10 4.11 4.10 4.07 4.05 4.03 3.99 3.96 3.94 3.90 3.85 3.79 3.75 3.69 3.59 3.48 3.31 3.12 2.89 2.63 2.42 2.30 2.25 2.18 2.04 1.87 1.83 1.88 1.92 2.02 2.32 2.79 3.30 3.76 4.14 4.45 4.68 4.82 4.90 4.96 4.97 4.97 5.00 5.07 5.23 5.40 5.59 5.78 5.97 6.10 6.08 6.01 5.94 5.85 5.71 5.60 5.57 5.59 5.70 5.81
4.62 4.61 4.60 4.58 4.57 4.55 4.54 4.52 4.50 4.49 4.47 4.45 4.43 4.41 4.38 4.35 4.32 4.28 4.24 4.20 4.17 4.15 4.16 4.14 4.10 4.09 4.09 4.06 4.03 4.00 3.96 3.94 3.92 3.88 3.83 3.76 3.70 3.64 3.56 3.46 3.34 3.16 2.90 2.59 2.34 2.23 2.18 2.10 1.94 1.76 1.61 1.41 1.47 1.80 2.23 2.74 3.25 3.69 4.07 4.37 4.58 4.70 4.77 4.78 4.80 4.82 4.92 5.07 5.23 5.38 5.55 5.69 5.79 5.87 5.88 5.83 5.78 5.69 5.53 5.44 5.54 5.62 5.68 5.90
4.62 4.61 4.59 4.58 4.57 4.55 4.54 4.52 4.51 4.49 4.47 4.45 4.43 4.41 4.38 4.36 4.33 4.30 4.26 4.22 4.19 4.16 4.15 4.12 4.09 4.07 4.06 4.04 4.01 3.98 3.94 3.90 3.88 3.86 3.81 3.74 3.66 3.59 3.52 3.43 3.34 3.20 2.96 2.67 2.41 2.29 2.22 2.08 1.86 1.60 1.39 1.11 1.25 1.96 2.43 2.86 3.29 3.69 4.03 4.32 4.55 4.72 4.90 5.02 5.06 5.04 5.04 5.23 5.47 5.54 5.60 5.68 5.73 5.72 5.69 5.66 5.73 5.89 5.95 5.95 6.02 6.10 6.00 5.99
4.61 4.60 4.59 4.58 4.56 4.55 4.54 4.52 4.50 4.49 4.47 4.45 4.43 4.41 4.39 4.36 4.33 4.30 4.27 4.22 4.19 4.17 4.16 4.12 4.08 4.05 4.05 4.02 3.98 3.95 3.92 3.86 3.82 3.81 3.77 3.70 3.62 3.55 3.47 3.37 3.30 3.17 2.96 2.82 2.66 2.45 2.32 2.12 1.87 1.62 1.53 1.70 2.03 2.45 2.80 3.11 3.40 3.72 4.03 4.35 4.68 4.92 5.20 5.52 5.70 5.70 5.48 5.33 5.45 5.54 5.58 5.68 5.76 5.79 5.85 5.95 6.13 6.50 6.75 6.75 6.66 6.60 6.40 6.10
4.61 4.60 4.59 4.57 4.56 4.55 4.53 4.52 4.50 4.49 4.47 4.45 4.43 4.41 4.39 4.36 4.33 4.31 4.27 4.23 4.20 4.17 4.15 4.12 4.07 4.04 4.03 4.00 3.97 3.92 3.89 3.85 3.78 3.75 3.73 3.66 3.57 3.50 3.41 3.30 3.20 3.05 2.83 2.69 2.64 2.54 2.41 2.21 1.98 1.82 1.85 2.14 2.47 2.77 3.06 3.36 3.60 3.82 4.10 4.39 4.73 4.92 5.00 5.18 5.42 5.60 5.55 5.34 5.30 5.40 5.50 5.67 5.89 6.01 6.12 6.24 6.20 6.17 6.28 6.37 6.44 6.54 6.68 6.59
4.60 4.59 4.58 4.57 4.56 4.54 4.53 4.52 4.50 4.48 4.47 4.45 4.43 4.41 4.38 4.36 4.33 4.31 4.28 4.24 4.20 4.18 4.16 4.11 4.07 4.04 4.01 3.98 3.96 3.91 3.87 3.83 3.77 3.72 3.68 3.61 3.52 3.45 3.35 3.22 3.08 2.91 2.70 2.56 2.55 2.55 2.47 2.32 2.16 2.08 2.17 2.41 2.68 2.91 3.15 3.47 3.75 3.92 4.06 4.19 4.41 4.58 4.60 4.65 4.81 5.02 5.18 5.23 5.27 5.37 5.45 5.59 5.86 6.00 5.97 5.85 5.70 5.57 5.57 5.63 5.74 5.85 6.09 6.36
4.60 4.59 4.58 4.57 4.55 4.54 4.53 4.51 4.50 4.48 4.46 4.44 4.42 4.40 4.38 4.36 4.33 4.31 4.28 4.24 4.20 4.18 4.17 4.13 4.07 4.04 4.01 3.97 3.93 3.88 3.84 3.81 3.76 3.70 3.64 3.57 3.49 3.41 3.30 3.16 3.01 2.84 2.66 2.55 2.54 2.55 2.51 2.42 2.35 2.33 2.42 2.61 2.83 3.00 3.15 3.39 3.67 3.89 3.97 4.00 4.15 4.34 4.46 4.57 4.72 4.87 5.02 5.11 5.20 5.35 5.41 5.37 5.41 5.46 5.47 5.46 5.42 5.35 5.31 5.31 5.36 5.35 5.31 5.44
4.59 4.58 4.57 4.56 4.55 4.54 4.52 4.51 4.49 4.48 4.46 4.44 4.42 4.40 4.38 4.36 4.33 4.30 4.28 4.24 4.20 4.17 4.16 4.13 4.08 4.05 4.01 3.99 3.96 3.89 3.83 3.78 3.74 3.69 3.62 3.54 3.47 3.38 3.27 3.13 2.99 2.84 2.70 2.61 2.59 2.59 2.57 2.53 2.50 2.52 2.61 2.79 2.99 3.09 3.19 3.35 3.57 3.81 3.97 4.05 4.17 4.33 4.46 4.59 4.75 4.88 5.00 5.08 5.11 5.17 5.27 5.24 5.21 5.22 5.24 5.32 5.37 5.34 5.27 5.24 5.25 5.29 5.26 5.19
4.59 4.58 4.57 4.56 4.55 4.53 4.52 4.51 4.49 4.47 4.46 4.44 4.42 4.40 4.38 4.35 4.33 4.30 4.28 4.25 4.21 4.18 4.16 4.13 4.08 4.05 4.01 3.98 3.99 3.95 3.87 3.80 3.74 3.69 3.61 3.53 3.45 3.36 3.26 3.13 3.01 2.89 2.78 2.70 2.67 2.66 2.65 2.64 2.64 2.67 2.73 2.94 3.19 3.27 3.33 3.49 3.66 3.81 3.98 4.13 4.24 4.37 4.49 4.62 4.74 4.85 4.94 5.02 5.07 5.08 5.15 5.19 5.24 5.30 5.28 5.25 5.27 5.23 5.13 5.14 5.14 5.16 5.30 5.31
4.58 4.57 4.56 4.55 4.54 4.53 4.52 4.50 4.49 4.47 4.45 4.44 4.42 4.40 4.37 4.35 4.33 4.30 4.27 4.25 4.21 4.18 4.17 4.14 4.10 4.05 4.01 3.96 3.94 3.92 3.87 3.81 3.75 3.69 3.62 3.54 3.46 3.37 3.27 3.16 3.06 2.96 2.88 2.81 2.77 2.76 2.75 2.76 2.77 2.80 2.83 2.99 3.29 3.44 3.48 3.62 3.80 3.89 4.01 4.15 4.27 4.39 4.50 4.62 4.73 4.84 4.92 5.00 5.07 5.14 5.24 5.26 5.32 5.42 5.44 5.35 5.32 5.27 5.04 4.94 4.98 5.04 5.26 5.64
4.58 4.57 4.56 4.55 4.54 4.53 4.51 4.50 4.48 4.47 4.45 4.43 4.42 4.40 4.37 4.35 4.33 4.30 4.28 4.25 4.21 4.17 4.16 4.15 4.11 4.07 4.02 3.97 3.93 3.90 3.86 3.81 3.76 3.70 3.62 3.55 3.48 3.39 3.30 3.21 3.12 3.05 2.98 2.92 2.88 2.87 2.87 2.88 2.90 2.93 2.95 3.04 3.25 3.44 3.54 3.64 3.82 3.94 4.05 4.18 4.30 4.41 4.52 4.62 4.72 4.82 4.89 4.95 5.02 5.08 5.24 5.27 5.27 5.42 5.58 5.55 5.58 5.58 5.38 5.20 5.11 5.23 5.35 5.85
4.57 4.57 4.56 4.55 4.54 4.53 4.51 4.50 4.48 4.47 4.45 4.43 4.41 4.39 4.37 4.35 4.33 4.30 4.28 4.25 4.21 4.18 4.15 4.14 4.12 4.08 4.03 3.99 3.95 3.91 3.87 3.82 3.77 3.71 3.64 3.57 3.51 3.43 3.34 3.26 3.19 3.13 3.07 3.03 3.00 2.98 2.98 3.00 3.03 3.06 3.11 3.17 3.30 3.45 3.58 3.69 3.83 3.97 4.08 4.21 4.35 4.45 4.54 4.63 4.69 4.79 4.88 4.92 4.95 4.96 5.03 5.14 5.18 5.41 5.75 5.86 6.13 6.20 6.01 5.94 5.84 5.77 5.66 5.75
4.57 4.56 4.55 4.55 4.54 4.52 4.51 4.50 4.48 4.47 4.45 4.43 4.41 4.39 4.37 4.35 4.33 4.30 4.28 4.25 4.22 4.18 4.14 4.13 4.12 4.08 4.03 3.99 3.96 3.91 3.87 3.82 3.78 3.72 3.66 3.60 3.54 3.47 3.39 3.33 3.26 3.21 3.17 3.14 3.11 3.10 3.10 3.12 3.15 3.19 3.25 3.32 3.42 3.53 3.65 3.76 3.87 3.99 4.09 4.20 4.33 4.46 4.56 4.65 4.70 4.75 4.83 4.90 4.94 4.97 5.02 5.09 5.00 5.08 5.57 5.80 6.10 6.47 6.37 5.98 5.78 5.64 5.45 5.35
4.57 4.56 4.55 4.54 4.53 4.52 4.51 4.50 4.48 4.47 4.45 4.43 4.41 4.39 4.37 4.35 4.33 4.31 4.28 4.25 4.22 4.19 4.15 4.12 4.12 4.10 4.04 4.00 3.97 3.93 3.88 3.83 3.79 3.74 3.69 3.63 3.58 3.51 3.45 3.40 3.34 3.29 3.26 3.24 3.22 3.21 3.21 3.23 3.27 3.31 3.36 3.43 3.52 3.61 3.71 3.81 3.91 4.02 4.12 4.21 4.30 4.42 4.53 4.63 4.70 4.75 4.83 4.91 4.95 4.99 5.00 5.10 5.02 4.70 4.77 4.98 5.12 5.57 5.92 5.55 5.24 5.16 5.04 4.86
4.57 4.56 4.55 4.54 4.53 4.52 4.51 4.50 4.48 4.47 4.45 4.43 4.41 4.40 4.38 4.35 4.33 4.31 4.28 4.26 4.23 4.20 4.16 4.12 4.12 4.11 4.05 4.01 3.98 3.94 3.90 3.85 3.81 3.76 3.72 3.67 3.62 3.56 3.51 3.46 3.42 3.38 3.35 3.33 3.32 3.32 3.33 3.34 3.37 3.42 3.47 3.53 3.60 3.69 3.78 3.87 3.96 4.06 4.16 4.25 4.32 4.42 4.51 4.61 4.70 4.77 4.82 4.91 4.97 5.03 5.02 5.01 5.06 4.87 4.65 4.58 4.55 4.96 5.56 5.38 5.14 5.25 5.39 5.21
4.57 4.56 4.55 4.54 4.53 4.52 4.51 4.50 4.48 4.47 4.45 4.43 4.42 4.40 4.38 4.36 4.34 4.31 4.29 4.26 4.24 4.21 4.18 4.13 4.11 4.12 4.07 4.02 3.99 3.97 3.92 3.88 3.84 3.79 3.76 3.71 3.67 3.62 3.57 3.53 3.49 3.46 3.43 3.42 3.41 3.42 3.43 3.44 3.47 3.51 3.56 3.62 3.69 3.76 3.84 3.92 4.01 4.09 4.18 4.28 4.36 4.45 4.54 4.61 4.67 4.76 4.83 4.93 4.98 5.05 5.08 4.88 4.75 4.79 4.90 4.88 4.66 4.90 5.70 5.77 5.32 5.32 5.47 5.53
4.56 4.55 4.55 4.54 4.53 4.52 4.51 4.50 4.48 4.47 4.45 4.43 4.42 4.40 4.38 4.36 4.34 4.32 4.29 4.27 4.24 4.22 4.19 4.15 4.12 4.13 4.10 4.03 4.00 3.99 3.95 3.91 3.87 3.82 3.79 3.76 3.71 3.68 3.64 3.60 3.57 3.54 3.52 3.51 3.50 3.50 3.52 3.54 3.56 3.60 3.64 3.70 3.76 3.83 3.90 3.97 4.05 4.13 4.22 4.30 4.38 4.47 4.55 4.62 4.69 4.74 4.74 4.82 4.94 5.13 5.38 5.19 4.49 3.97 4.24 4.84 4.94 4.89 5.57 6.17 5.93 5.67 5.56 5.55
4.56 4.55 4.55 4.54 4.53 4.52 4.51 4.50 4.48 4.47 4.45 4.44 4.42 4.40 4.38 4.36 4.34 4.32 4.30 4.28 4.25 4.23 4.20 4.16 4.12 4.13 4.12 4.06 4.01 4.00 3.97 3.93 3.90 3.86 3.82 3.79 3.75 3.72 3.69 3.66 3.64 3.62 3.60 3.59 3.59 3.59 3.60 3.62 3.65 3.68 3.72 3.77 3.83 3.89 3.96 4.02 4.09 4.16 4.24 4.32 4.39 4.48 4.56 4.63 4.71 4.84 4.83 4.72 4.78 5.02 5.83 6.40 5.62 4.40 4.09 4.65 4.92 4.65 4.94 5.58 5.80 5.76 5.66 5.58
4.56 4.55 4.55 4.54 4.53 4.52 4.51 4.50 4.49 4.47 4.46 4.44 4.42 4.41 4.39 4.37 4.35 4.33 4.31 4.29 4.26 4.24 4.21 4.18 4.13 4.13 4.14 4.08 4.03 4.02 3.99 3.96 3.92 3.89 3.85 3.83 3.80 3.77 3.75 3.72 3.70 3.68 3.67 3.66 3.67 3.67 3.68 3.70 3.73 3.76 3.79 3.84 3.89 3.95 4.01 4.07 4.12 4.19 4.28 4.35 4.42 4.49 4.56 4.63 4.68 4.84 5.03 4.80 4.61 4.45 4.98 6.36 6.89 6.60 5.84 5.49 5.37 4.89 4.82 5.09 5.28 5.38 5.42 5.42
4.56 4.55 4.55 4.54 4.53 4.52 4.51 4.50 4.49 4.47 4.46 4.44 4.43 4.41 4.39 4.38 4.36 4.34 4.32 4.29 4.27 4.25 4.22 4.19 4.15 4.13 4.16 4.12 4.06 4.04 4.02 3.99 3.96 3.93 3.89 3.87 3.85 3.82 3.80 3.79 3.76 3.75 3.74 3.73 3.73 3.74 3.75 3.77 3.80 3.83 3.86 3.90 3.94 4.00 4.06 4.12 4.17 4.22 4.30 4.38 4.44 4.52 4.57 4.60 4.62 4.65 4.95 4.94 4.58 4.05 3.79 4.43 5.43 6.22 6.25 5.98 5.72 5.28 5.07 5.11 5.18 5.22 5.24 5.25
4.56 4.55 4.55 4.54 4.54 4.53 4.52 4.50 4.49 4.48 4.46 4.45 4.43 4.42 4.40 4.38 4.36 4.34 4.32 4.30 4.28 4.26 4.23 4.21 4.17 4.14 4.15 4.14 4.09 4.06 4.04 4.02 4.00 3.97 3.94 3.91 3.89 3.86 3.85 3.84 3.82 3.81 3.80 3.80 3.80 3.81 3.82 3.84 3.87 3.89 3.92 3.96 4.00 4.04 4.11 4.16 4.20 4.25 4.32 4.38 4.46 4.59 4.72 4.73 4.73 4.74 4.90 5.12 4.86 4.23 3.92 4.14 4.47 4.89 5.25 5.52 5.55 5.27 5.20 5.23 5.22 5.23 5.23 5.18
4.56 4.56 4.55 4.55 4.54 4.53 4.52 4.51 4.49 4.48 4.47 4.45 4.44 4.42 4.41 4.39 4.37 4.35 4.33 4.31 4.29 4.27 4.25 4.22 4.19 4.16 4.15 4.16 4.12 4.08 4.06 4.04 4.02 4.01 3.97 3.94 3.93 3.91 3.89 3.89 3.88 3.87 3.86 3.86 3.87 3.88 3.88 3.90 3.93 3.96 3.98 4.02 4.06 4.09 4.14 4.20 4.24 4.29 4.35 4.40 4.45 4.53 4.71 4.89 4.94 4.89 4.91 5.25 5.49 5.10 4.59 4.58 4.65 4.66 4.80 5.11 5.39 5.30 5.22 5.26 5.25 5.28 5.32 5.23
4.57 4.56 4.55 4.55 4.54 4.53 4.52 4.51 4.50 4.49 4.47 4.46 4.44 4.43 4.41 4.40 4.38 4.36 4.34 4.32 4.30 4.28 4.26 4.24 4.21 4.18 4.16 4.17 4.15 4.12 4.09 4.07 4.05 4.04 4.01 3.98 3.97 3.96 3.94 3.93 3.93 3.93 3.92 3.92 3.93 3.94 3.94 3.96 3.98 4.02 4.05 4.07 4.11 4.14 4.18 4.24 4.28 4.33 4.39 4.38 4.38 4.46 4.57 4.81 5.17 5.23 5.12 5.35 5.74 5.85 5.45 4.98 4.85 4.87 4.80 4.85 5.03 5.19 5.31 5.34 5.35 5.43 5.46 5.35
4.57 4.56 4.56 4.55 4.54 4.53 4.52 4.51 4.50 4.49 4.48 4.46 4.45 4.43 4.42 4.40 4.39 4.37 4.35 4.33 4.32 4.30 4.28 4.25 4.23 4.21 4.18 4.17 4.16 4.15 4.11 4.09 4.09 4.07 4.04 4.02 4.01 4.00 3.99 3.98 3.98 3.97 3.98 3.97 3.98 4.00 4.00 4.01 4.03 4.07 4.10 4.12 4.15 4.19 4.22 4.26 4.30 4.33 4.47 4.51 4.38 4.43 4.57 4.64 5.03 5.30 4.97 4.77 4.90 5.28 5.66 5.60 5.37 5.37 5.29 5.16 5.07 5.06 5.36 5.48 5.40 5.50 5.69 5.70
4.57 4.56 4.56 4.55 4.55 4.54 4.53 4.52 4.51 4.50 4.48 4.47 4.46 4.44 4.43 4.41 4.40 4.38 4.36 4.35 4.33 4.31 4.29 4.27 4.25 4.23 4.21 4.18 4.17 4.18 4.15 4.11 4.11 4.11 4.08 4.06 4.05 4.05 4.03 4.02 4.02 4.02 4.02 4.02 4.03 4.05 4.06 4.06 4.08 4.11 4.14 4.17 4.20 4.22 4.26 4.29 4.33 4.32 4.43 4.65 4.53 4.39 4.44 4.41 4.53 4.81 4.68 4.47 4.43 4.46 4.85 5.40 5.46 5.47 5.58 5.54 5.41 5.12 5.13 5.31 5.24 5.21 5.43 5.60
4.57 4.56 4.56 4.56 4.55 4.54 4.53 4.52 4.51 4.50 4.49 4.48 4.46 4.45 4.43 4.42 4.40 4.39 4.37 4.36 4.34 4.32 4.31 4.29 4.27 4.25 4.23 4.21 4.18 4.19 4.19 4.15 4.14 4.13 4.12 4.10 4.08 4.08 4.07 4.06 4.06 4.06 4.06 4.07 4.07 4.08 4.10 4.11 4.12 4.15 4.18 4.21 4.23 4.26 4.29 4.32 4.36 4.34 4.32 4.49 4.50 4.31 4.14 4.18 4.51 4.80 4.86 4.83 4.90 4.76 4.58 4.95 5.23 5.21 5.24 5.25 5.26 5.16 5.09 5.19 5.19 5.10 5.07 4.98
4.57 4.57 4.56 4.56 4.55 4.55 4.54 4.53 4.52 4.51 4.49 4.48 4.47 4.46 4.44 4.43 4.41 4.40 4.38 4.37 4.35 4.34 4.32 4.30 4.29 4.27 4.25 4.23 4.20 4.19 4.20 4.18 4.17 4.17 4.14 4.13 4.12 4.11 4.11 4.10 4.10 4.10 4.10 4.11 4.11 4.12 4.14 4.16 4.17 4.19 4.22 4.25 4.27 4.30 4.33 4.36 4.37 4.38 4.37 4.45 4.55 4.47 4.23 4.17 4.46 4.74 4.84 4.84 5.06 5.16 4.89 4.94 5.26 5.44 5.46 5.39 5.25 5.23 5.27 5.28 5.14 5.18 5.21 4.89
4.58 4.57 4.57 4.56 4.56 4.55 4.54 4.53 4.52 4.51 4.50 4.49 4.48 4.46 4.45 4.44 4.42 4.41 4.40 4.38 4.37 4.35 4.34 4.32 4.30 4.29 4.27 4.25 4.23 4.21 4.21 4.20 4.19 4.21 4.19 4.17 4.15 4.14 4.14 4.14 4.14 4.15 4.15 4.15 4.16 4.17 4.18 4.20 4.21 4.24 4.26 4.29 4.31 4.33 4.36 4.38 4.39 4.41 4.45 4.51 4.68 4.78 4.68 4.58 4.54 4.55 4.63 4.64 4.79 4.91 4.69 4.63 4.98 5.32 5.57 5.76 5.65 5.41 5.39 5.50 5.25 5.12 5.12 4.82
