windninja/SE045_results/maria_elevation_tif_point_11-01-2019_0000_500m_vel.asc
ncols	128
nrows	92
xllcorner	280654.681342
yllcorner	3772085.885776
cellsize	500.000000
NODATA_value	-32768.000000
[rows 38 to 75 of 92, columns 0 to 83 of 128]
6.77 6.74 6.58 6.46 6.04 5.78 7.46 9.44 8.94 7.74 7.53 7.47 7.35 7.01 6.53 6.44 6.41 6.53 7.10 7.67 7.19 7.67 7.69 6.41 7.03 7.21 7.45 7.53 7.27 7.02 7.00 7.87 7.54 7.26 7.78 7.54 6.99 7.42 7.40 7.55 7.70 7.08 7.06 7.12 7.05 7.12 7.13 7.16 7.17 7.16 7.07 7.03 6.59 6.50 7.36 7.41 6.95 7.29 7.54 6.95 7.10 7.42 7.34 8.02 7.58 6.84 7.34 7.46 7.42 7.50 7.63 7.30 7.04 7.25 7.13 7.01 7.28 7.34 7.17 7.27 7.10 6.99 7.19 7.23
6.89 6.86 6.78 6.68 6.31 5.86 6.45 8.24 9.28 8.66 7.93 7.66 7.64 7.00 6.29 6.41 6.58 6.48 6.99 7.95 7.77 7.78 7.30 6.35 6.97 7.34 7.18 7.66 7.68 6.74 6.82 7.87 7.57 7.15 7.80 7.68 7.03 7.29 7.32 7.35 7.62 7.27 7.10 7.17 7.13 7.15 7.15 7.14 7.15 7.16 7.11 7.06 6.49 6.20 7.16 7.78 7.60 7.18 7.23 7.18 6.97 7.11 6.94 7.76 7.94 7.00 7.05 7.31 7.56 7.61 7.44 7.25 7.16 7.21 7.05 7.12 7.29 7.27 7.19 7.31 7.26 6.97 7.20 7.24
6.97 6.95 6.90 6.81 6.63 6.24 6.05 6.88 8.26 8.99 8.73 7.92 7.61 7.15 6.52 6.49 6.65 6.58 6.84 7.87 8.38 7.89 6.94 6.34 7.15 7.67 6.76 7.50 8.13 6.97 6.60 7.61 7.75 7.34 7.75 7.58 7.17 7.18 7.29 7.35 7.36 7.21 7.14 7.19 7.18 7.19 7.16 7.13 7.14 7.13 7.08 7.32 6.96 6.17 6.60 7.57 8.02 7.32 7.10 7.41 6.97 6.99 7.04 7.44 7.89 7.27 6.88 7.21 7.51 7.67 7.35 7.18 7.36 7.24 7.01 7.20 7.38 7.14 7.11 7.32 7.38 7.12 7.16 7.22
7.05 7.03 6.99 6.93 6.83 6.61 6.24 6.36 7.03 8.13 8.96 8.28 7.53 7.04 6.74 6.53 6.63 6.88 6.82 7.66 8.47 8.07 6.96 6.23 7.27 7.83 6.67 7.25 7.92 7.36 6.82 7.24 7.57 7.59 7.84 7.45 7.27 7.26 7.25 7.32 7.26 7.13 7.11 7.17 7.18 7.18 7.14 7.11 7.08 7.17 6.95 7.21 7.72 6.78 6.42 7.28 7.65 7.21 7.20 7.38 6.99 7.01 7.29 7.37 7.61 7.43 6.96 7.18 7.50 7.56 7.21 7.30 7.41 7.09 7.13 7.27 7.36 7.16 7.04 7.23 7.32 7.24 7.13 7.11
7.10 7.09 7.05 7.02 6.95 6.87 6.65 6.53 6.66 7.29 8.38 8.35 7.65 7.00 6.77 6.49 6.76 7.12 6.79 7.43 8.00 8.21 7.49 6.27 7.25 7.77 6.90 7.38 7.57 7.36 7.22 7.28 7.35 7.55 7.83 7.47 7.33 7.35 7.29 7.28 7.23 7.12 7.10 7.14 7.15 7.14 7.09 7.04 6.97 7.32 7.26 6.83 7.66 7.65 6.93 7.34 7.40 7.06 7.16 7.23 7.08 7.07 7.32 7.35 7.40 7.45 7.13 7.13 7.62 7.50 7.01 7.46 7.47 6.90 7.21 7.35 7.24 7.27 7.15 7.19 7.25 7.25 7.16 7.09
7.15 7.14 7.11 7.09 7.05 7.01 6.94 6.87 6.82 7.02 7.59 7.95 7.67 7.13 6.75 6.49 6.96 7.19 6.89 7.22 7.32 7.83 7.80 6.82 7.40 7.58 7.04 7.46 7.54 7.33 7.28 7.44 7.43 7.49 7.64 7.50 7.39 7.36 7.32 7.30 7.24 7.14 7.11 7.11 7.13 7.10 7.01 6.86 6.84 7.36 7.80 7.15 7.12 7.80 7.47 7.33 7.45 7.24 7.08 7.09 7.15 7.17 7.26 7.26 7.25 7.37 7.22 7.08 7.54 7.53 7.12 7.44 7.48 6.99 7.15 7.33 7.22 7.30 7.27 7.22 7.27 7.17 7.13 7.20
7.18 7.17 7.16 7.14 7.12 7.10 7.08 7.07 7.07 7.09 7.22 7.45 7.46 7.21 6.86 6.69 6.96 7.08 7.06 7.16 7.07 7.34 7.42 7.15 7.55 7.49 7.18 7.33 7.47 7.39 7.22 7.36 7.52 7.52 7.50 7.46 7.41 7.37 7.32 7.32 7.26 7.19 7.14 7.10 7.12 7.06 6.88 6.64 6.72 7.20 7.82 7.61 7.09 7.54 7.62 7.31 7.38 7.39 7.18 7.12 7.21 7.24 7.28 7.23 7.18 7.29 7.21 7.12 7.34 7.36 7.33 7.36 7.37 7.22 7.11 7.23 7.28 7.30 7.29 7.28 7.35 7.16 6.95 7.20
7.21 7.20 7.19 7.18 7.17 7.16 7.16 7.16 7.18 7.20 7.22 7.24 7.25 7.18 7.04 6.94 6.94 6.99 7.12 7.17 7.13 7.20 7.14 7.10 7.42 7.44 7.29 7.32 7.39 7.40 7.28 7.26 7.47 7.53 7.46 7.44 7.40 7.35 7.30 7.30 7.26 7.22 7.18 7.14 7.12 7.05 6.82 6.57 6.71 6.99 7.51 7.74 7.34 7.37 7.53 7.40 7.33 7.35 7.28 7.22 7.24 7.28 7.31 7.26 7.18 7.28 7.23 7.16 7.27 7.27 7.33 7.29 7.29 7.28 7.09 7.16 7.32 7.30 7.28 7.30 7.43 7.30 6.92 7.11
7.23 7.22 7.22 7.21 7.20 7.20 7.20 7.21 7.21 7.23 7.24 7.23 7.19 7.17 7.14 7.09 7.00 6.99 7.10 7.15 7.17 7.25 7.19 7.10 7.27 7.36 7.29 7.33 7.37 7.40 7.33 7.27 7.41 7.49 7.44 7.43 7.40 7.34 7.29 7.28 7.22 7.18 7.19 7.19 7.13 7.05 6.91 6.77 6.77 6.82 7.28 7.68 7.45 7.30 7.38 7.40 7.34 7.31 7.32 7.28 7.26 7.28 7.33 7.30 7.20 7.26 7.26 7.18 7.24 7.29 7.27 7.22 7.31 7.27 7.05 7.12 7.32 7.31 7.27 7.28 7.38 7.40 7.15 7.13
7.24 7.24 7.23 7.23 7.23 7.23 7.23 7.23 7.24 7.24 7.24 7.23 7.21 7.19 7.18 7.15 7.09 7.06 7.07 7.08 7.14 7.26 7.25 7.16 7.21 7.29 7.30 7.31 7.33 7.37 7.33 7.31 7.39 7.43 7.41 7.39 7.39 7.36 7.32 7.28 7.19 7.15 7.19 7.21 7.16 7.06 7.04 7.01 6.83 6.77 7.19 7.55 7.41 7.28 7.30 7.34 7.33 7.30 7.32 7.31 7.27 7.26 7.33 7.33 7.24 7.26 7.25 7.19 7.24 7.26 7.22 7.22 7.32 7.28 7.06 7.12 7.29 7.32 7.27 7.26 7.26 7.32 7.33 7.24
7.25 7.25 7.25 7.24 7.24 7.24 7.24 7.24 7.25 7.25 7.25 7.24 7.23 7.22 7.20 7.18 7.16 7.14 7.09 7.07 7.12 7.20 7.25 7.21 7.19 7.24 7.31 7.31 7.31 7.34 7.32 7.34 7.39 7.40 7.39 7.35 7.35 7.35 7.33 7.30 7.20 7.17 7.19 7.21 7.18 7.11 7.12 7.10 6.93 6.83 7.15 7.45 7.37 7.30 7.29 7.30 7.30 7.30 7.33 7.32 7.29 7.29 7.33 7.33 7.30 7.26 7.21 7.15 7.20 7.18 7.14 7.21 7.28 7.27 7.15 7.19 7.29 7.36 7.34 7.28 7.24 7.22 7.27 7.32
7.26 7.26 7.26 7.26 7.25 7.25 7.25 7.25 7.25 7.26 7.25 7.25 7.24 7.23 7.22 7.21 7.19 7.18 7.13 7.12 7.14 7.16 7.22 7.23 7.19 7.22 7.30 7.31 7.30 7.32 7.31 7.34 7.40 7.40 7.38 7.35 7.33 7.32 7.30 7.28 7.24 7.21 7.22 7.22 7.19 7.16 7.17 7.13 7.02 6.92 7.09 7.36 7.35 7.31 7.30 7.30 7.30 7.29 7.32 7.35 7.35 7.36 7.37 7.35 7.33 7.25 7.12 7.11 7.17 7.09 7.10 7.19 7.20 7.22 7.21 7.22 7.28 7.43 7.46 7.25 7.20 7.28 7.18 7.27
7.26 7.26 7.26 7.26 7.26 7.26 7.26 7.26 7.26 7.26 7.26 7.25 7.25 7.24 7.23 7.23 7.21 7.20 7.17 7.15 7.16 7.17 7.21 7.22 7.18 7.21 7.28 7.30 7.29 7.31 7.31 7.31 7.37 7.40 7.39 7.37 7.31 7.28 7.28 7.24 7.25 7.25 7.24 7.23 7.21 7.20 7.19 7.16 7.09 6.98 7.04 7.30 7.35 7.31 7.31 7.31 7.28 7.27 7.29 7.37 7.44 7.41 7.43 7.46 7.49 7.38 7.06 6.99 7.16 7.08 7.12 7.20 7.20 7.25 7.27 7.21 7.20 7.55 7.63 7.27 7.23 7.46 7.25 7.13
7.27 7.27 7.27 7.27 7.27 7.27 7.27 7.27 7.26 7.26 7.26 7.26 7.26 7.25 7.24 7.24 7.23 7.22 7.20 7.17 7.17 7.19 7.22 7.22 7.18 7.20 7.27 7.29 7.29 7.29 7.31 7.30 7.31 7.36 7.40 7.37 7.28 7.28 7.28 7.22 7.26 7.28 7.25 7.24 7.24 7.20 7.19 7.18 7.14 7.03 7.03 7.26 7.33 7.29 7.33 7.37 7.25 7.22 7.28 7.35 7.53 7.43 7.36 7.56 7.74 7.72 7.27 6.90 7.08 7.15 7.15 7.18 7.30 7.36 7.32 7.22 7.12 7.54 7.68 7.42 7.46 7.66 7.52 7.20
7.27 7.27 7.27 7.27 7.27 7.27 7.27 7.27 7.27 7.27 7.27 7.26 7.26 7.26 7.25 7.25 7.24 7.23 7.22 7.19 7.18 7.20 7.22 7.23 7.18 7.20 7.26 7.27 7.30 7.28 7.30 7.32 7.27 7.32 7.39 7.34 7.26 7.30 7.28 7.21 7.27 7.29 7.25 7.26 7.26 7.21 7.19 7.19 7.15 7.05 7.05 7.24 7.27 7.23 7.32 7.43 7.31 7.23 7.29 7.28 7.48 7.43 7.20 7.39 7.68 7.85 7.53 7.04 7.05 7.18 7.09 7.10 7.42 7.46 7.28 7.23 7.16 7.28 7.38 7.36 7.53 7.60 7.68 7.56
7.27 7.27 7.27 7.27 7.27 7.27 7.27 7.27 7.27 7.27 7.27 7.27 7.27 7.26 7.26 7.25 7.25 7.24 7.23 7.21 7.19 7.22 7.25 7.23 7.18 7.22 7.25 7.26 7.29 7.27 7.29 7.32 7.28 7.30 7.35 7.30 7.27 7.31 7.28 7.22 7.26 7.28 7.25 7.26 7.27 7.22 7.20 7.20 7.15 7.06 7.09 7.22 7.21 7.18 7.21 7.33 7.38 7.39 7.33 7.14 7.31 7.39 7.20 7.26 7.48 7.63 7.46 7.18 7.11 7.16 7.03 7.03 7.42 7.43 7.26 7.27 7.23 7.11 7.11 7.21 7.35 7.28 7.37 7.61
7.27 7.27 7.27 7.27 7.27 7.27 7.27 7.27 7.27 7.27 7.27 7.27 7.27 7.27 7.26 7.26 7.25 7.25 7.24 7.22 7.20 7.22 7.27 7.25 7.20 7.23 7.25 7.26 7.29 7.26 7.27 7.30 7.29 7.30 7.30 7.28 7.29 7.30 7.29 7.26 7.27 7.28 7.26 7.25 7.26 7.22 7.21 7.21 7.16 7.09 7.12 7.19 7.20 7.16 7.07 7.11 7.30 7.54 7.38 7.07 7.19 7.31 7.26 7.29 7.42 7.44 7.32 7.21 7.11 7.10 7.09 7.11 7.29 7.28 7.25 7.31 7.23 7.12 7.11 7.16 7.19 7.13 7.13 7.30
7.27 7.28 7.28 7.27 7.27 7.27 7.27 7.27 7.27 7.27 7.27 7.27 7.27 7.27 7.27 7.26 7.26 7.25 7.25 7.23 7.21 7.22 7.26 7.26 7.22 7.25 7.25 7.26 7.33 7.29 7.26 7.26 7.28 7.31 7.27 7.26 7.29 7.30 7.29 7.28 7.27 7.28 7.27 7.25 7.24 7.22 7.21 7.20 7.16 7.12 7.13 7.22 7.32 7.22 7.02 7.01 7.23 7.47 7.34 7.15 7.19 7.26 7.27 7.31 7.37 7.33 7.28 7.23 7.08 7.03 7.22 7.27 7.23 7.22 7.22 7.26 7.23 7.24 7.21 7.15 7.11 7.19 7.23 7.20
7.28 7.28 7.28 7.28 7.28 7.28 7.28 7.28 7.27 7.27 7.27 7.27 7.27 7.27 7.27 7.27 7.26 7.26 7.25 7.24 7.22 7.22 7.27 7.27 7.23 7.25 7.23 7.24 7.35 7.35 7.29 7.27 7.28 7.30 7.28 7.27 7.28 7.29 7.29 7.28 7.28 7.29 7.28 7.25 7.23 7.22 7.21 7.19 7.15 7.13 7.05 7.22 7.56 7.40 7.10 7.14 7.31 7.29 7.24 7.25 7.24 7.25 7.26 7.31 7.32 7.29 7.25 7.22 7.10 7.08 7.31 7.30 7.23 7.27 7.25 7.19 7.27 7.41 7.23 7.10 7.12 7.12 7.24 7.41
7.28 7.28 7.28 7.28 7.28 7.28 7.28 7.28 7.28 7.28 7.27 7.27 7.27 7.27 7.27 7.27 7.26 7.26 7.25 7.25 7.22 7.22 7.28 7.28 7.26 7.25 7.23 7.22 7.29 7.33 7.31 7.29 7.29 7.29 7.28 7.28 7.29 7.29 7.28 7.28 7.29 7.30 7.29 7.26 7.24 7.23 7.21 7.20 7.17 7.11 6.94 7.08 7.57 7.55 7.24 7.28 7.40 7.23 7.20 7.29 7.26 7.26 7.27 7.30 7.29 7.28 7.25 7.20 7.14 7.19 7.39 7.27 7.21 7.29 7.36 7.28 7.42 7.63 7.22 7.06 7.12 6.97 6.96 7.64
7.28 7.28 7.28 7.28 7.28 7.28 7.28 7.28 7.28 7.28 7.27 7.27 7.27 7.27 7.27 7.27 7.27 7.26 7.26 7.25 7.23 7.22 7.26 7.28 7.29 7.27 7.25 7.25 7.26 7.28 7.30 7.29 7.29 7.29 7.28 7.28 7.30 7.29 7.28 7.28 7.29 7.30 7.30 7.28 7.25 7.24 7.21 7.21 7.18 7.12 6.97 7.01 7.33 7.44 7.32 7.29 7.35 7.27 7.24 7.29 7.28 7.27 7.29 7.29 7.26 7.27 7.25 7.18 7.16 7.19 7.36 7.28 7.11 7.20 7.48 7.44 7.67 7.82 7.42 7.28 7.07 6.88 6.74 7.46
7.28 7.28 7.28 7.28 7.28 7.28 7.28 7.28 7.28 7.28 7.28 7.28 7.27 7.27 7.27 7.27 7.27 7.27 7.26 7.26 7.24 7.22 7.23 7.26 7.29 7.28 7.26 7.27 7.27 7.27 7.29 7.28 7.28 7.30 7.28 7.28 7.30 7.29 7.28 7.28 7.28 7.30 7.30 7.28 7.26 7.24 7.23 7.22 7.19 7.15 7.10 7.11 7.21 7.29 7.31 7.28 7.26 7.27 7.26 7.26 7.29 7.31 7.31 7.30 7.24 7.25 7.26 7.21 7.20 7.18 7.23 7.25 6.94 7.00 7.54 7.47 7.86 8.11 7.80 7.61 7.18 6.98 6.88 7.03
7.28 7.28 7.28 7.28 7.28 7.28 7.28 7.28 7.28 7.28 7.28 7.28 7.27 7.27 7.27 7.27 7.27 7.27 7.26 7.26 7.25 7.24 7.21 7.24 7.29 7.29 7.26 7.26 7.27 7.27 7.27 7.27 7.29 7.30 7.28 7.28 7.30 7.29 7.27 7.29 7.28 7.28 7.29 7.29 7.27 7.25 7.24 7.23 7.21 7.19 7.18 7.19 7.22 7.24 7.29 7.27 7.23 7.26 7.26 7.22 7.26 7.33 7.32 7.32 7.26 7.23 7.25 7.26 7.24 7.21 7.16 7.23 6.81 6.64 7.30 7.31 7.59 8.25 8.33 7.73 7.25 7.10 6.97 6.70
7.28 7.28 7.28 7.28 7.28 7.28 7.28 7.28 7.28 7.28 7.28 7.28 7.28 7.27 7.27 7.27 7.27 7.27 7.27 7.26 7.26 7.25 7.22 7.22 7.29 7.31 7.27 7.25 7.27 7.28 7.26 7.26 7.28 7.29 7.28 7.29 7.30 7.28 7.27 7.29 7.28 7.27 7.28 7.29 7.28 7.26 7.25 7.23 7.23 7.22 7.21 7.22 7.23 7.24 7.27 7.25 7.23 7.25 7.26 7.22 7.23 7.30 7.30 7.32 7.29 7.24 7.26 7.30 7.25 7.23 7.15 7.20 7.00 6.60 6.85 6.97 7.02 7.89 8.64 7.84 7.21 7.11 6.98 6.53
7.28 7.28 7.28 7.28 7.28 7.28 7.28 7.28 7.28 7.28 7.28 7.28 7.28 7.28 7.27 7.27 7.27 7.27 7.27 7.26 7.26 7.25 7.23 7.21 7.27 7.32 7.28 7.25 7.27 7.28 7.27 7.27 7.27 7.28 7.29 7.30 7.30 7.28 7.27 7.29 7.28 7.27 7.28 7.29 7.28 7.27 7.26 7.24 7.24 7.24 7.22 7.23 7.23 7.24 7.26 7.25 7.23 7.24 7.25 7.25 7.24 7.27 7.27 7.29 7.29 7.27 7.27 7.31 7.23 7.26 7.23 7.14 7.19 6.97 6.85 6.86 6.77 7.50 8.62 8.01 7.14 7.01 7.13 6.83
7.28 7.28 7.28 7.28 7.28 7.28 7.28 7.28 7.28 7.28 7.28 7.28 7.28 7.28 7.27 7.27 7.27 7.27 7.27 7.26 7.26 7.26 7.25 7.21 7.24 7.32 7.29 7.25 7.26 7.28 7.27 7.27 7.27 7.26 7.29 7.30 7.30 7.29 7.28 7.28 7.28 7.28 7.27 7.28 7.27 7.27 7.27 7.25 7.25 7.24 7.23 7.24 7.24 7.24 7.25 7.25 7.24 7.23 7.24 7.25 7.26 7.27 7.26 7.27 7.26 7.27 7.28 7.29 7.19 7.26 7.42 7.29 7.14 7.01 7.04 7.10 6.91 7.15 8.32 8.25 7.07 6.90 7.11 7.15
7.28 7.28 7.28 7.28 7.28 7.28 7.28 7.28 7.28 7.28 7.28 7.28 7.28 7.28 7.28 7.27 7.27 7.27 7.27 7.27 7.26 7.26 7.25 7.22 7.22 7.31 7.32 7.25 7.25 7.29 7.28 7.27 7.28 7.26 7.29 7.30 7.29 7.29 7.29 7.28 7.29 7.29 7.27 7.28 7.27 7.26 7.27 7.26 7.25 7.25 7.24 7.25 7.25 7.25 7.25 7.24 7.23 7.23 7.24 7.25 7.25 7.26 7.26 7.27 7.26 7.29 7.28 7.19 7.06 7.15 7.71 8.00 7.47 6.65 6.53 7.17 7.32 6.77 7.60 8.28 7.39 7.12 7.14 7.17
7.28 7.28 7.28 7.28 7.28 7.28 7.28 7.28 7.28 7.28 7.28 7.28 7.28 7.28 7.28 7.27 7.27 7.27 7.27 7.27 7.27 7.26 7.26 7.23 7.21 7.29 7.34 7.26 7.24 7.28 7.28 7.27 7.28 7.26 7.28 7.30 7.28 7.29 7.30 7.29 7.29 7.29 7.27 7.29 7.28 7.27 7.26 7.26 7.26 7.25 7.24 7.24 7.25 7.25 7.25 7.24 7.22 7.22 7.24 7.24 7.24 7.25 7.25 7.26 7.20 7.37 7.47 7.05 6.84 6.67 7.51 8.99 8.58 6.95 6.12 7.04 7.56 6.43 6.83 7.71 7.52 7.38 7.26 7.21
7.28 7.28 7.28 7.28 7.28 7.28 7.28 7.28 7.28 7.28 7.28 7.28 7.28 7.28 7.28 7.28 7.27 7.27 7.27 7.27 7.27 7.26 7.26 7.24 7.21 7.25 7.35 7.28 7.23 7.27 7.27 7.28 7.28 7.27 7.27 7.29 7.28 7.28 7.30 7.29 7.29 7.28 7.28 7.28 7.28 7.28 7.27 7.26 7.27 7.26 7.25 7.25 7.25 7.25 7.25 7.24 7.21 7.21 7.23 7.24 7.23 7.24 7.23 7.24 7.11 7.30 7.71 7.14 6.78 5.95 6.10 8.61 9.29 8.33 7.06 7.38 7.62 6.47 6.60 7.17 7.32 7.32 7.24 7.26
7.28 7.28 7.28 7.28 7.28 7.28 7.28 7.28 7.28 7.28 7.28 7.28 7.28 7.28 7.28 7.28 7.27 7.27 7.27 7.27 7.27 7.27 7.26 7.25 7.21 7.23 7.34 7.31 7.24 7.26 7.27 7.28 7.28 7.28 7.27 7.28 7.28 7.28 7.29 7.30 7.29 7.29 7.29 7.27 7.28 7.28 7.26 7.26 7.27 7.26 7.25 7.25 7.24 7.24 7.26 7.24 7.21 7.20 7.21 7.22 7.22 7.23 7.25 7.19 7.10 7.15 7.61 7.50 6.99 5.82 5.39 7.24 8.43 8.52 7.98 7.95 7.73 6.87 6.77 7.05 7.23 7.24 7.22 7.25
7.28 7.28 7.28 7.28 7.28 7.28 7.28 7.28 7.28 7.28 7.28 7.28 7.28 7.28 7.28 7.28 7.27 7.27 7.27 7.27 7.27 7.27 7.26 7.26 7.23 7.21 7.30 7.32 7.26 7.25 7.27 7.28 7.28 7.30 7.28 7.27 7.28 7.28 7.28 7.30 7.29 7.29 7.29 7.27 7.29 7.28 7.26 7.26 7.28 7.27 7.25 7.26 7.24 7.23 7.26 7.24 7.20 7.20 7.18 7.20 7.18 7.17 7.31 7.26 7.20 7.16 7.38 7.80 7.49 6.30 5.95 7.11 7.64 7.74 7.84 7.98 7.80 7.10 6.95 7.14 7.22 7.27 7.31 7.25
7.28 7.28 7.28 7.28 7.28 7.28 7.28 7.28 7.28 7.28 7.28 7.28 7.28 7.28 7.28 7.28 7.28 7.27 7.27 7.27 7.27 7.27 7.26 7.26 7.25 7.22 7.26 7.32 7.28 7.25 7.26 7.27 7.28 7.30 7.29 7.26 7.28 7.28 7.28 7.29 7.29 7.30 7.29 7.27 7.29 7.29 7.26 7.26 7.27 7.28 7.26 7.26 7.25 7.23 7.24 7.23 7.21 7.20 7.17 7.18 7.12 7.02 7.17 7.34 7.36 7.29 7.28 7.69 7.93 7.15 6.66 7.22 7.36 7.40 7.50 7.59 7.68 7.21 7.07 7.23 7.23 7.32 7.42 7.31
7.28 7.28 7.28 7.28 7.28 7.28 7.28 7.28 7.28 7.28 7.28 7.28 7.28 7.28 7.28 7.28 7.28 7.27 7.27 7.27 7.27 7.27 7.27 7.26 7.26 7.23 7.24 7.29 7.28 7.27 7.26 7.26 7.29 7.30 7.29 7.26 7.28 7.29 7.27 7.28 7.29 7.30 7.29 7.27 7.29 7.29 7.27 7.26 7.26 7.29 7.28 7.26 7.25 7.24 7.23 7.22 7.21 7.18 7.21 7.22 7.01 6.88 6.96 7.04 7.44 7.67 7.29 7.38 7.82 7.87 7.66 7.41 7.32 7.50 7.39 7.29 7.30 7.11 7.22 7.30 7.23 7.40 7.55 7.46
7.28 7.28 7.28 7.28 7.28 7.28 7.28 7.28 7.28 7.28 7.28 7.28 7.28 7.28 7.28 7.28 7.28 7.28 7.27 7.27 7.27 7.27 7.27 7.26 7.26 7.25 7.24 7.26 7.27 7.29 7.26 7.25 7.29 7.31 7.28 7.25 7.28 7.29 7.27 7.27 7.29 7.29 7.30 7.28 7.28 7.29 7.28 7.26 7.25 7.28 7.29 7.27 7.25 7.23 7.23 7.21 7.20 7.09 7.24 7.42 6.91 6.74 6.89 6.58 7.21 7.98 7.37 7.08 7.25 7.65 8.10 7.88 7.55 7.71 7.62 7.36 7.13 6.83 7.21 7.40 7.22 7.37 7.68 7.68
7.28 7.28 7.28 7.28 7.28 7.28 7.28 7.28 7.28 7.28 7.28 7.28 7.28 7.28 7.28 7.28 7.28 7.28 7.28 7.27 7.27 7.27 7.27 7.27 7.26 7.26 7.26 7.24 7.25 7.30 7.28 7.24 7.28 7.32 7.28 7.25 7.28 7.29 7.27 7.27 7.29 7.29 7.29 7.28 7.28 7.29 7.29 7.26 7.25 7.27 7.29 7.27 7.25 7.23 7.24 7.21 7.21 7.01 7.13 7.52 7.00 6.71 6.71 6.39 7.08 7.98 7.47 7.03 7.15 7.21 7.39 7.86 7.74 7.71 7.76 7.54 7.33 6.86 7.04 7.38 7.26 7.22 7.59 7.66
7.28 7.28 7.28 7.28 7.28 7.28 7.28 7.28 7.28 7.28 7.28 7.28 7.28 7.28 7.28 7.28 7.28 7.28 7.28 7.27 7.27 7.27 7.27 7.27 7.27 7.26 7.26 7.24 7.23 7.28 7.30 7.25 7.28 7.31 7.28 7.27 7.27 7.28 7.28 7.27 7.28 7.29 7.29 7.28 7.27 7.28 7.29 7.27 7.25 7.26 7.27 7.27 7.25 7.23 7.23 7.21 7.19 7.05 7.05 7.33 7.13 6.88 6.45 6.33 7.29 7.80 7.48 7.25 7.53 7.34 6.91 7.42 7.71 7.60 7.61 7.48 7.34 7.08 7.03 7.33 7.37 7.35 7.65 7.39
7.28 7.28 7.28 7.28 7.28 7.28 7.28 7.28 7.28 7.28 7.28 7.28 7.28 7.28 7.28 7.28 7.28 7.28 7.28 7.28 7.27 7.27 7.27 7.27 7.27 7.27 7.26 7.26 7.23 7.25 7.29 7.26 7.28 7.31 7.28 7.27 7.27 7.27 7.28 7.27 7.27 7.29 7.29 7.28 7.28 7.27 7.29 7.28 7.26 7.27 7.27 7.27 7.25 7.23 7.23 7.22 7.18 7.14 7.10 7.14 7.25 7.14 6.51 6.44 7.24 7.44 7.41 7.33 7.53 7.63 7.10 7.09 7.51 7.68 7.67 7.60 7.34 7.12 7.22 7.56 7.44 7.62 7.92 7.24
7.28 7.28 7.28 7.28 7.28 7.28 7.28 7.28 7.28 7.28 7.28 7.28 7.28 7.28 7.28 7.28 7.28 7.28 7.28 7.28 7.28 7.27 7.27 7.27 7.27 7.27 7.27 7.26 7.25 7.25 7.26 7.26 7.26 7.31 7.30 7.28 7.28 7.27 7.29 7.27 7.27 7.29 7.29 7.28 7.27 7.27 7.28 7.27 7.26 7.27 7.27 7.27 7.25 7.23 7.23 7.22 7.20 7.16 7.10 7.04 7.26 7.26 6.83 6.93 7.25 7.24 7.38 7.16 7.29 7.75 7.22 6.67 7.12 7.49 7.55 7.81 7.65 7.25 7.42 7.94 7.69 7.80 7.96 7.26
