windninja/SE045_results/maria_elevation_tif_point_11-01-2019_0200_500m_ang.asc
ncols	128
nrows	92
xllcorner	280654.681342
yllcorner	3772085.885776
cellsize	500.000000
NODATA_value	-32768.000000
[rows 0 to 54 of 92, columns 0 to 95 of 128]
29 26 26 30 33 34 26 18 24 26 25 27 28 33 36 35 36 29 21 23 26 26 24 25 25 23 24 28 28 28 28 28 27 27 27 25 17 14 23 25 23 25 20 16 20 23 27 28 22 22 21 13 15 24 28 29 31 30 29 27 21 22 23 20 22 26 31 37 41 40 38 39 42 44 44 44 44 43 40 38 36 26 17 26 31 28 27 28 31 31 30 32 31 33 39 38
29 26 26 30 33 34 26 18 24 26 25 27 28 33 36 35 36 29 21 23 26 26 24 25 25 23 24 28 28 28 28 28 27 27 27 25 17 14 23 25 23 25 20 16 20 23 27 28 22 22 21 13 15 24 28 29 31 30 29 27 21 22 23 20 22 26 31 37 41 40 38 39 42 44 44 44 44 43 40 38 36 26 17 26 31 28 27 28 31 31 30 32 31 33 39 38
36 33 32 36 39 37 27 23 31 32 30 33 35 37 37 35 33 28 24 29 31 29 27 29 30 28 30 33 33 33 33 33 32 32 31 28 22 22 30 27 24 26 24 22 28 33 33 31 25 26 25 19 23 31 31 32 35 32 31 29 23 24 27 24 27 33 37 39 38 37 36 39 41 41 40 41 40 36 34 33 31 22 18 30 33 27 26 27 30 31 34 40 37 31 32 33
39 35 33 35 37 35 28 27 35 36 36 39 39 38 37 35 33 29 29 33 35 34 34 36 38 36 36 38 38 37 36 36 36 36 34 31 29 32 36 32 29 32 32 28 35 43 38 36 33 30 30 28 36 41 33 34 39 35 30 31 26 27 34 36 39 42 41 39 37 37 37 38 39 39 37 36 32 27 29 32 31 22 18 30 31 27 27 28 31 34 38 42 36 26 27 31
31 31 29 28 32 35 32 30 33 36 38 40 40 39 38 38 37 33 31 33 36 37 37 38 39 38 38 39 40 39 38 37 37 35 34 32 31 31 32 31 32 37 37 30 32 39 35 35 36 31 30 30 38 39 31 31 40 39 30 30 28 29 36 37 38 36 35 36 36 38 39 37 39 41 37 34 31 32 38 43 37 23 16 25 31 30 32 30 30 32 34 33 27 25 29 35
25 33 36 34 39 43 39 36 37 38 41 42 43 42 40 39 37 33 33 35 37 36 36 37 39 39 39 39 40 40 39 38 38 37 35 34 33 32 31 32 32 36 38 34 36 41 36 31 31 29 28 30 37 37 34 27 36 42 35 30 28 29 29 29 32 31 33 36 35 37 38 34 35 35 34 38 43 45 45 40 32 24 21 29 35 36 38 33 29 30 35 34 29 31 34 38
25 33 39 38 40 41 36 34 35 37 39 39 39 39 38 37 35 34 34 35 35 35 36 37 38 38 37 37 38 38 37 37 37 36 35 35 35 34 34 36 36 37 38 35 38 40 35 31 31 31 29 33 37 36 36 29 30 42 40 31 25 30 30 32 37 34 35 36 34 38 38 31 30 31 34 37 33 28 29 31 34 37 37 34 32 38 44 42 38 37 44 42 35 37 38 40
24 31 35 33 33 32 29 30 32 35 36 37 36 34 34 35 34 34 35 36 36 36 37 38 38 38 37 37 38 39 39 39 39 38 38 38 38 38 40 40 39 39 38 37 37 36 34 34 36 36 34 37 37 37 38 34 30 36 43 39 35 41 41 41 44 40 40 38 35 40 40 35 37 41 41 39 32 29 34 39 37 33 29 21 18 30 39 41 39 34 40 38 32 34 38 39
20 28 33 32 33 32 30 30 32 33 35 36 36 35 35 36 35 34 35 36 37 36 37 37 38 37 37 37 39 40 40 40 41 40 39 39 37 35 36 36 36 36 36 37 37 38 36 35 37 38 38 39 38 39 39 35 34 39 49 51 50 54 47 44 48 48 48 44 42 46 43 40 44 48 53 56 51 47 41 31 22 24 26 22 17 23 29 32 33 30 33 32 29 34 38 37
17 26 34 34 35 36 34 33 34 35 36 37 38 38 38 37 35 35 35 36 36 36 36 37 37 36 37 39 42 45 43 41 40 36 34 34 34 33 34 34 34 34 36 39 41 42 41 39 38 40 40 41 41 41 38 37 43 48 53 50 44 45 49 55 57 55 52 47 43 45 40 33 35 36 43 45 39 29 23 22 22 29 35 31 24 22 24 27 33 34 34 33 32 37 40 37
16 24 34 36 36 37 37 37 37 37 37 38 37 37 37 36 35 36 36 37 37 36 35 36 37 37 36 37 39 40 37 34 33 31 32 35 36 36 37 38 37 38 39 40 41 43 43 40 38 39 40 40 39 40 37 36 37 36 34 30 28 33 39 42 41 40 36 27 23 32 34 28 28 30 35 33 24 21 24 31 32 35 36 31 26 23 26 30 39 43 35 34 35 38 41 39
18 26 37 40 39 39 38 38 37 37 38 39 38 36 36 35 35 36 37 37 39 38 36 37 39 38 35 32 32 33 32 31 33 35 38 40 40 40 40 41 39 39 41 41 40 41 42 42 43 42 39 38 37 39 35 30 29 26 25 25 25 27 31 29 24 23 24 24 21 30 37 29 23 28 37 38 30 28 33 35 33 34 32 27 26 26 29 31 40 45 34 31 35 37 42 42
25 30 39 41 40 39 38 37 36 37 37 38 37 35 34 34 35 36 36 37 37 37 35 36 38 36 35 33 33 36 37 38 39 41 41 39 39 38 38 38 35 36 39 39 38 41 42 44 46 45 44 45 43 40 32 26 27 30 32 35 33 28 30 31 27 24 28 34 31 34 41 34 23 25 38 42 36 28 31 33 31 33 32 27 26 29 31 31 40 46 36 28 34 40 43 46
36 36 38 40 38 37 38 37 35 36 35 35 36 33 32 33 34 35 36 36 35 37 36 38 40 38 37 38 39 43 44 42 40 42 42 41 41 38 36 37 34 35 38 38 37 38 37 35 34 33 33 35 36 34 26 22 27 33 36 35 30 28 31 38 39 35 36 39 34 33 39 36 29 24 36 44 39 30 30 33 32 33 33 29 27 29 33 33 38 43 37 27 32 39 38 42
40 38 36 37 36 35 36 36 34 34 34 34 35 33 31 33 35 35 35 34 35 39 41 42 44 44 43 42 40 42 41 37 36 40 40 37 36 33 33 36 32 33 34 32 31 29 27 25 26 26 25 25 27 29 26 23 27 32 34 30 25 27 33 40 44 40 39 41 38 37 38 39 37 31 38 46 42 35 32 33 34 34 33 30 26 27 32 31 31 37 37 30 29 35 35 41
44 40 35 35 35 35 35 36 33 34 35 36 37 36 33 33 35 35 34 35 36 39 37 36 39 41 42 41 38 38 37 32 30 32 28 26 27 26 26 26 24 25 27 25 24 24 24 25 28 31 32 33 35 37 33 26 26 32 34 32 30 39 46 48 47 42 42 40 40 43 43 46 44 38 40 46 44 40 37 35 36 35 33 31 27 25 29 31 30 35 38 33 33 39 39 41
50 45 38 38 36 36 36 37 35 36 37 38 38 35 33 32 33 34 35 35 34 35 34 32 32 32 34 33 30 30 28 22 21 24 23 26 28 26 25 24 22 26 27 25 27 29 31 35 37 40 40 38 40 41 35 27 25 30 36 35 35 40 44 44 42 39 40 38 38 40 40 44 43 40 38 40 42 40 39 36 36 36 34 32 29 27 31 36 35 38 42 39 37 37 33 33
45 40 34 34 34 33 34 36 35 36 37 38 37 33 32 32 34 36 36 35 34 35 35 32 28 26 27 25 22 23 22 20 22 28 30 31 33 28 29 31 29 33 33 31 36 40 41 42 40 40 39 35 36 37 34 29 25 30 38 37 35 35 36 37 36 36 39 38 37 36 34 38 39 39 37 36 38 39 38 37 37 36 35 34 32 31 34 39 38 39 41 38 34 31 30 31
38 35 31 29 30 30 31 34 34 34 36 38 36 32 32 34 36 37 37 37 36 35 32 28 25 26 28 29 28 29 31 33 37 40 38 37 38 35 36 39 37 39 40 39 40 41 42 41 38 37 37 33 34 38 36 32 27 30 36 33 32 34 35 35 36 36 38 38 38 37 34 37 39 39 39 38 38 38 38 37 37 36 35 34 34 33 34 36 35 34 35 33 34 33 33 37
36 35 34 32 33 33 32 34 34 33 34 37 35 30 31 35 36 36 36 36 33 30 28 27 28 30 34 38 39 40 40 40 40 37 36 38 41 40 38 39 40 40 41 40 38 39 40 39 36 36 37 35 35 37 35 32 30 28 30 31 31 36 37 36 38 38 36 39 39 38 35 35 39 39 39 39 39 38 37 37 36 35 35 35 34 34 35 35 34 33 35 35 37 37 36 38
39 39 40 40 39 38 35 35 34 33 34 38 37 30 30 34 35 34 32 30 29 31 31 31 33 36 36 36 37 38 38 38 38 37 37 39 40 38 34 34 39 37 37 38 36 37 39 38 36 35 36 36 34 37 37 34 33 29 29 32 35 38 38 36 39 40 37 38 39 39 37 36 39 40 38 38 39 38 37 36 36 35 35 35 35 35 35 36 36 36 38 40 41 40 39 41
44 43 41 40 39 38 35 35 34 34 35 38 37 30 30 33 32 31 30 30 33 37 36 33 35 37 38 39 39 38 39 40 41 40 37 39 38 35 32 33 39 40 38 38 37 37 38 37 36 34 34 34 35 38 37 33 34 33 30 32 37 42 39 36 39 41 37 36 39 40 39 38 39 39 38 38 38 37 37 36 36 36 36 36 36 36 36 37 37 37 40 42 43 43 43 43
44 41 36 34 34 35 34 35 34 33 34 36 35 30 31 32 32 32 32 33 34 37 37 32 35 37 38 38 37 37 37 39 40 39 36 37 39 36 35 34 38 40 37 36 36 37 37 36 38 37 34 34 36 36 33 32 34 35 31 31 36 40 37 35 37 37 35 35 38 40 39 38 38 38 37 37 37 37 36 37 36 36 36 36 36 36 36 37 37 38 39 40 41 42 42 43
43 40 35 35 38 38 36 36 35 33 32 36 35 30 30 33 32 34 32 33 34 36 38 35 35 37 37 36 34 36 38 40 41 39 36 37 39 38 36 33 36 39 35 34 35 37 36 34 37 36 33 34 37 37 34 34 35 36 32 30 34 38 36 33 36 38 38 37 38 39 39 38 37 37 37 37 37 37 37 37 36 36 36 36 37 37 37 37 38 39 40 40 41 41 41 41
45 44 40 41 44 43 41 40 37 34 32 36 36 29 28 34 35 32 31 35 38 36 38 37 33 34 35 35 35 37 39 41 43 41 38 38 39 37 35 33 35 38 35 33 36 39 35 33 36 36 33 33 37 38 35 33 34 36 33 32 34 38 38 35 38 41 40 40 39 39 39 38 38 38 37 38 38 38 37 37 36 36 36 37 37 37 37 38 38 39 41 41 40 39 38 38
41 42 40 39 42 40 39 39 38 35 34 38 37 32 30 36 38 32 30 35 37 34 36 36 33 34 37 38 37 38 38 38 40 41 39 38 37 36 34 33 35 37 36 32 36 39 35 34 37 37 33 33 37 37 35 32 33 36 35 33 34 38 40 39 39 39 39 39 39 39 39 38 38 38 38 37 37 37 37 37 37 36 36 37 37 37 38 39 38 38 39 41 39 38 38 36
36 38 35 32 35 36 36 37 37 38 38 38 34 30 29 32 36 31 29 36 38 34 34 36 34 35 37 39 38 39 40 39 39 39 37 34 33 33 31 32 35 36 35 32 35 38 35 33 35 36 33 34 37 37 35 33 33 35 35 33 35 38 40 39 38 39 39 39 39 39 39 39 38 38 38 37 37 37 37 37 37 37 38 38 38 37 37 38 39 38 39 40 40 39 39 36
36 34 28 25 29 33 35 39 40 40 38 36 31 25 24 28 34 30 29 35 37 35 34 36 35 35 36 37 37 38 40 40 40 40 39 35 34 35 32 32 36 36 35 33 35 38 37 35 33 35 34 33 36 37 35 33 32 35 36 35 36 37 38 38 39 39 39 39 39 39 38 38 38 37 37 37 38 39 39 39 38 38 39 38 37 36 36 38 39 40 40 42 43 42 41 38
25 28 25 24 30 33 35 36 33 31 30 29 27 21 21 30 36 33 31 32 35 35 34 36 35 35 35 34 34 33 35 38 37 39 38 35 34 34 33 31 35 37 35 33 34 38 39 36 34 34 34 33 35 36 35 34 34 36 37 37 37 38 38 39 40 40 40 41 40 40 39 38 37 37 38 38 39 40 41 40 38 36 36 37 36 33 34 37 37 36 36 38 38 34 32 30
15 26 32 32 38 38 36 32 28 28 27 26 27 24 24 30 36 35 35 35 38 39 36 36 36 35 36 35 35 34 35 37 35 35 36 34 34 35 34 31 33 36 34 33 33 36 37 35 34 34 33 33 35 36 36 36 36 37 38 37 38 38 39 41 42 41 41 42 41 41 40 38 37 37 37 39 38 37 38 39 41 38 37 39 36 29 29 30 29 28 28 30 29 26 25 25
16 30 38 36 38 37 36 34 32 35 36 33 33 31 27 27 31 35 38 40 42 43 39 35 34 33 35 35 34 34 34 36 34 34 35 34 34 35 33 31 31 34 34 32 32 34 36 34 33 33 32 34 38 38 37 37 37 37 38 38 39 39 39 40 41 40 40 41 40 41 40 37 37 35 35 37 35 34 35 37 39 36 30 31 31 25 23 27 28 28 28 31 31 29 30 30
22 29 34 30 27 30 36 37 36 42 43 38 35 35 31 29 30 34 36 36 37 38 36 33 31 31 32 33 32 32 34 36 35 35 37 35 34 34 33 32 31 33 35 33 30 34 35 34 34 34 34 35 38 38 37 37 37 38 38 39 39 40 39 39 41 41 39 40 39 39 36 32 34 34 29 32 35 33 31 30 31 28 26 28 31 28 27 32 36 35 34 36 36 34 33 33
20 24 28 28 27 32 39 37 31 37 39 34 33 36 34 30 29 32 34 34 35 36 35 34 32 33 33 33 34 34 36 38 36 36 39 38 36 34 32 33 33 31 33 34 31 33 36 35 36 36 36 36 36 36 36 37 37 38 40 40 41 42 42 41 42 45 43 40 38 38 37 31 31 32 24 26 32 31 27 28 31 32 33 33 35 34 31 33 34 32 33 35 35 34 32 33
14 20 30 32 33 39 43 39 31 35 39 36 36 35 34 31 29 31 34 38 40 39 36 34 33 34 33 32 34 34 34 37 36 34 36 37 36 33 31 32 34 31 31 34 33 35 37 37 37 37 36 36 36 36 36 36 38 41 42 41 41 42 43 42 39 39 38 33 30 31 33 28 24 28 26 24 29 32 30 31 33 34 35 34 33 32 30 29 29 29 32 34 35 35 34 34
13 21 32 33 32 37 43 41 37 40 41 38 39 36 33 32 29 30 34 37 37 34 32 32 31 31 30 30 34 35 36 38 37 33 33 36 37 34 32 33 35 35 32 34 36 35 37 37 36 36 36 36 36 36 36 36 37 40 40 37 36 35 36 33 26 25 25 25 25 26 28 27 24 29 31 30 31 35 35 34 32 32 34 33 31 30 29 29 30 32 34 35 36 36 33 31
21 25 32 32 32 35 41 41 38 40 38 36 39 37 34 32 30 29 32 33 33 33 33 34 34 35 33 31 35 36 37 39 38 34 33 36 38 36 35 33 33 36 33 33 36 35 35 36 35 35 35 35 35 36 37 37 35 36 37 33 31 29 27 25 21 22 27 31 32 32 34 36 35 33 34 33 32 34 35 34 33 32 34 33 32 32 32 33 33 34 35 35 36 36 33 31
27 29 31 31 33 35 41 42 36 38 37 35 37 36 33 33 32 30 31 33 35 38 37 34 35 36 35 33 36 34 34 37 36 34 34 37 38 36 35 33 32 35 34 32 34 35 35 35 35 35 35 35 35 36 36 35 34 33 34 28 26 24 24 27 28 32 37 38 36 37 38 37 36 33 31 31 31 31 33 35 34 33 34 35 35 34 35 34 34 34 35 36 36 36 34 32
30 31 31 31 32 32 38 42 38 38 39 38 38 37 34 32 32 31 33 38 39 40 36 30 33 33 33 33 34 34 33 37 37 35 37 38 36 35 35 35 34 34 34 33 34 35 35 35 35 35 35 35 34 33 34 33 29 29 29 25 25 27 31 37 37 36 37 37 35 36 36 34 32 31 29 30 33 33 34 35 34 34 35 36 35 35 35 35 35 35 35 36 36 36 35 34
31 32 32 32 31 29 36 42 41 39 38 37 36 35 33 32 31 32 37 41 39 37 34 30 34 35 34 35 35 34 34 39 37 35 36 35 33 35 35 35 34 33 34 34 34 35 35 35 35 35 35 35 33 31 34 34 30 30 32 32 35 37 37 39 37 34 36 37 36 36 36 34 33 33 33 33 36 36 35 35 35 34 35 35 35 35 35 35 35 35 36 36 36 36 35 35
32 32 32 33 32 30 33 38 38 36 34 33 32 31 30 32 33 33 35 37 35 34 34 32 36 36 34 37 37 33 33 37 35 33 35 35 33 35 35 34 36 34 34 35 34 34 35 35 35 35 36 36 34 31 32 33 33 33 35 37 37 38 37 38 38 34 35 36 36 36 35 35 35 36 35 36 36 34 34 34 35 33 34 35 35 36 35 35 35 36 37 37 36 37 36 36
33 33 33 33 33 32 31 33 35 35 34 32 33 33 31 32 33 33 32 33 35 35 33 31 33 34 31 33 35 32 31 35 35 34 36 36 35 35 35 36 37 36 35 35 35 35 35 35 35 35 35 38 38 33 32 34 35 33 33 34 33 35 36 37 38 35 34 36 36 37 36 35 36 35 34 34 34 33 33 34 34 33 34 35 35 35 35 35 35 35 35 35 34 35 35 35
33 33 34 34 34 33 32 33 35 37 39 37 36 35 33 32 32 31 29 32 36 36 33 28 32 35 31 34 36 34 33 35 36 35 36 35 35 36 37 37 36 35 35 35 35 35 35 35 35 37 37 36 36 34 32 36 36 33 33 35 34 34 35 35 37 36 34 36 37 37 35 36 35 33 33 33 34 35 35 35 36 35 35 35 35 36 36 35 34 33 34 34 34 35 35 34
34 34 34 34 34 34 34 35 36 40 42 40 37 34 33 31 30 30 29 32 35 35 33 29 34 35 32 35 36 35 34 35 35 36 37 36 36 36 36 36 36 35 35 35 35 35 34 35 35 37 37 31 31 31 28 31 33 33 35 35 35 34 35 36 36 36 35 35 37 36 34 35 35 32 34 35 36 36 35 36 36 36 35 35 36 36 35 34 33 33 35 35 35 36 36 36
34 34 34 34 34 34 35 35 36 39 41 40 38 35 33 30 31 32 32 35 35 36 34 31 34 35 33 35 35 34 34 35 35 37 38 37 36 36 36 36 35 35 35 35 34 34 34 33 32 32 31 28 28 31 31 32 34 35 35 36 36 36 36 37 36 36 35 34 35 35 33 35 35 34 35 36 35 36 36 35 36 35 35 35 35 35 35 34 34 35 36 36 36 36 36 36
34 34 34 34 35 35 35 35 36 37 38 39 38 36 33 32 34 35 36 36 37 38 37 34 35 36 35 36 37 36 36 37 37 38 37 37 36 36 35 35 35 34 34 34 34 34 33 31 29 29 31 32 32 35 36 35 36 36 35 35 36 36 36 36 36 36 35 35 36 36 35 35 36 35 35 36 36 36 36 36 36 36 34 34 34 34 35 35 35 36 36 36 36 36 36 37
34 34 34 35 35 35 35 35 36 36 36 37 36 35 34 34 35 36 36 37 37 38 37 37 38 37 37 37 37 37 37 37 37 37 36 36 36 36 35 35 35 34 34 34 34 34 33 31 30 32 36 37 35 35 36 36 36 36 36 35 35 35 36 36 35 36 36 35 36 36 36 36 36 36 35 35 36 36 35 35 36 35 34 35 35 36 37 36 36 36 36 37 37 37 37 38
34 34 35 35 35 35 35 35 35 36 36 36 35 35 35 35 35 35 36 36 36 36 36 36 37 37 37 37 37 37 36 36 36 36 36 36 36 35 35 35 35 35 35 35 35 34 33 33 33 34 36 37 36 36 37 37 36 36 36 35 35 35 36 36 36 36 36 36 36 36 36 36 36 36 35 35 36 36 35 35 35 36 35 36 37 37 37 37 37 36 36 37 37 37 37 36
35 35 35 35 35 35 35 35 35 35 35 35 35 35 35 35 35 35 36 36 36 36 36 36 36 36 36 36 36 36 36 36 36 36 36 36 36 35 35 35 35 35 35 35 35 34 34 34 34 34 36 37 37 37 37 37 36 36 36 36 36 36 37 37 36 36 36 36 36 36 35 35 36 36 35 35 36 36 36 37 37 37 37 37 37 37 37 37 36 36 36 36 36 36 36 34
35 35 35 35 35 35 35 35 35 35 35 35 35 35 35 35 35 35 35 35 35 36 36 36 36 36 36 36 36 36 36 36 36 36 36 36 36 35 35 35 35 35 35 35 35 34 34 34 34 34 35 37 37 36 36 36 36 36 36 36 37 37 37 37 37 37 36 36 36 35 35 35 35 35 35 36 36 37 38 38 39 39 38 38 37 36 36 36 36 36 36 36 35 35 34 33
35 35 35 35 35 35 35 35 35 35 35 35 35 35 35 35 35 35 35 35 35 35 36 35 35 35 36 36 35 36 35 35 36 36 36 35 35 35 35 36 35 35 35 35 35 34 34 34 34 34 35 36 36 36 36 36 36 36 36 37 38 38 39 39 38 37 36 35 35 34 34 35 36 36 36 37 38 40 41 39 38 38 36 35 35 35 36 37 37 37 36 36 35 35 34 34
35 35 35 35 35 35 35 35 35 35 35 35 35 35 35 35 35 35 35 35 35 35 35 35 35 35 35 35 35 35 35 35 35 36 36 36 35 36 36 35 35 35 35 35 35 34 35 34 34 34 35 36 36 36 36 36 36 36 37 37 38 37 36 36 36 35 33 32 33 33 34 35 36 37 38 38 38 38 37 34 33 34 33 33 34 35 36 36 36 35 33 34 34 34 35 35
35 35 35 35 35 35 35 35 35 35 35 35 35 35 35 35 35 35 35 35 35 35 35 35 35 35 35 35 35 35 35 35 36 36 36 36 36 36 35 35 35 35 35 35 35 35 35 35 34 34 34 35 35 35 36 36 36 36 36 35 34 32 30 31 31 31 31 31 33 34 35 36 37 37 36 34 31 30 30 29 30 32 33 33 33 33 32 32 31 30 31 31 32 34 34 35
35 35 35 35 35 35 35 35 35 35 35 35 35 35 35 35 35 35 35 35 35 35 35 35 35 35 35 35 35 35 36 36 36 36 36 36 36 35 35 35 35 35 35 35 35 35 35 35 35 34 34 35 35 35 35 35 35 34 33 31 30 30 30 31 33 34 34 33 35 35 35 35 35 33 31 30 29 30 32 32 32 32 32 32 30 30 30 31 31 31 32 33 34 36 36 35
35 35 35 35 35 35 35 35 35 35 35 35 35 35 35 35 35 35 35 35 35 35 35 35 35 35 35 35 35 35 36 36 36 36 36 36 35 35 35 35 35 35 35 35 35 35 35 35 34 34 34 35 35 34 34 34 33 32 31 31 32 34 34 36 37 38 38 36 35 35 34 33 32 31 31 32 33 35 35 35 35 35 34 34 32 32 34 36 37 36 36 36 37 38 38 37
35 35 35 35 35 35 35 35 35 35 35 35 35 35 35 35 35 35 35 35 35 35 35 35 35 35 35 35 36 36 36 36 36 36 36 35 35 35 35 35 35 35 35 35 35 35 35 35 34 34 34 35 35 35 35 34 34 34 34 34 36 37 37 37 38 38 37 36 35 34 33 33 33 34 35 36 37 37 37 37 38 38 38 38 37 37 38 39 38 39 40 41 41 40 39 37
