windninja/SE045_results/maria_elevation_tif_point_11-01-2019_0400_500m_vel.asc
ncols	128
nrows	92
xllcorner	280654.681342
yllcorner	3772085.885776
cellsize	500.000000
NODATA_value	-32768.000000
[rows 0 to 37 of 92, columns 0 to 83 of 128]
5.02 5.01 5.49 5.98 5.85 5.45 5.20 5.62 6.29 6.55 6.51 6.41 6.07 5.91 5.52 4.93 4.74 4.71 5.37 6.10 6.36 6.35 6.34 6.44 6.33 6.20 6.41 6.46 6.13 5.96 6.00 5.96 5.90 5.97 6.07 6.18 6.52 6.82 7.11 7.24 7.21 7.02 6.63 6.76 7.07 7.17 6.95 6.48 6.07 6.62 7.04 7.12 7.00 7.04 6.92 6.46 6.02 5.57 5.51 5.65 5.93 6.66 6.99 6.96 7.06 6.88 6.47 5.78 4.83 4.31 4.34 4.62 4.63 4.37 4.07 4.04 4.01 3.84 3.98 4.15 4.26 4.41 5.65 6.56
5.02 5.01 5.49 5.98 5.85 5.45 5.20 5.62 6.29 6.55 6.51 6.41 6.07 5.91 5.52 4.93 4.74 4.71 5.37 6.10 6.36 6.35 6.34 6.44 6.33 6.20 6.41 6.46 6.13 5.96 6.00 5.96 5.90 5.97 6.07 6.18 6.52 6.82 7.11 7.24 7.21 7.02 6.63 6.76 7.07 7.17 6.95 6.48 6.07 6.62 7.04 7.12 7.00 7.04 6.92 6.46 6.02 5.57 5.51 5.65 5.93 6.66 6.99 6.96 7.06 6.88 6.47 5.78 4.83 4.31 4.34 4.62 4.63 4.37 4.07 4.04 4.01 3.84 3.98 4.15 4.26 4.41 5.65 6.56
4.73 4.15 4.11 4.94 5.35 5.17 4.55 4.44 5.09 5.47 5.53 5.72 5.48 5.50 5.55 5.24 5.08 4.83 4.75 5.07 5.42 5.55 5.56 5.72 5.69 5.28 5.33 5.71 5.61 5.38 5.34 5.37 5.25 5.23 5.33 5.37 5.21 5.06 5.70 6.06 6.24 6.45 6.03 5.39 5.49 5.93 5.82 5.92 5.54 5.66 5.87 5.55 5.42 5.88 6.13 6.26 6.17 5.48 5.28 5.30 5.07 5.55 6.08 5.94 5.99 6.06 6.01 5.81 5.31 4.87 4.62 4.74 4.82 4.68 4.41 4.30 4.21 4.08 4.25 4.43 4.59 4.50 4.84 5.88
5.30 4.41 3.62 4.04 4.96 5.37 4.71 4.12 4.48 4.74 4.75 5.18 5.33 5.33 5.52 5.55 5.35 4.85 4.47 4.59 4.81 4.77 4.65 4.79 5.03 4.79 4.60 4.93 5.15 5.12 4.97 5.01 5.00 4.87 4.80 4.62 4.32 4.24 4.67 4.75 4.82 5.35 5.35 4.73 4.97 5.53 4.96 5.05 4.83 4.61 4.85 4.52 4.65 5.00 4.84 5.58 6.51 5.77 4.97 5.08 4.62 4.45 4.96 4.79 4.77 5.31 5.78 5.90 5.72 5.44 5.02 4.86 5.03 5.07 4.87 4.72 4.59 4.56 4.80 4.93 4.66 4.01 4.01 5.33
5.61 5.58 4.98 4.31 4.58 5.08 4.93 4.57 4.63 4.75 4.73 4.82 5.11 5.15 5.05 5.18 5.14 4.77 4.60 4.70 4.80 4.68 4.57 4.64 4.80 4.79 4.62 4.64 4.77 4.94 4.89 4.85 4.94 4.91 4.81 4.60 4.45 4.46 4.62 4.57 4.49 4.85 4.98 4.54 4.87 5.92 5.52 5.06 4.83 4.46 4.62 4.64 5.15 5.13 4.03 4.14 6.11 6.37 4.93 4.84 4.80 4.60 4.93 5.10 5.13 5.31 5.82 6.15 6.00 5.85 5.51 5.02 5.01 5.01 4.79 4.73 4.58 4.27 4.22 4.43 4.02 3.48 3.59 4.52
4.65 5.31 5.50 4.54 4.12 4.27 4.13 4.13 4.35 4.59 4.86 4.72 4.64 4.82 4.79 4.87 4.97 4.77 4.60 4.65 4.78 4.78 4.72 4.79 4.84 4.75 4.64 4.63 4.65 4.71 4.73 4.69 4.71 4.71 4.68 4.57 4.43 4.28 4.35 4.53 4.54 4.86 4.93 4.23 4.18 5.19 5.53 5.45 5.41 5.09 4.73 4.78 5.38 5.56 4.64 3.42 4.39 6.41 5.59 4.49 4.50 4.83 5.12 5.38 5.70 5.43 5.51 6.09 6.27 6.38 6.11 5.55 5.52 5.51 5.13 4.58 3.81 3.59 3.72 4.01 4.10 3.59 3.02 3.18
4.31 4.86 5.47 5.16 4.64 4.31 3.96 3.96 4.24 4.54 4.95 5.14 4.98 4.83 4.87 4.87 4.86 4.79 4.74 4.78 4.86 4.89 4.85 4.87 4.94 4.91 4.83 4.81 4.84 4.85 4.82 4.79 4.76 4.70 4.63 4.56 4.48 4.28 4.04 4.09 4.12 4.48 4.92 4.64 4.53 4.70 4.79 4.92 5.12 5.29 4.90 4.92 5.20 5.41 5.59 4.36 3.63 5.41 6.25 4.89 4.13 4.48 4.43 4.31 5.13 5.15 5.17 5.54 5.75 6.31 6.27 5.77 5.89 6.18 6.33 5.76 4.35 4.16 4.56 4.68 4.40 3.67 2.89 2.53
4.53 4.93 5.44 5.67 5.80 5.40 4.76 4.45 4.40 4.55 4.79 5.14 5.37 5.22 5.16 5.10 4.91 4.84 4.81 4.76 4.72 4.79 4.89 4.93 4.93 4.89 4.86 4.85 4.84 4.82 4.76 4.70 4.65 4.57 4.50 4.40 4.31 4.24 4.09 3.89 3.80 3.93 4.34 4.61 4.76 4.77 4.49 4.41 4.48 4.57 4.61 4.86 4.92 4.92 5.36 5.16 4.41 4.61 5.91 5.47 3.90 3.62 3.72 3.91 4.60 4.41 4.53 4.80 4.97 5.89 6.12 5.37 5.09 5.23 5.68 6.26 5.73 5.04 4.45 4.35 4.52 4.55 4.17 3.29
4.42 4.93 5.39 5.31 5.68 5.91 5.51 5.08 4.83 4.76 4.79 4.90 5.11 5.20 5.22 5.17 4.98 4.89 4.95 4.95 4.76 4.68 4.81 4.95 4.99 4.93 4.92 4.95 4.95 4.87 4.74 4.69 4.60 4.42 4.43 4.49 4.37 4.41 4.59 4.42 4.15 4.02 4.06 4.34 4.52 4.64 4.47 4.37 4.49 4.38 4.31 4.62 4.73 4.80 4.89 4.81 4.76 4.61 5.16 5.38 4.40 3.54 3.13 3.62 4.36 4.14 3.90 3.94 4.06 5.09 5.60 5.30 5.07 4.59 4.40 4.72 4.58 4.51 4.20 4.22 4.79 5.34 5.56 4.90
4.17 4.63 5.33 5.19 5.05 5.28 5.36 5.29 5.10 4.91 4.82 4.81 4.76 4.82 4.99 5.03 4.96 4.91 4.94 5.09 5.04 4.82 4.79 4.93 5.01 4.95 4.93 4.98 5.01 4.85 4.56 4.57 4.69 4.53 4.58 4.78 4.69 4.52 4.63 4.73 4.60 4.44 4.27 4.21 4.26 4.34 4.22 4.04 4.25 4.51 4.34 4.17 4.33 4.59 4.68 4.50 4.46 4.59 5.05 5.26 5.41 5.01 3.47 3.11 3.74 4.10 3.75 3.57 3.82 4.87 5.09 5.29 6.07 6.10 5.60 4.71 4.33 4.70 5.20 5.29 4.79 4.51 4.86 4.78
4.05 4.35 5.18 5.42 5.17 5.06 4.98 5.02 5.03 4.97 4.90 4.87 4.78 4.77 4.87 4.93 4.93 4.92 4.84 4.94 5.07 4.94 4.81 4.88 4.98 4.93 4.91 5.16 5.47 5.43 5.02 4.87 4.99 4.90 4.83 4.83 4.72 4.53 4.41 4.41 4.40 4.42 4.40 4.30 4.27 4.35 4.23 3.91 3.91 4.37 4.61 4.38 4.23 4.38 4.38 4.53 4.90 5.21 5.86 6.12 6.50 7.08 6.19 4.55 4.21 4.70 4.67 4.64 4.74 5.77 5.75 4.69 5.53 6.74 7.38 6.65 5.63 5.33 5.08 5.02 4.78 4.52 4.42 4.32
3.96 4.08 4.74 5.14 5.05 4.96 4.88 4.87 4.90 4.97 5.00 4.96 4.79 4.74 4.81 4.82 4.89 4.98 4.91 4.86 4.95 4.87 4.70 4.79 4.94 4.83 4.70 4.93 5.53 5.96 5.82 5.55 5.33 4.99 4.74 4.67 4.60 4.47 4.41 4.28 4.13 4.29 4.47 4.37 4.34 4.50 4.44 4.06 3.72 3.72 4.12 4.55 4.52 4.40 4.11 4.20 4.81 5.26 5.59 5.83 5.96 6.71 7.63 7.16 6.39 6.16 6.19 6.07 5.29 5.42 6.37 5.03 4.20 5.01 6.94 7.31 5.70 4.79 4.81 4.82 4.81 5.04 4.84 4.37
4.14 4.12 4.52 4.88 4.87 4.88 4.87 4.85 4.89 4.99 5.04 5.14 4.93 4.69 4.78 4.86 4.91 5.03 5.07 5.01 5.07 5.02 4.78 4.88 5.06 4.91 4.68 4.40 4.53 5.14 5.37 5.31 5.24 5.15 4.86 4.68 4.73 4.63 4.71 4.64 4.34 4.43 4.71 4.59 4.45 4.60 4.64 4.43 4.05 3.52 3.35 3.74 4.12 4.26 3.95 3.88 4.05 4.18 4.28 4.40 4.48 4.65 5.72 6.70 6.29 5.49 5.47 5.95 5.32 4.89 6.13 5.89 4.44 4.17 5.80 7.24 6.33 4.89 4.98 5.20 4.80 4.98 5.04 4.55
4.57 4.29 4.32 4.72 4.82 4.88 4.92 4.80 4.77 4.99 5.09 5.29 5.32 4.91 4.76 4.92 5.02 5.05 5.16 5.15 5.15 5.22 4.90 4.78 4.93 4.74 4.66 4.41 4.09 4.37 4.70 4.85 5.08 5.36 5.07 4.64 4.57 4.41 4.60 4.75 4.50 4.52 4.77 4.72 4.61 4.77 4.93 5.06 5.10 4.67 4.12 3.95 4.15 4.34 4.09 3.98 4.20 4.30 4.26 4.26 4.26 4.36 4.73 5.48 5.64 4.79 4.49 5.15 5.26 5.28 6.03 6.06 4.91 4.01 4.93 6.69 6.87 5.66 5.08 5.37 5.17 4.95 4.95 4.66
5.24 4.77 4.30 4.48 4.74 4.87 5.06 5.00 4.77 4.91 5.05 5.17 5.42 5.25 4.91 4.92 5.06 5.03 5.08 5.19 5.22 5.33 5.07 4.75 4.75 4.48 4.33 4.34 4.29 4.40 4.53 4.56 4.97 5.54 5.39 5.12 5.07 4.72 4.73 4.80 4.62 4.86 5.08 5.08 5.12 5.29 5.52 5.76 6.07 6.15 5.87 5.58 5.44 5.25 4.65 4.06 4.22 4.64 4.66 4.36 4.11 4.27 4.51 5.08 5.64 5.06 4.39 4.28 4.34 4.74 5.43 6.03 5.42 3.95 4.09 5.63 6.36 6.06 5.47 5.31 5.36 5.18 4.94 4.68
5.58 5.05 4.43 4.36 4.50 4.64 4.90 5.05 4.83 4.81 4.87 4.90 5.06 5.05 4.88 4.88 5.08 5.13 5.05 5.04 5.20 5.46 5.50 5.44 5.46 5.17 4.73 4.31 4.31 4.54 4.55 4.35 4.80 5.73 5.97 6.20 6.32 6.11 5.99 5.91 5.73 5.87 5.96 5.85 5.89 5.82 5.73 5.70 5.66 5.78 5.54 5.21 5.20 5.15 4.61 4.00 4.00 4.53 4.85 4.43 3.71 3.65 3.95 4.47 5.20 5.18 4.83 4.19 3.92 4.15 4.23 5.07 5.66 4.63 3.92 4.66 5.38 5.47 5.33 5.08 5.16 5.21 4.98 4.71
5.88 5.04 4.24 4.16 4.15 4.27 4.55 4.80 4.75 4.75 4.78 4.82 4.86 4.81 4.78 4.87 5.09 5.22 5.17 5.02 5.14 5.50 5.60 5.65 5.95 6.23 6.12 5.33 4.91 5.12 5.20 5.10 5.39 5.95 6.01 6.12 6.27 6.20 6.38 6.36 6.16 6.17 6.04 5.72 5.71 5.52 5.11 5.02 4.83 5.02 5.02 4.80 4.99 5.04 4.54 4.02 3.91 4.34 4.88 4.66 4.15 4.08 4.23 4.46 4.78 5.09 5.43 4.86 4.27 4.21 4.08 4.58 5.30 5.37 4.72 4.47 4.90 5.11 5.16 5.02 5.00 5.07 4.93 4.72
6.28 5.69 4.87 4.54 4.33 4.25 4.48 4.69 4.71 4.78 4.86 4.89 4.77 4.67 4.69 4.75 4.88 5.05 5.10 5.05 4.99 5.14 5.26 5.21 5.45 6.03 6.64 6.72 6.47 6.35 6.25 5.95 5.58 5.47 5.18 5.24 5.56 5.31 5.42 5.49 5.11 5.48 5.58 5.10 5.11 5.12 4.80 4.71 4.62 4.87 5.02 4.83 5.19 5.42 4.90 4.16 3.72 4.05 4.77 4.75 4.55 4.65 4.82 4.90 4.72 4.77 5.44 5.46 4.97 4.59 4.33 4.75 4.96 5.28 5.37 4.98 4.93 5.00 5.08 4.99 4.94 4.95 4.88 4.74
5.90 5.90 5.77 5.49 5.25 4.88 4.75 4.89 4.84 4.85 5.03 5.09 4.74 4.48 4.63 4.77 4.82 4.89 4.93 4.90 4.84 4.91 5.11 5.18 5.13 5.15 5.37 5.66 5.63 5.50 5.30 5.03 4.94 4.86 4.61 4.53 4.82 4.54 4.47 4.85 4.63 4.71 4.99 4.81 4.87 5.16 5.09 4.83 4.58 4.72 5.01 4.76 4.97 5.41 5.18 4.56 3.84 3.90 4.59 4.82 4.82 4.84 4.86 4.99 4.95 4.73 5.04 5.48 5.44 4.97 4.37 4.65 4.94 4.91 5.10 5.15 5.08 4.99 4.98 4.96 4.91 4.87 4.84 4.76
5.29 5.27 5.38 5.40 5.39 5.21 4.89 4.92 4.90 4.83 5.11 5.43 5.01 4.42 4.53 4.81 4.89 4.87 4.94 4.99 4.95 5.04 5.04 5.02 4.93 4.87 4.82 4.73 4.59 4.63 4.63 4.66 4.88 4.96 4.93 4.76 4.63 4.38 4.14 4.52 4.83 4.62 4.77 4.84 4.77 5.12 5.41 5.21 4.75 4.60 4.83 4.70 4.70 5.18 5.28 5.05 4.45 4.02 4.37 4.68 4.83 5.08 4.90 4.68 4.93 4.85 4.70 5.15 5.47 5.33 4.75 4.60 5.00 5.01 4.88 4.95 5.08 5.09 5.03 5.00 4.95 4.90 4.86 4.81
5.27 4.95 4.63 4.66 4.75 4.81 4.75 4.79 4.84 4.75 4.87 5.35 5.23 4.50 4.52 4.85 4.98 4.96 5.03 5.20 5.22 5.08 4.70 4.55 4.59 4.69 4.79 4.96 4.94 4.80 4.74 4.80 4.89 4.76 4.87 5.14 4.96 4.59 4.28 4.41 5.01 4.92 4.86 5.02 4.85 4.91 5.29 5.43 5.07 4.80 4.79 4.70 4.60 4.88 4.94 4.84 4.84 4.29 4.07 4.34 4.53 4.95 5.04 4.72 4.86 4.89 4.48 4.74 5.24 5.40 5.09 4.67 4.82 5.04 4.97 4.91 4.95 4.98 5.00 5.00 4.96 4.91 4.87 4.82
5.56 5.16 4.58 4.44 4.57 4.62 4.57 4.69 4.74 4.75 4.78 5.09 5.21 4.66 4.56 4.79 4.97 5.06 4.97 4.90 5.01 5.15 4.69 4.29 4.49 4.65 4.55 4.62 4.85 4.93 4.79 4.69 4.71 4.55 4.46 4.98 5.24 4.93 4.57 4.44 4.88 4.93 4.61 4.75 4.88 4.85 5.01 5.26 5.26 5.03 4.99 5.00 4.84 4.84 4.76 4.58 4.75 4.57 4.08 4.16 4.52 4.71 4.67 4.73 4.97 5.06 4.55 4.43 4.91 5.19 5.16 4.92 4.81 4.90 4.95 4.98 5.00 4.96 4.95 4.97 4.94 4.92 4.89 4.85
5.87 5.52 5.06 4.85 4.87 4.87 4.64 4.61 4.62 4.71 4.90 5.14 5.16 4.84 4.74 4.69 4.74 4.86 4.81 4.85 4.96 5.30 5.10 4.39 4.48 4.72 4.72 4.60 4.57 4.87 5.05 5.12 5.01 4.68 4.34 4.61 5.02 4.90 4.65 4.49 4.84 5.11 4.73 4.63 4.83 5.00 4.93 4.94 5.17 4.94 4.76 4.91 5.11 5.05 4.85 4.75 4.79 4.72 4.27 4.18 4.67 5.02 4.61 4.52 4.96 5.26 5.09 4.74 4.84 5.06 5.12 5.07 4.99 4.95 4.92 4.98 5.07 5.04 4.97 4.95 4.93 4.91 4.90 4.87
5.85 5.59 5.19 4.98 4.83 4.66 4.56 4.51 4.44 4.42 4.69 5.17 5.07 4.67 4.92 4.98 4.69 4.71 4.65 4.82 4.95 5.17 5.39 4.76 4.44 4.63 4.80 4.83 4.69 4.74 4.90 5.14 5.21 4.86 4.39 4.41 4.73 4.76 4.64 4.47 4.82 5.26 4.96 4.77 4.81 5.02 4.97 4.94 5.27 5.13 4.82 4.82 5.15 5.10 4.74 4.63 4.80 4.86 4.41 4.22 4.56 5.19 4.99 4.50 4.74 4.99 5.02 4.93 4.89 5.00 5.04 5.05 5.05 5.03 4.94 4.92 4.98 5.00 4.97 4.94 4.92 4.90 4.90 4.90
5.74 5.40 4.82 4.79 4.88 4.42 4.20 4.22 4.15 4.03 4.12 4.84 5.08 4.50 4.60 5.18 4.94 4.66 4.66 4.82 4.82 4.74 5.26 5.20 4.71 4.77 4.85 4.79 4.78 4.82 4.88 5.05 5.21 4.94 4.48 4.34 4.47 4.61 4.64 4.46 4.67 5.16 5.03 4.81 4.96 5.02 4.71 4.76 5.24 5.24 4.93 4.93 5.21 5.14 4.82 4.62 4.77 4.96 4.60 4.25 4.30 4.85 5.04 4.64 4.62 4.74 4.75 4.79 4.82 4.90 4.94 4.94 4.99 5.01 4.93 4.88 4.91 4.93 4.94 4.93 4.92 4.91 4.91 4.92
5.92 5.81 5.12 4.90 5.22 4.82 4.43 4.27 4.10 3.86 3.70 4.14 4.62 4.41 4.18 4.83 5.08 4.45 4.45 4.98 5.08 4.71 5.01 5.31 4.97 4.89 4.95 4.75 4.55 4.75 4.94 5.14 5.46 5.24 4.71 4.46 4.38 4.40 4.46 4.52 4.64 4.91 4.99 4.80 5.15 5.31 4.71 4.50 4.91 5.09 4.85 4.94 5.33 5.28 4.95 4.73 4.80 5.03 4.80 4.42 4.34 4.63 4.87 4.74 4.69 4.75 4.78 4.79 4.78 4.82 4.87 4.85 4.88 4.95 4.93 4.91 4.92 4.93 4.94 4.91 4.89 4.87 4.89 4.95
5.47 5.91 5.91 5.65 5.93 5.68 5.23 4.85 4.45 4.03 3.67 3.73 3.89 4.24 4.40 4.80 5.30 4.61 4.33 4.89 5.12 4.76 4.86 5.16 5.00 4.93 5.06 5.04 4.65 4.56 4.65 4.75 5.22 5.52 5.24 4.82 4.73 4.72 4.45 4.54 4.78 4.77 4.81 4.67 5.05 5.47 5.09 4.73 4.82 5.03 4.81 4.81 5.25 5.39 5.08 4.73 4.74 5.08 5.09 4.74 4.59 4.66 4.77 4.77 4.75 4.77 4.78 4.79 4.78 4.75 4.79 4.80 4.81 4.87 4.90 4.90 4.90 4.89 4.90 4.89 4.85 4.82 4.80 4.82
4.93 5.32 5.81 6.25 6.84 6.90 6.36 5.59 4.82 4.43 4.02 3.75 3.45 3.58 4.18 4.86 5.57 5.20 4.76 5.04 5.25 4.86 4.71 5.02 4.99 4.96 5.12 5.34 5.25 4.93 4.80 4.63 4.66 5.11 5.23 4.85 4.60 4.73 4.50 4.46 4.84 4.84 4.70 4.56 4.79 5.31 5.23 4.82 4.69 4.98 4.94 4.78 5.08 5.32 5.25 4.96 4.76 4.98 5.11 4.91 4.80 4.80 4.84 4.81 4.77 4.77 4.77 4.79 4.80 4.76 4.76 4.80 4.81 4.83 4.86 4.88 4.88 4.88 4.81 4.75 4.72 4.78 4.78 4.75
4.78 5.21 5.29 5.26 6.15 6.95 7.26 6.92 6.03 5.61 5.23 4.65 4.04 3.39 3.38 4.02 5.06 5.17 4.96 5.11 5.47 5.31 4.81 4.89 4.93 4.96 5.02 5.17 5.49 5.56 5.64 5.35 4.82 4.93 5.01 4.88 4.72 4.67 4.52 4.41 4.78 4.90 4.68 4.58 4.67 5.12 5.30 4.91 4.55 4.71 4.94 4.93 5.09 5.18 5.19 5.10 4.86 4.90 4.97 4.93 4.89 4.87 4.89 4.86 4.78 4.72 4.70 4.68 4.68 4.67 4.65 4.69 4.75 4.81 4.85 4.84 4.81 4.90 4.87 4.67 4.59 4.71 4.95 4.91
4.07 4.81 4.98 4.34 4.63 5.39 6.32 7.04 7.03 6.84 6.45 6.06 5.63 4.61 3.78 3.74 4.43 4.80 4.75 4.68 5.00 5.26 4.93 4.83 4.82 4.88 4.95 4.81 4.95 5.14 5.58 5.88 5.44 5.28 5.18 4.95 4.91 4.80 4.54 4.36 4.69 5.02 4.82 4.67 4.70 5.04 5.36 5.22 4.87 4.58 4.60 4.80 5.12 5.14 5.06 5.04 4.93 4.91 4.93 4.92 4.90 4.89 4.91 4.93 4.84 4.69 4.68 4.65 4.58 4.57 4.49 4.47 4.57 4.68 4.88 4.94 4.78 4.97 5.20 5.01 4.63 4.21 4.44 4.91
3.76 4.35 4.82 4.54 4.55 4.81 5.19 5.54 5.92 6.44 6.13 5.45 5.61 5.34 4.56 4.21 4.39 4.76 4.78 4.57 4.63 4.83 4.67 4.65 4.82 4.86 5.08 5.00 4.84 4.90 5.18 5.75 5.81 5.69 5.55 5.14 4.97 4.96 4.77 4.45 4.50 5.00 5.05 4.75 4.73 5.03 5.28 5.29 5.27 5.04 4.68 4.63 4.93 4.99 4.94 4.97 4.97 4.96 4.95 4.93 4.91 4.90 4.92 5.02 5.08 4.89 4.82 4.79 4.63 4.64 4.45 4.29 4.45 4.47 4.76 5.20 4.99 4.92 5.31 5.55 5.36 4.50 4.30 5.14
3.99 4.39 4.89 5.03 5.20 5.51 5.55 4.87 4.69 5.71 5.97 4.95 4.85 5.25 4.88 4.43 4.40 4.79 5.10 5.10 5.16 5.14 4.83 4.53 4.67 4.90 5.17 5.33 5.16 5.04 5.11 5.33 5.43 5.67 5.82 5.41 5.12 5.07 4.97 4.74 4.38 4.59 5.07 4.86 4.65 5.00 5.20 5.14 5.22 5.27 5.03 4.81 4.89 4.96 4.95 4.97 4.99 4.98 4.96 4.94 4.92 4.91 4.89 4.94 5.16 5.03 4.86 4.94 4.81 4.82 4.65 4.45 4.71 4.57 4.38 5.20 5.46 4.96 5.04 5.63 6.08 5.84 5.31 5.20
4.33 4.63 5.04 4.96 4.75 5.15 5.99 5.45 4.61 5.42 6.25 5.86 5.28 5.12 4.91 4.53 4.44 4.72 5.09 5.22 5.34 5.41 5.22 4.76 4.37 4.41 4.69 5.05 5.19 5.01 5.07 5.23 4.93 5.11 5.73 5.59 5.12 4.93 4.91 5.01 4.76 4.36 4.79 5.00 4.57 4.82 5.13 5.01 4.97 5.02 5.06 5.01 5.00 5.01 5.01 5.02 5.04 5.04 5.00 4.92 4.87 4.85 4.77 4.64 4.94 5.04 4.64 4.64 4.81 4.87 4.63 4.17 4.58 4.92 4.39 4.87 5.80 5.64 5.10 5.14 5.48 5.64 5.51 5.07
4.17 4.45 4.95 4.79 4.37 4.52 5.45 5.62 4.84 5.03 5.69 5.78 5.77 5.48 5.15 4.73 4.44 4.60 4.90 5.05 5.01 5.01 5.11 5.06 4.75 4.49 4.39 4.60 5.04 5.16 5.22 5.49 5.20 4.89 5.41 5.88 5.59 5.06 4.85 5.03 5.20 4.70 4.50 4.98 4.80 4.65 4.90 4.94 4.89 4.91 4.97 5.01 5.03 5.04 5.03 5.05 5.13 5.13 4.98 4.88 4.90 4.95 4.92 4.57 4.73 5.34 5.11 4.85 5.15 5.45 5.31 4.47 4.54 5.19 4.88 4.52 5.18 5.78 5.43 5.01 4.96 5.22 5.52 5.39
3.69 3.97 4.79 5.06 4.89 5.00 5.28 5.18 4.76 4.81 4.97 5.11 5.48 5.44 5.36 5.11 4.60 4.64 4.95 5.27 5.34 5.16 5.16 5.22 5.21 5.13 4.79 4.59 4.84 4.99 5.08 5.31 5.31 4.99 5.02 5.62 5.85 5.35 4.88 4.76 5.08 5.01 4.41 4.62 4.92 4.78 4.83 4.93 4.91 4.92 4.96 4.98 5.02 5.04 5.06 5.05 5.21 5.51 5.34 5.05 5.20 5.35 5.56 5.32 5.14 5.89 6.26 6.18 6.13 6.14 6.24 5.81 5.14 5.07 5.05 4.48 4.28 4.90 5.30 5.23 4.98 5.07 5.44 5.45
3.82 3.82 4.19 4.69 4.98 5.31 5.77 5.37 4.70 4.91 4.83 4.84 5.28 5.14 5.04 5.20 4.92 4.73 4.96 5.31 5.56 5.47 5.17 5.06 4.94 4.96 4.81 4.64 4.82 4.79 4.97 5.20 5.08 4.88 4.84 5.24 5.67 5.52 5.16 4.73 4.85 5.23 4.76 4.54 4.85 4.91 4.93 4.98 4.95 4.93 4.95 4.97 5.00 5.04 5.04 5.02 5.03 5.49 5.70 5.24 5.32 5.53 5.86 6.09 5.79 5.76 5.86 5.79 5.70 5.55 5.50 5.54 5.13 4.72 4.85 4.84 4.49 4.52 4.88 5.14 5.01 4.90 5.16 5.27
4.26 4.16 4.00 4.10 4.56 5.00 5.83 5.86 4.96 5.02 4.93 4.68 5.11 5.20 4.87 4.89 4.92 4.77 4.86 5.04 5.20 5.35 5.04 4.89 5.04 4.91 4.68 4.57 4.87 4.84 4.93 5.38 5.27 4.92 4.80 5.01 5.33 5.45 5.50 5.11 4.74 5.15 5.13 4.80 4.87 4.92 4.94 5.00 4.99 4.97 4.97 4.98 5.00 5.09 5.12 5.10 4.99 5.16 5.67 5.57 5.61 5.69 5.63 5.62 5.21 4.99 5.15 5.22 5.09 5.26 5.30 5.27 5.30 4.96 4.84 5.07 5.09 4.87 4.86 4.93 4.92 4.88 4.91 5.07
4.57 4.53 4.30 4.07 4.15 4.53 5.66 6.23 5.38 4.98 4.97 4.67 4.66 4.90 4.88 4.79 4.79 4.77 4.80 4.85 4.80 5.15 5.09 4.76 5.21 5.31 5.13 4.85 4.88 4.92 4.83 5.22 5.28 5.06 4.92 4.82 4.93 5.20 5.39 5.42 4.98 4.86 5.09 4.98 4.92 4.96 4.95 4.98 4.99 4.98 4.96 4.96 4.94 5.11 5.29 5.19 5.12 5.32 5.58 5.54 5.57 5.50 5.34 5.25 4.83 4.72 5.06 5.25 5.11 5.22 5.43 5.33 5.41 5.40 5.12 5.03 5.15 5.03 4.93 4.92 4.82 4.83 4.83 4.93
