windninja/SE045_results/maria_elevation_tif_point_11-01-2019_0200_500m_vel.asc
ncols	128
nrows	92
xllcorner	280654.681342
yllcorner	3772085.885776
cellsize	500.000000
NODATA_value	-32768.000000
[rows 0 to 37 of 92, columns 0 to 83 of 128]
4.13 4.30 4.79 5.16 5.05 4.72 4.63 5.02 5.43 5.68 5.67 5.54 5.26 5.11 4.79 4.26 3.99 4.00 4.57 5.11 5.30 5.32 5.34 5.42 5.37 5.31 5.48 5.50 5.26 5.12 5.11 5.05 4.98 5.04 5.10 5.18 5.48 5.73 5.90 6.04 5.94 5.71 5.54 5.77 5.99 6.04 5.87 5.54 5.29 5.60 5.82 5.94 5.88 5.90 5.87 5.56 5.19 4.85 4.82 4.95 5.20 5.65 5.81 5.78 5.82 5.65 5.25 4.62 3.85 3.47 3.53 3.72 3.67 3.46 3.27 3.27 3.29 3.21 3.33 3.50 3.68 4.00 4.87 5.28
4.13 4.30 4.79 5.16 5.05 4.72 4.63 5.02 5.43 5.68 5.67 5.54 5.26 5.11 4.79 4.26 3.99 4.00 4.57 5.11 5.30 5.32 5.34 5.42 5.37 5.31 5.48 5.50 5.26 5.12 5.11 5.05 4.98 5.04 5.10 5.18 5.48 5.73 5.90 6.04 5.94 5.71 5.54 5.77 5.99 6.04 5.87 5.54 5.29 5.60 5.82 5.94 5.88 5.90 5.87 5.56 5.19 4.85 4.82 4.95 5.20 5.65 5.81 5.78 5.82 5.65 5.25 4.62 3.85 3.47 3.53 3.72 3.67 3.46 3.27 3.27 3.29 3.21 3.33 3.50 3.68 4.00 4.87 5.28
3.66 3.34 3.40 4.05 4.37 4.25 3.93 3.89 4.24 4.56 4.66 4.75 4.53 4.54 4.62 4.41 4.26 4.11 4.04 4.18 4.42 4.59 4.64 4.74 4.70 4.40 4.42 4.71 4.64 4.45 4.41 4.42 4.31 4.28 4.38 4.45 4.37 4.22 4.60 4.99 5.18 5.29 5.00 4.54 4.51 4.78 4.74 4.92 4.71 4.74 4.85 4.68 4.49 4.76 5.07 5.24 5.10 4.61 4.49 4.51 4.38 4.70 5.04 4.93 4.88 4.85 4.75 4.58 4.26 3.96 3.77 3.80 3.82 3.72 3.55 3.47 3.44 3.43 3.60 3.77 3.97 4.04 4.24 4.78
4.01 3.44 2.91 3.25 4.00 4.37 3.98 3.53 3.64 3.82 3.85 4.14 4.26 4.29 4.49 4.56 4.43 4.08 3.76 3.76 3.87 3.84 3.75 3.82 3.98 3.83 3.69 3.92 4.12 4.11 4.01 4.03 4.02 3.92 3.88 3.77 3.56 3.44 3.69 3.85 3.97 4.31 4.31 3.93 4.02 4.26 3.90 4.06 3.96 3.84 4.01 3.77 3.67 3.82 3.93 4.59 5.20 4.66 4.14 4.23 3.92 3.76 4.02 3.83 3.76 4.14 4.51 4.65 4.59 4.39 4.04 3.88 3.99 4.03 3.92 3.83 3.83 3.95 4.15 4.17 3.95 3.55 3.62 4.44
4.39 4.46 4.11 3.63 3.79 4.13 4.09 3.84 3.80 3.84 3.78 3.81 4.06 4.13 4.07 4.18 4.16 3.94 3.83 3.85 3.85 3.73 3.64 3.67 3.77 3.79 3.68 3.68 3.78 3.93 3.91 3.89 3.97 3.97 3.90 3.76 3.65 3.65 3.76 3.74 3.65 3.82 3.93 3.75 4.02 4.66 4.43 4.11 3.93 3.70 3.82 3.85 4.07 3.96 3.28 3.46 4.88 5.07 4.09 4.04 4.05 3.86 4.00 4.11 4.13 4.28 4.69 4.93 4.83 4.69 4.38 4.00 3.94 3.91 3.81 3.87 3.85 3.61 3.44 3.52 3.30 3.08 3.30 3.86
3.63 4.15 4.37 3.65 3.24 3.29 3.27 3.34 3.50 3.67 3.83 3.68 3.62 3.77 3.80 3.88 4.00 3.92 3.78 3.76 3.82 3.83 3.80 3.82 3.82 3.75 3.67 3.66 3.67 3.72 3.74 3.73 3.76 3.78 3.77 3.71 3.60 3.50 3.58 3.70 3.70 3.87 3.89 3.44 3.34 4.02 4.44 4.51 4.50 4.25 3.99 3.99 4.27 4.38 3.72 2.86 3.56 5.04 4.49 3.71 3.80 4.06 4.28 4.52 4.68 4.46 4.48 4.89 5.09 5.13 4.88 4.51 4.46 4.42 4.13 3.63 2.99 2.79 2.87 3.15 3.40 3.13 2.67 2.62
3.39 3.76 4.25 4.06 3.62 3.34 3.16 3.22 3.44 3.66 3.94 4.09 3.95 3.85 3.90 3.92 3.94 3.92 3.87 3.88 3.93 3.95 3.90 3.88 3.92 3.92 3.87 3.85 3.87 3.88 3.86 3.84 3.82 3.78 3.74 3.68 3.62 3.45 3.25 3.24 3.29 3.56 3.90 3.75 3.58 3.67 3.85 4.07 4.24 4.37 4.13 4.02 4.11 4.33 4.47 3.60 3.03 4.26 4.93 4.02 3.53 3.73 3.66 3.54 4.05 4.12 4.16 4.44 4.67 5.03 4.99 4.77 4.91 5.10 5.17 4.60 3.50 3.45 3.82 3.90 3.61 2.93 2.23 1.99
3.63 3.89 4.31 4.57 4.68 4.39 3.95 3.70 3.62 3.68 3.86 4.14 4.33 4.25 4.19 4.14 4.01 3.95 3.90 3.84 3.80 3.85 3.91 3.92 3.92 3.90 3.89 3.88 3.85 3.83 3.78 3.73 3.69 3.64 3.58 3.49 3.41 3.35 3.19 3.02 2.96 3.08 3.43 3.67 3.79 3.81 3.65 3.57 3.57 3.67 3.75 3.85 3.89 3.93 4.25 4.20 3.67 3.73 4.63 4.35 3.17 2.85 2.94 3.07 3.47 3.41 3.55 3.81 4.02 4.63 4.79 4.33 4.07 4.14 4.53 5.01 4.71 4.21 3.64 3.49 3.64 3.68 3.43 2.88
3.63 3.97 4.32 4.30 4.60 4.82 4.57 4.22 3.98 3.89 3.90 3.95 4.12 4.22 4.22 4.18 4.06 3.99 4.01 3.97 3.82 3.76 3.85 3.95 3.98 3.95 3.96 3.97 3.94 3.85 3.74 3.69 3.60 3.48 3.51 3.55 3.49 3.55 3.68 3.54 3.32 3.21 3.24 3.44 3.58 3.68 3.58 3.52 3.57 3.47 3.40 3.63 3.75 3.79 3.85 3.88 3.89 3.69 3.97 4.11 3.36 2.63 2.36 2.75 3.24 3.09 2.93 3.01 3.14 3.81 4.25 4.16 3.90 3.47 3.26 3.47 3.47 3.51 3.31 3.46 4.13 4.60 4.73 4.27
3.47 3.77 4.25 4.14 4.03 4.22 4.36 4.33 4.16 3.99 3.89 3.84 3.80 3.85 3.98 4.04 4.03 3.99 4.00 4.10 4.05 3.89 3.86 3.95 4.01 3.98 3.96 3.96 3.92 3.75 3.54 3.57 3.68 3.64 3.73 3.88 3.83 3.70 3.75 3.84 3.75 3.60 3.42 3.32 3.31 3.35 3.27 3.19 3.36 3.53 3.36 3.23 3.37 3.58 3.70 3.62 3.53 3.59 3.88 4.07 4.25 3.90 2.61 2.22 2.68 2.97 2.75 2.66 2.92 3.63 3.92 4.30 4.91 4.90 4.34 3.55 3.37 3.89 4.47 4.59 4.17 3.78 3.97 4.00
3.38 3.58 4.13 4.28 4.13 4.04 4.01 4.04 4.05 4.00 3.92 3.88 3.83 3.82 3.90 3.98 4.00 3.97 3.90 3.96 4.05 3.97 3.88 3.93 3.99 3.95 3.97 4.16 4.36 4.30 4.01 3.94 4.07 4.05 3.97 3.91 3.79 3.64 3.51 3.50 3.50 3.51 3.46 3.36 3.32 3.35 3.25 3.06 3.09 3.42 3.61 3.43 3.31 3.43 3.50 3.68 3.98 4.26 4.83 5.13 5.46 5.84 5.03 3.62 3.31 3.71 3.77 3.92 4.15 4.75 4.63 3.94 4.64 5.59 5.97 5.41 4.79 4.65 4.39 4.18 3.95 3.67 3.56 3.59
3.26 3.32 3.70 3.98 3.97 3.93 3.89 3.89 3.92 3.98 4.00 3.94 3.82 3.81 3.88 3.90 3.96 4.01 3.95 3.89 3.92 3.86 3.78 3.85 3.92 3.85 3.82 4.05 4.54 4.87 4.80 4.59 4.37 4.04 3.78 3.68 3.61 3.52 3.45 3.32 3.24 3.38 3.48 3.41 3.40 3.49 3.43 3.14 2.83 2.83 3.22 3.60 3.59 3.47 3.33 3.50 4.05 4.47 4.76 4.95 5.05 5.64 6.35 6.03 5.52 5.36 5.36 5.23 4.63 4.51 5.09 4.16 3.62 4.22 5.58 5.82 4.70 4.04 3.97 3.91 3.96 4.13 3.98 3.71
3.32 3.29 3.51 3.76 3.81 3.85 3.87 3.89 3.94 4.00 4.04 4.09 3.94 3.79 3.89 3.96 3.99 4.06 4.07 4.02 4.05 4.02 3.88 3.94 4.04 3.96 3.80 3.60 3.69 4.11 4.29 4.23 4.17 4.06 3.82 3.71 3.74 3.69 3.73 3.68 3.51 3.57 3.72 3.62 3.53 3.60 3.59 3.39 3.03 2.62 2.50 2.81 3.15 3.33 3.25 3.31 3.43 3.47 3.48 3.53 3.65 3.90 4.75 5.52 5.28 4.69 4.59 4.83 4.40 4.03 4.82 4.76 3.83 3.62 4.66 5.66 5.06 4.07 4.12 4.25 3.98 4.09 4.15 3.85
3.57 3.36 3.37 3.69 3.82 3.89 3.92 3.84 3.86 4.03 4.12 4.27 4.29 4.00 3.91 4.04 4.09 4.10 4.16 4.15 4.17 4.20 3.96 3.83 3.89 3.79 3.73 3.51 3.22 3.35 3.60 3.80 4.03 4.21 3.96 3.64 3.55 3.49 3.67 3.81 3.67 3.65 3.77 3.75 3.69 3.79 3.92 4.05 4.11 3.78 3.34 3.16 3.30 3.50 3.46 3.47 3.56 3.53 3.42 3.44 3.56 3.69 3.89 4.32 4.39 3.81 3.58 4.08 4.31 4.36 4.80 4.84 4.09 3.48 4.00 5.20 5.45 4.66 4.22 4.40 4.26 4.07 4.07 3.92
4.11 3.76 3.42 3.58 3.81 3.93 4.07 4.03 3.89 4.00 4.12 4.21 4.38 4.29 4.07 4.04 4.11 4.07 4.11 4.21 4.23 4.25 4.02 3.73 3.68 3.47 3.34 3.38 3.36 3.42 3.53 3.66 4.00 4.36 4.27 4.11 4.06 3.84 3.84 3.87 3.80 3.98 4.12 4.17 4.24 4.41 4.66 4.91 5.17 5.23 5.02 4.78 4.60 4.40 3.96 3.54 3.59 3.83 3.79 3.61 3.53 3.60 3.66 3.95 4.30 3.93 3.43 3.34 3.47 3.80 4.32 4.78 4.32 3.27 3.27 4.33 5.00 4.91 4.50 4.36 4.38 4.23 4.07 3.92
4.33 3.98 3.57 3.52 3.63 3.76 3.95 4.07 3.95 3.91 3.93 3.94 4.04 4.08 4.01 4.01 4.13 4.16 4.09 4.09 4.20 4.37 4.42 4.40 4.37 4.08 3.69 3.38 3.41 3.59 3.63 3.58 3.98 4.69 5.02 5.26 5.33 5.20 5.09 5.02 4.94 5.01 5.04 5.01 5.06 5.01 4.95 4.87 4.78 4.80 4.57 4.30 4.22 4.14 3.78 3.41 3.42 3.75 3.92 3.61 3.05 2.86 2.98 3.33 3.89 3.99 3.73 3.26 3.07 3.19 3.26 3.91 4.39 3.67 3.08 3.57 4.18 4.34 4.28 4.12 4.17 4.23 4.10 3.92
4.49 3.89 3.35 3.31 3.31 3.43 3.64 3.84 3.84 3.83 3.83 3.84 3.86 3.88 3.93 4.01 4.16 4.24 4.19 4.09 4.19 4.46 4.57 4.65 4.90 5.13 5.01 4.39 4.09 4.24 4.36 4.44 4.73 5.10 5.18 5.22 5.26 5.28 5.46 5.46 5.34 5.25 5.09 4.90 4.84 4.60 4.22 4.06 3.87 3.97 3.98 3.85 3.95 3.96 3.68 3.41 3.38 3.64 3.91 3.74 3.36 3.22 3.24 3.38 3.68 4.02 4.25 3.83 3.37 3.28 3.21 3.56 4.12 4.24 3.74 3.52 3.84 4.04 4.11 4.04 4.04 4.10 4.03 3.89
4.91 4.51 3.94 3.67 3.50 3.47 3.63 3.77 3.80 3.86 3.89 3.88 3.82 3.82 3.87 3.90 3.97 4.06 4.13 4.12 4.07 4.15 4.25 4.29 4.58 5.11 5.61 5.74 5.61 5.50 5.43 5.23 4.85 4.57 4.31 4.33 4.54 4.45 4.53 4.55 4.29 4.51 4.55 4.20 4.10 4.03 3.77 3.68 3.66 3.85 3.99 3.93 4.19 4.34 3.99 3.48 3.20 3.37 3.79 3.81 3.71 3.78 3.87 3.88 3.77 3.83 4.29 4.32 3.96 3.67 3.54 3.78 3.92 4.18 4.28 4.01 3.93 3.98 4.05 4.00 3.97 3.99 3.97 3.88
4.68 4.77 4.78 4.59 4.38 4.06 3.94 3.99 3.94 3.95 4.05 4.04 3.80 3.70 3.83 3.89 3.88 3.93 3.98 3.95 3.90 3.98 4.20 4.37 4.38 4.37 4.49 4.72 4.72 4.59 4.39 4.12 3.95 3.82 3.64 3.59 3.80 3.65 3.60 3.86 3.71 3.71 3.91 3.80 3.83 4.04 3.98 3.79 3.65 3.79 4.01 3.90 4.04 4.32 4.18 3.75 3.26 3.24 3.70 3.95 3.98 3.93 3.89 4.00 3.98 3.80 4.01 4.35 4.33 3.97 3.55 3.72 3.90 3.87 4.04 4.11 4.06 3.98 3.97 3.97 3.94 3.93 3.92 3.87
4.16 4.23 4.40 4.44 4.43 4.28 4.03 4.01 3.99 3.97 4.16 4.33 4.04 3.68 3.75 3.90 3.95 3.95 4.00 4.04 4.07 4.20 4.24 4.24 4.15 4.03 3.88 3.74 3.62 3.64 3.66 3.69 3.84 3.95 3.95 3.77 3.61 3.43 3.31 3.60 3.80 3.63 3.73 3.80 3.80 4.08 4.28 4.13 3.82 3.72 3.88 3.82 3.82 4.15 4.28 4.16 3.72 3.39 3.64 3.90 4.00 4.08 3.88 3.74 3.92 3.85 3.77 4.09 4.33 4.24 3.84 3.71 3.96 3.96 3.87 3.93 4.04 4.07 4.04 4.01 3.99 3.96 3.94 3.90
4.07 3.87 3.65 3.68 3.77 3.84 3.85 3.89 3.94 3.89 3.95 4.26 4.19 3.75 3.76 3.96 4.06 4.06 4.15 4.33 4.36 4.17 3.86 3.74 3.74 3.76 3.84 3.97 3.94 3.83 3.79 3.84 3.89 3.80 3.89 4.06 3.90 3.65 3.48 3.59 3.97 3.93 3.89 4.01 3.90 3.93 4.20 4.32 4.09 3.89 3.85 3.78 3.73 3.90 3.95 3.96 3.97 3.59 3.41 3.57 3.67 3.90 3.98 3.79 3.84 3.83 3.58 3.78 4.14 4.28 4.07 3.75 3.82 3.98 3.96 3.91 3.94 3.97 4.01 4.02 4.00 3.97 3.94 3.90
4.26 3.99 3.58 3.50 3.62 3.68 3.70 3.81 3.85 3.87 3.87 4.05 4.16 3.87 3.80 3.94 4.10 4.18 4.13 4.05 4.07 4.09 3.74 3.50 3.62 3.69 3.61 3.65 3.85 3.93 3.81 3.68 3.65 3.57 3.56 3.95 4.16 3.99 3.75 3.63 3.86 3.87 3.65 3.78 3.91 3.88 3.99 4.20 4.24 4.09 4.07 4.08 3.93 3.84 3.80 3.74 3.86 3.74 3.40 3.42 3.60 3.64 3.67 3.79 3.94 3.96 3.62 3.54 3.87 4.09 4.09 3.92 3.82 3.88 3.95 3.98 3.99 3.97 3.98 4.00 3.99 3.97 3.95 3.91
4.58 4.35 4.07 3.96 3.96 3.95 3.78 3.74 3.77 3.85 3.99 4.12 4.16 4.03 3.93 3.86 3.91 3.99 3.96 3.96 4.01 4.22 4.06 3.59 3.63 3.77 3.75 3.65 3.66 3.91 4.05 4.05 3.93 3.69 3.50 3.68 3.97 3.93 3.77 3.65 3.86 4.01 3.78 3.73 3.89 3.99 3.93 3.97 4.12 3.95 3.86 4.00 4.11 4.04 3.96 3.91 3.90 3.81 3.54 3.47 3.76 3.94 3.67 3.65 3.97 4.20 4.10 3.84 3.85 3.99 4.06 4.04 3.98 3.95 3.94 4.00 4.07 4.05 4.00 3.98 3.97 3.95 3.94 3.92
4.61 4.45 4.21 4.04 3.86 3.71 3.66 3.64 3.60 3.62 3.85 4.16 4.08 3.90 4.11 4.10 3.84 3.82 3.81 3.93 4.01 4.15 4.29 3.85 3.58 3.69 3.84 3.90 3.81 3.82 3.90 4.04 4.07 3.83 3.52 3.52 3.73 3.79 3.73 3.66 3.89 4.16 4.01 3.89 3.89 4.00 4.01 4.03 4.22 4.13 3.94 3.94 4.12 4.08 3.85 3.78 3.89 3.91 3.64 3.51 3.72 4.12 4.00 3.67 3.80 3.96 4.00 3.95 3.89 3.96 4.00 4.03 4.04 4.02 3.97 3.95 3.98 4.00 3.99 3.97 3.95 3.94 3.94 3.94
4.47 4.22 3.81 3.79 3.78 3.43 3.29 3.31 3.29 3.26 3.40 3.89 4.08 3.77 3.88 4.21 3.99 3.81 3.86 3.90 3.82 3.80 4.18 4.16 3.85 3.87 3.91 3.88 3.88 3.87 3.86 3.94 4.03 3.85 3.55 3.43 3.53 3.68 3.74 3.66 3.78 4.10 4.06 3.94 4.00 3.97 3.80 3.89 4.21 4.22 4.05 4.04 4.16 4.09 3.90 3.78 3.88 3.99 3.76 3.49 3.49 3.84 4.00 3.74 3.66 3.72 3.74 3.78 3.82 3.88 3.92 3.94 3.98 4.00 3.94 3.90 3.91 3.94 3.96 3.96 3.95 3.95 3.95 3.95
4.68 4.58 4.08 3.89 4.08 3.79 3.50 3.35 3.24 3.10 2.99 3.27 3.69 3.66 3.48 3.87 4.02 3.65 3.70 4.02 4.04 3.82 4.03 4.26 4.07 3.98 3.98 3.79 3.64 3.78 3.94 4.09 4.28 4.10 3.72 3.54 3.48 3.52 3.63 3.71 3.75 3.92 4.02 3.96 4.15 4.20 3.80 3.66 3.92 4.08 3.98 4.04 4.25 4.21 4.01 3.89 3.93 4.04 3.87 3.61 3.52 3.67 3.83 3.76 3.71 3.75 3.79 3.79 3.78 3.82 3.86 3.86 3.88 3.94 3.94 3.93 3.94 3.95 3.96 3.94 3.92 3.92 3.94 3.97
4.42 4.74 4.81 4.65 4.79 4.58 4.21 3.88 3.55 3.19 2.89 2.92 3.16 3.54 3.70 3.95 4.23 3.81 3.63 3.92 4.06 3.87 3.94 4.14 4.06 4.00 4.06 4.00 3.70 3.60 3.65 3.74 4.10 4.37 4.18 3.92 3.88 3.85 3.68 3.74 3.86 3.84 3.89 3.85 4.08 4.35 4.12 3.86 3.91 4.05 3.93 3.92 4.21 4.31 4.11 3.88 3.89 4.11 4.11 3.87 3.72 3.70 3.76 3.78 3.78 3.78 3.78 3.79 3.78 3.76 3.79 3.81 3.82 3.88 3.91 3.92 3.92 3.91 3.91 3.91 3.88 3.86 3.83 3.84
4.03 4.33 4.84 5.31 5.69 5.65 5.14 4.44 3.81 3.47 3.16 2.97 2.84 3.07 3.62 4.11 4.53 4.32 3.99 4.08 4.19 3.93 3.83 4.03 4.04 4.02 4.13 4.30 4.22 3.93 3.77 3.62 3.65 3.99 4.13 3.91 3.75 3.83 3.72 3.69 3.91 3.90 3.81 3.73 3.88 4.22 4.17 3.89 3.83 4.03 4.02 3.91 4.08 4.26 4.25 4.06 3.92 4.03 4.11 3.98 3.86 3.83 3.85 3.82 3.78 3.78 3.78 3.79 3.80 3.77 3.79 3.82 3.84 3.86 3.89 3.90 3.90 3.88 3.81 3.76 3.76 3.80 3.79 3.79
4.04 4.34 4.46 4.47 5.10 5.68 5.88 5.58 4.92 4.61 4.32 3.86 3.39 2.96 2.95 3.34 4.07 4.24 4.12 4.20 4.43 4.28 3.91 3.94 3.99 4.03 4.06 4.21 4.47 4.55 4.56 4.26 3.84 3.87 3.96 3.94 3.84 3.79 3.71 3.65 3.86 3.93 3.80 3.75 3.80 4.08 4.19 3.93 3.70 3.83 4.04 4.05 4.11 4.16 4.21 4.15 3.96 3.94 3.98 3.95 3.92 3.89 3.88 3.85 3.77 3.71 3.69 3.67 3.67 3.68 3.69 3.73 3.79 3.85 3.87 3.85 3.83 3.87 3.83 3.69 3.66 3.79 3.98 3.93
3.51 3.95 4.05 3.56 3.68 4.27 5.09 5.76 5.87 5.73 5.44 5.16 4.78 3.97 3.27 3.12 3.57 3.88 3.85 3.77 3.97 4.16 3.97 3.90 3.90 3.95 3.99 3.89 3.99 4.17 4.50 4.71 4.40 4.24 4.16 4.02 3.99 3.90 3.71 3.61 3.83 4.05 3.93 3.82 3.85 4.06 4.28 4.21 3.95 3.73 3.76 3.94 4.13 4.13 4.08 4.06 3.97 3.93 3.94 3.93 3.92 3.90 3.89 3.88 3.78 3.66 3.65 3.63 3.58 3.57 3.53 3.55 3.64 3.75 3.90 3.92 3.82 3.98 4.15 3.97 3.63 3.33 3.55 3.88
3.16 3.47 3.82 3.65 3.62 3.83 4.15 4.48 4.86 5.22 4.96 4.49 4.62 4.44 3.87 3.57 3.64 3.85 3.81 3.61 3.60 3.74 3.71 3.77 3.92 3.97 4.11 4.04 3.92 3.99 4.21 4.62 4.71 4.62 4.48 4.17 4.03 4.03 3.90 3.68 3.73 4.07 4.10 3.90 3.90 4.08 4.25 4.30 4.30 4.13 3.84 3.77 3.92 3.97 3.96 3.98 3.99 3.97 3.96 3.94 3.91 3.89 3.89 3.96 4.00 3.85 3.79 3.75 3.63 3.61 3.48 3.42 3.55 3.61 3.87 4.17 4.03 4.01 4.30 4.46 4.25 3.62 3.56 4.23
3.31 3.56 3.96 4.17 4.38 4.58 4.42 3.85 3.77 4.49 4.64 3.94 3.93 4.27 4.04 3.72 3.67 3.91 4.12 4.13 4.14 4.10 3.88 3.70 3.86 4.06 4.25 4.36 4.25 4.15 4.15 4.25 4.38 4.60 4.67 4.38 4.17 4.13 4.07 3.89 3.61 3.76 4.10 3.98 3.86 4.08 4.20 4.19 4.26 4.30 4.11 3.89 3.90 3.96 3.97 3.99 4.00 3.98 3.96 3.93 3.91 3.89 3.87 3.92 4.06 3.95 3.84 3.89 3.80 3.79 3.72 3.68 3.84 3.70 3.66 4.28 4.43 4.06 4.16 4.66 5.03 4.91 4.53 4.38
3.70 3.91 4.19 4.14 3.99 4.22 4.71 4.32 3.80 4.35 4.95 4.77 4.33 4.14 4.00 3.77 3.71 3.90 4.15 4.25 4.31 4.36 4.22 3.88 3.59 3.60 3.82 4.12 4.22 4.08 4.07 4.12 3.94 4.11 4.56 4.46 4.11 4.00 4.03 4.11 3.89 3.60 3.91 4.07 3.79 3.93 4.13 4.05 4.00 4.04 4.08 4.04 4.03 4.04 4.04 4.04 4.04 4.02 3.97 3.89 3.84 3.80 3.72 3.64 3.84 3.88 3.59 3.62 3.79 3.85 3.70 3.46 3.78 4.04 3.78 4.14 4.78 4.67 4.30 4.31 4.52 4.63 4.52 4.15
3.65 3.82 4.06 3.88 3.56 3.57 4.19 4.43 4.00 4.06 4.51 4.67 4.68 4.45 4.21 3.91 3.72 3.82 3.98 4.03 3.95 3.97 4.11 4.12 3.90 3.65 3.58 3.77 4.10 4.20 4.23 4.38 4.18 3.98 4.36 4.71 4.49 4.13 4.02 4.15 4.24 3.88 3.74 4.05 3.92 3.76 3.91 3.95 3.92 3.94 4.00 4.04 4.06 4.06 4.06 4.07 4.11 4.05 3.90 3.84 3.86 3.89 3.82 3.58 3.74 4.22 4.07 3.94 4.24 4.49 4.33 3.75 3.89 4.37 4.18 3.89 4.32 4.77 4.51 4.12 4.04 4.25 4.46 4.40
3.23 3.39 3.89 4.10 4.01 3.99 4.07 4.03 3.81 3.78 3.89 4.07 4.37 4.40 4.39 4.21 3.86 3.86 4.05 4.24 4.28 4.19 4.23 4.31 4.31 4.23 3.97 3.82 3.94 4.02 4.07 4.21 4.25 4.07 4.10 4.52 4.68 4.35 4.01 3.91 4.12 4.05 3.63 3.75 3.96 3.86 3.87 3.95 3.96 3.97 4.00 4.02 4.05 4.07 4.08 4.08 4.20 4.39 4.23 4.07 4.21 4.34 4.50 4.36 4.37 5.01 5.34 5.29 5.24 5.22 5.25 4.93 4.42 4.26 4.19 3.74 3.52 3.94 4.28 4.25 4.09 4.17 4.42 4.47
3.26 3.19 3.39 3.83 4.08 4.28 4.52 4.18 3.73 3.85 3.84 3.90 4.19 4.11 4.12 4.28 4.11 3.96 4.10 4.35 4.55 4.47 4.24 4.12 4.01 4.01 3.95 3.84 3.87 3.84 3.97 4.10 4.03 3.96 3.96 4.21 4.51 4.46 4.18 3.86 3.97 4.21 3.89 3.73 3.91 3.97 3.98 4.02 4.00 3.99 4.00 4.02 4.05 4.07 4.07 4.05 4.08 4.42 4.58 4.31 4.40 4.62 4.95 5.21 5.10 5.00 4.94 4.80 4.72 4.58 4.48 4.49 4.19 3.88 3.97 3.96 3.68 3.67 3.94 4.16 4.11 4.02 4.21 4.31
3.53 3.41 3.26 3.37 3.71 4.04 4.57 4.56 3.98 4.00 3.94 3.78 4.08 4.18 3.98 4.01 4.07 3.99 4.03 4.11 4.18 4.25 4.03 3.97 4.06 3.95 3.80 3.73 3.91 3.92 4.00 4.30 4.23 4.00 3.90 4.00 4.25 4.40 4.45 4.17 3.91 4.17 4.19 3.96 3.96 3.99 4.01 4.04 4.04 4.03 4.03 4.04 4.06 4.12 4.14 4.14 4.09 4.22 4.62 4.69 4.79 4.88 4.83 4.73 4.37 4.10 4.13 4.15 4.11 4.23 4.23 4.23 4.29 4.08 4.01 4.20 4.21 4.02 3.96 3.99 4.00 3.99 4.00 4.09
3.76 3.72 3.54 3.35 3.39 3.73 4.50 4.86 4.27 3.96 3.94 3.72 3.69 3.92 3.98 3.95 3.97 3.96 3.91 3.85 3.80 4.06 4.07 3.96 4.28 4.36 4.21 3.97 3.97 4.00 3.94 4.16 4.23 4.09 3.93 3.83 3.97 4.21 4.37 4.40 4.06 3.95 4.14 4.08 4.01 4.02 4.02 4.03 4.04 4.04 4.02 4.02 4.04 4.19 4.32 4.26 4.29 4.46 4.67 4.75 4.76 4.63 4.39 4.19 3.86 3.80 4.05 4.21 4.13 4.20 4.37 4.35 4.46 4.48 4.28 4.18 4.22 4.11 4.00 3.98 3.92 3.92 3.90 3.97
