windninja/SE045_results/maria_elevation_tif_point_11-01-2019_0100_500m_vel.asc
ncols	128
nrows	92
xllcorner	280654.681342
yllcorner	3772085.885776
cellsize	500.000000
NODATA_value	-32768.000000
[rows 38 to 75 of 92, columns 0 to 83 of 128]
5.39 5.34 5.17 4.99 4.70 4.59 5.73 7.24 6.98 6.00 5.76 5.69 5.48 5.33 5.38 5.51 5.45 5.43 5.67 5.84 5.44 5.64 5.77 5.33 5.67 5.83 5.93 5.85 5.56 5.46 5.54 5.94 5.84 5.82 6.07 5.87 5.61 5.86 5.92 6.12 6.22 5.82 5.77 5.81 5.73 5.73 5.73 5.74 5.75 5.75 5.71 5.71 5.56 5.63 6.05 5.89 5.40 5.47 5.67 5.31 5.29 5.56 5.74 6.22 5.90 5.43 5.73 5.92 5.91 5.88 6.01 5.93 5.80 5.90 5.81 5.65 5.73 5.76 5.66 5.71 5.59 5.53 5.64 5.65
5.49 5.45 5.34 5.24 4.94 4.53 4.93 6.44 7.45 7.03 6.33 6.09 6.09 5.76 5.42 5.48 5.50 5.43 5.75 6.25 5.94 5.69 5.60 5.33 5.59 5.63 5.61 5.98 5.81 5.26 5.48 6.12 5.96 5.72 6.06 6.02 5.67 5.79 5.86 5.86 6.08 5.99 5.84 5.83 5.78 5.76 5.75 5.75 5.77 5.78 5.75 5.65 5.30 5.20 5.81 6.16 5.74 5.23 5.33 5.31 5.14 5.34 5.41 5.97 6.11 5.54 5.60 5.85 5.99 5.96 5.88 5.86 5.75 5.67 5.61 5.66 5.70 5.73 5.77 5.83 5.76 5.56 5.67 5.71
5.54 5.51 5.44 5.36 5.18 4.83 4.66 5.30 6.59 7.36 7.10 6.44 6.24 6.08 5.71 5.58 5.63 5.55 5.63 6.21 6.41 6.03 5.63 5.47 5.83 5.94 5.54 6.04 6.38 5.70 5.42 6.01 6.17 5.86 5.92 5.89 5.73 5.70 5.75 5.77 5.80 5.80 5.80 5.82 5.81 5.79 5.78 5.77 5.78 5.79 5.83 5.91 5.40 4.70 4.95 5.68 6.04 5.71 5.57 5.70 5.51 5.52 5.48 5.67 6.04 5.76 5.51 5.68 5.87 5.98 5.83 5.76 5.82 5.76 5.67 5.75 5.82 5.71 5.75 5.88 5.91 5.73 5.71 5.76
5.60 5.57 5.52 5.45 5.34 5.11 4.73 4.67 5.21 6.20 6.93 6.57 6.10 5.88 5.75 5.62 5.68 5.71 5.62 6.03 6.53 6.35 5.72 5.42 5.90 6.10 5.50 5.67 6.13 5.96 5.50 5.59 5.91 6.00 6.06 5.87 5.79 5.72 5.67 5.73 5.75 5.70 5.71 5.74 5.76 5.78 5.77 5.78 5.80 5.81 5.63 5.85 6.05 5.16 4.69 5.10 5.53 5.65 5.71 5.77 5.61 5.61 5.71 5.70 5.89 5.87 5.59 5.66 5.78 5.83 5.78 5.82 5.81 5.74 5.80 5.79 5.82 5.71 5.60 5.67 5.75 5.71 5.62 5.63
5.63 5.61 5.57 5.52 5.45 5.34 5.08 4.81 4.76 5.22 6.18 6.46 6.15 5.80 5.69 5.61 5.69 5.73 5.51 5.83 6.36 6.68 6.19 5.37 5.71 6.03 5.68 5.78 5.85 5.85 5.80 5.71 5.71 5.87 6.07 5.91 5.81 5.80 5.75 5.74 5.72 5.68 5.68 5.70 5.72 5.74 5.75 5.78 5.83 6.02 5.77 5.45 6.18 6.31 5.72 5.71 5.71 5.51 5.58 5.71 5.66 5.58 5.67 5.72 5.80 5.88 5.69 5.68 5.94 5.85 5.66 5.90 5.87 5.61 5.76 5.78 5.73 5.75 5.63 5.61 5.65 5.69 5.66 5.60
5.67 5.65 5.62 5.58 5.53 5.46 5.36 5.20 5.03 5.06 5.54 6.05 6.09 5.82 5.60 5.45 5.57 5.63 5.43 5.52 5.72 6.22 6.39 5.82 5.83 5.91 5.69 5.91 5.99 5.86 5.84 5.92 5.84 5.79 5.90 5.90 5.84 5.81 5.80 5.79 5.76 5.70 5.68 5.69 5.71 5.72 5.73 5.77 5.90 6.26 6.43 5.95 5.88 6.29 6.06 5.87 5.93 5.73 5.56 5.57 5.60 5.57 5.58 5.60 5.64 5.77 5.73 5.65 5.93 6.01 5.77 5.86 5.92 5.62 5.64 5.78 5.74 5.77 5.74 5.69 5.68 5.63 5.67 5.71
5.69 5.67 5.65 5.62 5.59 5.55 5.50 5.45 5.38 5.32 5.38 5.63 5.81 5.76 5.54 5.31 5.34 5.43 5.42 5.42 5.34 5.53 5.79 5.77 5.91 5.88 5.68 5.70 5.80 5.77 5.64 5.72 5.83 5.83 5.83 5.85 5.85 5.83 5.82 5.83 5.82 5.77 5.72 5.70 5.71 5.69 5.66 5.65 5.77 5.99 6.30 6.15 5.70 5.83 5.93 5.75 5.80 5.86 5.72 5.62 5.63 5.63 5.64 5.62 5.61 5.68 5.65 5.58 5.69 5.78 5.79 5.76 5.81 5.74 5.65 5.73 5.76 5.76 5.76 5.73 5.72 5.58 5.52 5.72
5.71 5.70 5.68 5.66 5.64 5.61 5.59 5.56 5.55 5.55 5.55 5.57 5.64 5.66 5.55 5.40 5.33 5.36 5.43 5.46 5.43 5.45 5.43 5.43 5.66 5.74 5.68 5.67 5.69 5.71 5.65 5.63 5.78 5.85 5.84 5.84 5.82 5.81 5.80 5.81 5.81 5.79 5.77 5.73 5.70 5.68 5.57 5.41 5.36 5.45 5.79 5.96 5.73 5.73 5.89 5.85 5.79 5.80 5.77 5.71 5.70 5.71 5.71 5.67 5.63 5.67 5.64 5.58 5.64 5.64 5.68 5.70 5.72 5.72 5.65 5.70 5.78 5.76 5.75 5.78 5.85 5.75 5.49 5.54
5.72 5.71 5.70 5.69 5.67 5.66 5.64 5.64 5.63 5.63 5.64 5.64 5.63 5.61 5.58 5.53 5.44 5.40 5.46 5.52 5.55 5.59 5.53 5.46 5.56 5.65 5.65 5.68 5.72 5.76 5.74 5.69 5.77 5.83 5.84 5.85 5.84 5.81 5.78 5.77 5.76 5.76 5.77 5.75 5.70 5.66 5.56 5.35 5.23 5.28 5.57 5.84 5.76 5.67 5.75 5.79 5.78 5.77 5.77 5.74 5.71 5.71 5.73 5.70 5.63 5.64 5.64 5.60 5.62 5.65 5.66 5.65 5.71 5.69 5.59 5.64 5.76 5.76 5.73 5.74 5.82 5.85 5.64 5.51
5.73 5.73 5.72 5.71 5.70 5.69 5.68 5.68 5.67 5.67 5.68 5.67 5.66 5.63 5.62 5.59 5.53 5.47 5.46 5.49 5.54 5.62 5.63 5.56 5.58 5.65 5.68 5.68 5.70 5.74 5.74 5.72 5.76 5.79 5.80 5.81 5.83 5.82 5.79 5.77 5.72 5.71 5.73 5.74 5.71 5.64 5.59 5.50 5.35 5.30 5.50 5.71 5.69 5.65 5.66 5.71 5.73 5.72 5.73 5.71 5.67 5.66 5.69 5.68 5.62 5.60 5.61 5.59 5.63 5.66 5.68 5.70 5.75 5.73 5.62 5.62 5.70 5.70 5.65 5.61 5.61 5.68 5.70 5.60
5.74 5.74 5.73 5.72 5.72 5.71 5.71 5.70 5.70 5.70 5.70 5.69 5.69 5.67 5.66 5.64 5.62 5.58 5.54 5.51 5.52 5.58 5.63 5.62 5.60 5.64 5.69 5.70 5.70 5.73 5.74 5.74 5.76 5.78 5.78 5.78 5.80 5.81 5.81 5.81 5.75 5.72 5.71 5.72 5.70 5.65 5.62 5.59 5.47 5.37 5.52 5.71 5.70 5.68 5.67 5.68 5.70 5.71 5.72 5.72 5.69 5.65 5.64 5.64 5.60 5.56 5.54 5.52 5.57 5.59 5.62 5.69 5.76 5.79 5.72 5.68 5.70 5.71 5.65 5.57 5.52 5.50 5.56 5.61
5.75 5.75 5.74 5.74 5.73 5.73 5.72 5.72 5.72 5.72 5.71 5.71 5.70 5.70 5.68 5.67 5.65 5.64 5.60 5.58 5.58 5.58 5.63 5.64 5.63 5.65 5.70 5.71 5.72 5.73 5.73 5.76 5.80 5.81 5.80 5.78 5.77 5.78 5.79 5.79 5.77 5.74 5.73 5.72 5.71 5.68 5.66 5.63 5.55 5.46 5.54 5.70 5.72 5.72 5.71 5.72 5.72 5.72 5.74 5.75 5.71 5.66 5.62 5.56 5.51 5.45 5.43 5.50 5.56 5.58 5.64 5.68 5.69 5.71 5.69 5.67 5.68 5.70 5.61 5.46 5.50 5.56 5.53 5.67
5.75 5.75 5.75 5.74 5.74 5.74 5.73 5.73 5.73 5.73 5.73 5.72 5.72 5.71 5.70 5.70 5.68 5.67 5.64 5.62 5.62 5.62 5.63 5.64 5.63 5.65 5.69 5.70 5.71 5.73 5.73 5.74 5.78 5.82 5.81 5.79 5.76 5.76 5.76 5.76 5.77 5.76 5.74 5.73 5.72 5.70 5.69 5.66 5.61 5.53 5.56 5.71 5.75 5.74 5.73 5.72 5.71 5.72 5.74 5.78 5.78 5.75 5.80 5.82 5.78 5.65 5.50 5.59 5.76 5.73 5.72 5.74 5.73 5.71 5.67 5.62 5.67 5.88 5.91 5.79 5.83 5.92 5.76 5.71
5.75 5.75 5.75 5.75 5.75 5.75 5.74 5.74 5.74 5.74 5.74 5.73 5.73 5.72 5.72 5.71 5.70 5.69 5.67 5.65 5.65 5.65 5.66 5.66 5.64 5.65 5.69 5.70 5.71 5.71 5.73 5.72 5.72 5.77 5.80 5.79 5.76 5.76 5.76 5.74 5.77 5.77 5.74 5.73 5.72 5.69 5.69 5.68 5.65 5.59 5.58 5.70 5.76 5.76 5.79 5.78 5.71 5.72 5.78 5.86 6.00 6.01 6.11 6.33 6.43 6.33 5.96 5.69 5.79 5.81 5.78 5.81 5.85 5.83 5.82 5.83 5.89 6.24 6.46 6.41 6.35 6.34 6.17 5.88
5.76 5.76 5.75 5.75 5.75 5.75 5.75 5.75 5.75 5.74 5.74 5.74 5.74 5.73 5.73 5.73 5.72 5.71 5.70 5.68 5.66 5.66 5.67 5.67 5.65 5.66 5.68 5.70 5.71 5.70 5.71 5.72 5.70 5.73 5.78 5.77 5.75 5.77 5.76 5.72 5.75 5.76 5.74 5.74 5.74 5.71 5.69 5.69 5.67 5.62 5.62 5.70 5.73 5.76 5.85 5.93 5.88 5.82 5.88 5.94 6.13 6.13 6.00 6.09 6.27 6.37 6.18 5.82 5.73 5.77 5.76 5.83 6.00 6.02 6.00 6.04 5.96 5.98 6.11 6.19 6.26 6.35 6.47 6.35
5.76 5.76 5.76 5.75 5.75 5.75 5.75 5.75 5.75 5.75 5.75 5.75 5.74 5.74 5.74 5.73 5.73 5.72 5.71 5.70 5.69 5.69 5.70 5.68 5.66 5.67 5.68 5.69 5.71 5.71 5.72 5.73 5.71 5.72 5.76 5.76 5.75 5.77 5.76 5.72 5.73 5.75 5.74 5.75 5.75 5.73 5.72 5.71 5.69 5.64 5.64 5.70 5.72 5.72 5.79 5.94 6.02 5.96 5.84 5.74 5.83 5.87 5.71 5.66 5.75 5.90 5.92 5.82 5.75 5.78 5.74 5.77 5.98 6.04 5.95 5.84 5.71 5.60 5.61 5.67 5.76 5.81 5.99 6.21
5.76 5.76 5.76 5.76 5.76 5.76 5.76 5.75 5.75 5.75 5.75 5.75 5.75 5.75 5.74 5.74 5.74 5.73 5.73 5.71 5.70 5.71 5.73 5.71 5.68 5.68 5.69 5.69 5.69 5.67 5.69 5.72 5.72 5.73 5.74 5.75 5.76 5.77 5.77 5.75 5.75 5.75 5.73 5.73 5.74 5.73 5.72 5.72 5.70 5.65 5.64 5.67 5.66 5.60 5.55 5.63 5.78 5.87 5.72 5.52 5.55 5.63 5.62 5.62 5.69 5.76 5.78 5.75 5.72 5.77 5.75 5.64 5.67 5.68 5.66 5.66 5.60 5.52 5.46 5.44 5.47 5.44 5.40 5.53
5.76 5.76 5.76 5.76 5.76 5.76 5.76 5.76 5.76 5.76 5.75 5.75 5.75 5.75 5.75 5.74 5.74 5.74 5.73 5.72 5.71 5.70 5.72 5.72 5.70 5.71 5.71 5.73 5.75 5.71 5.69 5.70 5.73 5.76 5.75 5.75 5.76 5.77 5.77 5.76 5.75 5.75 5.73 5.72 5.72 5.71 5.71 5.71 5.69 5.67 5.68 5.71 5.68 5.53 5.41 5.40 5.50 5.67 5.68 5.60 5.58 5.62 5.64 5.67 5.72 5.76 5.76 5.75 5.67 5.64 5.69 5.63 5.56 5.53 5.54 5.60 5.61 5.56 5.47 5.41 5.41 5.46 5.43 5.35
5.76 5.76 5.76 5.76 5.76 5.76 5.76 5.76 5.76 5.76 5.76 5.76 5.75 5.75 5.75 5.75 5.75 5.74 5.74 5.73 5.72 5.72 5.74 5.73 5.71 5.72 5.72 5.74 5.81 5.82 5.78 5.76 5.75 5.76 5.76 5.75 5.76 5.76 5.76 5.76 5.76 5.76 5.75 5.73 5.72 5.71 5.71 5.70 5.68 5.68 5.69 5.84 5.99 5.84 5.65 5.62 5.62 5.63 5.68 5.69 5.66 5.66 5.67 5.71 5.73 5.73 5.73 5.72 5.67 5.61 5.65 5.64 5.64 5.66 5.62 5.56 5.57 5.55 5.40 5.37 5.36 5.35 5.47 5.50
5.76 5.76 5.76 5.76 5.76 5.76 5.76 5.76 5.76 5.76 5.76 5.76 5.76 5.76 5.75 5.75 5.75 5.75 5.74 5.74 5.73 5.73 5.76 5.76 5.74 5.73 5.71 5.70 5.74 5.78 5.78 5.77 5.76 5.76 5.77 5.76 5.76 5.76 5.76 5.77 5.77 5.78 5.77 5.75 5.73 5.72 5.71 5.70 5.69 5.66 5.61 5.73 6.04 6.06 5.86 5.79 5.81 5.71 5.68 5.71 5.70 5.70 5.70 5.72 5.73 5.74 5.74 5.73 5.70 5.71 5.78 5.73 5.73 5.80 5.81 5.70 5.67 5.66 5.35 5.21 5.24 5.22 5.38 5.82
5.76 5.76 5.76 5.76 5.76 5.76 5.76 5.76 5.76 5.76 5.76 5.76 5.76 5.76 5.76 5.75 5.75 5.75 5.75 5.74 5.73 5.72 5.74 5.77 5.77 5.75 5.73 5.72 5.72 5.74 5.76 5.76 5.77 5.77 5.76 5.77 5.77 5.77 5.76 5.77 5.77 5.78 5.77 5.76 5.75 5.73 5.72 5.71 5.69 5.66 5.54 5.48 5.65 5.78 5.74 5.70 5.75 5.74 5.71 5.74 5.73 5.73 5.73 5.73 5.73 5.75 5.74 5.70 5.68 5.70 5.81 5.78 5.71 5.82 5.97 5.91 5.95 5.95 5.66 5.45 5.32 5.35 5.39 5.91
5.76 5.76 5.76 5.76 5.76 5.76 5.76 5.76 5.76 5.76 5.76 5.76 5.76 5.76 5.76 5.76 5.75 5.75 5.75 5.74 5.74 5.72 5.72 5.75 5.77 5.76 5.74 5.75 5.75 5.75 5.77 5.77 5.77 5.77 5.76 5.76 5.77 5.76 5.75 5.76 5.76 5.77 5.77 5.76 5.75 5.74 5.72 5.71 5.70 5.66 5.58 5.52 5.54 5.62 5.68 5.69 5.70 5.73 5.74 5.75 5.78 5.78 5.77 5.76 5.72 5.74 5.75 5.70 5.66 5.62 5.65 5.70 5.63 5.81 6.15 6.16 6.44 6.53 6.25 6.09 5.90 5.78 5.66 5.76
5.76 5.76 5.76 5.76 5.76 5.76 5.76 5.76 5.76 5.76 5.76 5.76 5.76 5.76 5.76 5.76 5.76 5.75 5.75 5.75 5.74 5.73 5.71 5.73 5.76 5.76 5.74 5.74 5.75 5.74 5.75 5.75 5.76 5.77 5.76 5.76 5.76 5.76 5.75 5.76 5.75 5.76 5.77 5.77 5.75 5.74 5.73 5.72 5.70 5.68 5.66 5.65 5.65 5.67 5.70 5.71 5.70 5.72 5.73 5.72 5.75 5.80 5.79 5.79 5.74 5.71 5.72 5.72 5.68 5.66 5.65 5.68 5.47 5.46 5.95 6.10 6.39 6.79 6.66 6.18 5.90 5.74 5.57 5.44
5.76 5.76 5.76 5.76 5.76 5.76 5.76 5.76 5.76 5.76 5.76 5.76 5.76 5.76 5.76 5.76 5.76 5.75 5.75 5.75 5.75 5.74 5.72 5.72 5.76 5.77 5.75 5.74 5.75 5.75 5.74 5.74 5.75 5.76 5.76 5.76 5.76 5.75 5.75 5.76 5.76 5.75 5.76 5.77 5.76 5.75 5.74 5.73 5.72 5.71 5.69 5.68 5.68 5.69 5.71 5.71 5.70 5.72 5.72 5.69 5.69 5.73 5.75 5.78 5.77 5.74 5.74 5.75 5.72 5.71 5.66 5.71 5.54 5.15 5.22 5.38 5.50 6.03 6.43 5.92 5.52 5.44 5.32 5.05
5.76 5.76 5.76 5.76 5.76 5.76 5.76 5.76 5.76 5.76 5.76 5.76 5.76 5.76 5.76 5.76 5.76 5.76 5.75 5.75 5.75 5.74 5.73 5.72 5.75 5.78 5.75 5.74 5.75 5.75 5.75 5.74 5.74 5.75 5.76 5.77 5.77 5.76 5.75 5.76 5.76 5.75 5.76 5.77 5.77 5.76 5.75 5.73 5.73 5.72 5.71 5.71 5.71 5.71 5.72 5.72 5.71 5.72 5.73 5.73 5.72 5.73 5.74 5.76 5.78 5.77 5.76 5.77 5.75 5.78 5.72 5.63 5.63 5.41 5.16 5.05 4.99 5.46 6.16 5.85 5.44 5.51 5.63 5.40
5.76 5.76 5.76 5.76 5.76 5.76 5.76 5.76 5.76 5.76 5.76 5.76 5.76 5.76 5.76 5.76 5.76 5.76 5.75 5.75 5.75 5.75 5.74 5.72 5.73 5.78 5.76 5.74 5.75 5.76 5.75 5.75 5.75 5.75 5.76 5.77 5.77 5.77 5.76 5.76 5.76 5.75 5.75 5.75 5.75 5.76 5.76 5.74 5.73 5.73 5.73 5.73 5.72 5.72 5.72 5.72 5.72 5.73 5.74 5.75 5.75 5.75 5.75 5.75 5.75 5.77 5.79 5.80 5.77 5.83 5.84 5.58 5.37 5.36 5.43 5.37 5.11 5.32 6.19 6.23 5.60 5.55 5.71 5.74
5.76 5.76 5.76 5.76 5.76 5.76 5.76 5.76 5.76 5.76 5.76 5.76 5.76 5.76 5.76 5.76 5.76 5.76 5.76 5.75 5.75 5.75 5.74 5.73 5.73 5.78 5.78 5.74 5.74 5.77 5.76 5.76 5.76 5.75 5.77 5.77 5.77 5.77 5.77 5.76 5.76 5.76 5.75 5.76 5.75 5.74 5.75 5.75 5.74 5.74 5.73 5.73 5.73 5.73 5.73 5.73 5.73 5.73 5.73 5.74 5.75 5.76 5.77 5.77 5.77 5.76 5.71 5.68 5.72 5.90 6.19 6.02 5.23 4.57 4.75 5.35 5.39 5.19 5.94 6.59 6.21 5.91 5.80 5.80
5.76 5.76 5.76 5.76 5.76 5.76 5.76 5.76 5.76 5.76 5.76 5.76 5.76 5.76 5.76 5.76 5.76 5.76 5.76 5.75 5.75 5.75 5.75 5.73 5.72 5.77 5.79 5.75 5.73 5.76 5.76 5.76 5.76 5.75 5.76 5.76 5.76 5.77 5.77 5.77 5.77 5.76 5.76 5.77 5.77 5.75 5.75 5.75 5.75 5.74 5.73 5.73 5.73 5.74 5.74 5.73 5.72 5.73 5.74 5.74 5.75 5.76 5.77 5.77 5.78 5.88 5.84 5.57 5.55 5.72 6.58 7.29 6.44 4.98 4.51 5.12 5.40 4.95 5.29 6.02 6.17 6.07 5.94 5.86
5.76 5.76 5.76 5.76 5.76 5.76 5.76 5.76 5.76 5.76 5.76 5.76 5.76 5.76 5.76 5.76 5.76 5.76 5.76 5.76 5.75 5.75 5.75 5.74 5.71 5.74 5.80 5.76 5.73 5.75 5.75 5.75 5.75 5.74 5.75 5.76 5.76 5.76 5.77 5.77 5.76 5.76 5.76 5.76 5.76 5.76 5.75 5.75 5.75 5.74 5.74 5.73 5.73 5.73 5.73 5.73 5.72 5.72 5.74 5.74 5.74 5.75 5.75 5.78 5.74 5.89 6.08 5.69 5.40 5.08 5.56 7.18 7.72 7.22 6.25 5.93 5.85 5.25 5.20 5.53 5.71 5.77 5.76 5.76
5.76 5.76 5.76 5.76 5.76 5.76 5.76 5.76 5.76 5.76 5.76 5.76 5.76 5.76 5.76 5.76 5.76 5.76 5.76 5.76 5.75 5.75 5.75 5.74 5.72 5.73 5.80 5.78 5.74 5.75 5.76 5.76 5.76 5.75 5.75 5.76 5.76 5.76 5.77 5.77 5.77 5.76 5.76 5.75 5.75 5.76 5.75 5.75 5.75 5.74 5.74 5.74 5.73 5.73 5.75 5.73 5.72 5.72 5.73 5.75 5.77 5.78 5.77 5.74 5.67 5.66 5.98 5.90 5.41 4.66 4.28 5.13 6.25 6.95 6.85 6.54 6.25 5.72 5.49 5.54 5.63 5.65 5.63 5.63
5.76 5.76 5.76 5.76 5.76 5.76 5.76 5.76 5.76 5.76 5.76 5.76 5.76 5.76 5.76 5.76 5.76 5.76 5.76 5.76 5.76 5.75 5.75 5.75 5.73 5.71 5.77 5.79 5.75 5.74 5.76 5.77 5.77 5.77 5.76 5.75 5.76 5.75 5.76 5.77 5.77 5.77 5.76 5.76 5.76 5.76 5.75 5.75 5.75 5.75 5.74 5.74 5.73 5.73 5.75 5.74 5.72 5.73 5.72 5.75 5.76 5.81 5.92 5.88 5.79 5.75 5.89 6.12 5.77 4.89 4.47 4.84 5.24 5.64 5.96 6.20 6.17 5.79 5.66 5.68 5.69 5.69 5.66 5.60
5.76 5.76 5.76 5.76 5.76 5.76 5.76 5.76 5.76 5.76 5.76 5.76 5.76 5.76 5.76 5.76 5.76 5.76 5.76 5.76 5.76 5.75 5.75 5.75 5.74 5.71 5.74 5.78 5.76 5.74 5.75 5.75 5.76 5.77 5.76 5.75 5.76 5.76 5.75 5.77 5.77 5.77 5.76 5.76 5.77 5.77 5.75 5.75 5.76 5.76 5.75 5.75 5.74 5.73 5.74 5.74 5.74 5.74 5.72 5.73 5.72 5.72 5.90 6.07 6.05 5.93 5.89 6.22 6.45 5.88 5.25 5.29 5.37 5.40 5.52 5.77 6.02 5.85 5.72 5.74 5.72 5.76 5.77 5.66
5.76 5.76 5.76 5.76 5.76 5.76 5.76 5.76 5.76 5.76 5.76 5.76 5.76 5.76 5.76 5.76 5.76 5.76 5.76 5.76 5.76 5.75 5.75 5.75 5.74 5.73 5.73 5.77 5.77 5.76 5.75 5.75 5.76 5.77 5.76 5.75 5.76 5.77 5.76 5.76 5.77 5.78 5.78 5.76 5.77 5.77 5.76 5.75 5.76 5.78 5.77 5.75 5.75 5.74 5.74 5.73 5.74 5.74 5.74 5.70 5.60 5.62 5.72 5.95 6.32 6.34 6.10 6.28 6.70 6.77 6.28 5.73 5.58 5.62 5.51 5.48 5.64 5.75 5.85 5.84 5.83 5.92 5.93 5.80
5.76 5.76 5.76 5.76 5.76 5.76 5.76 5.76 5.76 5.76 5.76 5.76 5.76 5.76 5.76 5.76 5.76 5.76 5.76 5.76 5.76 5.76 5.75 5.75 5.75 5.74 5.73 5.74 5.76 5.77 5.74 5.74 5.77 5.77 5.76 5.75 5.76 5.77 5.76 5.76 5.77 5.77 5.78 5.77 5.77 5.78 5.77 5.75 5.75 5.77 5.78 5.76 5.75 5.75 5.74 5.73 5.73 5.70 5.83 5.86 5.56 5.56 5.70 5.70 6.12 6.42 5.95 5.67 5.79 6.18 6.57 6.44 6.13 6.13 6.00 5.79 5.66 5.60 5.90 6.00 5.89 5.99 6.18 6.14
5.76 5.76 5.76 5.76 5.76 5.76 5.76 5.76 5.76 5.76 5.76 5.76 5.76 5.76 5.76 5.76 5.76 5.76 5.76 5.76 5.76 5.76 5.76 5.75 5.75 5.74 5.74 5.73 5.74 5.78 5.76 5.74 5.76 5.78 5.77 5.75 5.76 5.77 5.76 5.76 5.77 5.77 5.77 5.76 5.77 5.77 5.77 5.75 5.75 5.76 5.77 5.77 5.76 5.74 5.75 5.74 5.74 5.65 5.76 6.00 5.73 5.51 5.54 5.40 5.54 5.89 5.67 5.39 5.31 5.29 5.68 6.25 6.25 6.24 6.32 6.21 6.04 5.67 5.68 5.87 5.78 5.72 5.92 6.03
5.76 5.76 5.76 5.76 5.76 5.76 5.76 5.76 5.76 5.76 5.76 5.76 5.76 5.76 5.76 5.76 5.76 5.76 5.76 5.76 5.76 5.76 5.76 5.75 5.75 5.75 5.75 5.74 5.73 5.77 5.78 5.75 5.75 5.77 5.77 5.76 5.75 5.76 5.76 5.75 5.76 5.77 5.77 5.76 5.76 5.76 5.77 5.76 5.75 5.75 5.76 5.76 5.75 5.74 5.75 5.73 5.73 5.64 5.58 5.76 5.68 5.42 5.14 5.11 5.54 5.86 5.86 5.78 5.82 5.61 5.35 5.74 6.04 5.99 6.00 5.95 5.91 5.76 5.66 5.77 5.75 5.64 5.59 5.44
5.76 5.76 5.76 5.76 5.76 5.76 5.76 5.76 5.76 5.76 5.76 5.76 5.76 5.76 5.76 5.76 5.76 5.76 5.76 5.76 5.76 5.76 5.76 5.76 5.75 5.75 5.75 5.74 5.73 5.73 5.76 5.76 5.77 5.78 5.76 5.75 5.76 5.76 5.76 5.75 5.75 5.76 5.76 5.76 5.76 5.76 5.77 5.77 5.76 5.76 5.76 5.76 5.75 5.75 5.74 5.74 5.71 5.67 5.62 5.67 5.74 5.62 5.23 5.11 5.49 5.74 5.82 5.80 5.98 6.06 5.69 5.70 6.07 6.24 6.21 6.12 5.93 5.85 5.89 5.89 5.71 5.74 5.77 5.38
5.76 5.76 5.76 5.76 5.76 5.76 5.76 5.76 5.76 5.76 5.76 5.76 5.76 5.76 5.76 5.76 5.76 5.76 5.76 5.76 5.76 5.76 5.76 5.76 5.76 5.75 5.75 5.75 5.74 5.73 5.74 5.74 5.76 5.79 5.79 5.77 5.75 5.75 5.76 5.76 5.76 5.77 5.77 5.76 5.76 5.76 5.76 5.76 5.76 5.77 5.77 5.77 5.76 5.75 5.75 5.74 5.72 5.70 5.69 5.72 5.90 5.97 5.76 5.62 5.56 5.49 5.57 5.55 5.67 5.84 5.51 5.35 5.76 6.11 6.32 6.53 6.39 6.07 6.04 6.15 5.84 5.73 5.75 5.37
