windninja/SE045_results/maria_elevation_tif_point_11-01-2019_0300_500m_ang.asc
ncols	128
nrows	92
xllcorner	280654.681342
yllcorner	3772085.885776
cellsize	500.000000
NODATA_value	-32768.000000
[rows 0 to 54 of 92, columns 0 to 95 of 128]
18 17 18 22 26 26 18 11 16 19 18 19 21 25 28 27 26 20 14 16 19 19 17 18 18 16 18 21 21 20 21 21 20 20 21 19 12 9 16 20 18 19 13 11 14 17 20 21 16 17 16 8 9 17 21 22 23 22 21 20 15 16 18 14 16 20 24 29 31 30 28 30 32 33 32 31 31 30 28 26 24 18 13 20 24 20 20 21 24 24 24 25 24 28 33 29
18 17 18 22 26 26 18 11 16 19 18 19 21 25 28 27 26 20 14 16 19 19 17 18 18 16 18 21 21 20 21 21 20 20 21 19 12 9 16 20 18 19 13 11 14 17 20 21 16 17 16 8 9 17 21 22 23 22 21 20 15 16 18 14 16 20 24 29 31 30 28 30 32 33 32 31 31 30 28 26 24 18 13 20 24 20 20 21 24 24 24 25 24 28 33 29
23 21 21 27 30 29 19 14 21 24 23 25 26 29 30 27 25 20 17 20 23 21 19 21 22 20 22 25 25 25 25 25 24 25 24 21 15 14 22 22 19 19 16 15 21 25 25 24 19 20 19 11 14 22 23 25 27 24 22 22 17 18 20 17 21 26 30 31 29 28 27 29 31 30 29 29 28 25 23 22 22 17 14 23 24 19 19 20 23 25 28 33 29 24 24 23
26 23 20 25 28 26 20 18 25 27 27 30 31 31 30 28 25 22 21 24 25 25 25 27 28 26 27 30 30 30 28 28 28 28 26 23 20 22 26 24 20 22 23 21 28 33 28 28 27 23 21 18 25 28 23 27 32 28 23 23 20 21 27 28 32 35 33 30 29 30 30 29 29 29 27 25 21 18 20 23 24 18 14 21 22 19 20 21 24 29 33 36 28 16 17 22
19 21 20 18 22 26 24 22 24 27 29 31 32 32 31 31 29 25 23 24 26 27 28 28 29 29 29 30 31 31 29 29 29 27 26 24 22 22 23 22 21 26 28 22 24 30 27 29 29 22 20 22 27 27 21 22 32 31 23 23 22 23 29 31 30 26 26 28 30 32 31 28 29 30 26 22 21 23 29 35 30 17 8 15 22 23 25 23 24 28 28 25 19 16 20 26
11 22 28 25 29 33 29 27 28 29 32 33 34 34 32 31 29 26 24 26 28 28 26 27 29 30 30 31 31 32 31 30 29 28 27 25 24 22 22 22 22 27 29 25 26 31 29 25 23 20 19 21 25 27 25 17 27 35 29 23 22 23 22 22 24 22 24 29 29 30 29 26 26 25 24 27 32 37 37 31 24 15 9 15 25 29 31 27 24 24 26 23 19 22 26 29
11 22 31 30 31 30 26 24 26 28 30 31 31 30 29 28 27 26 26 26 26 26 27 28 29 29 29 29 29 29 29 28 28 27 26 25 25 24 24 25 25 27 29 26 27 29 27 23 22 22 21 22 26 28 28 21 21 35 34 24 19 23 23 23 26 25 27 29 28 31 29 22 21 23 26 29 25 20 21 24 27 27 22 17 21 30 37 36 31 28 32 29 24 27 29 31
12 20 26 26 26 24 21 21 24 27 28 29 28 26 26 27 26 26 27 27 27 27 28 29 29 29 29 29 30 30 30 30 30 29 29 29 28 28 29 29 28 28 28 27 27 26 24 24 26 26 25 26 27 28 30 26 23 29 36 33 28 32 32 30 32 31 32 30 27 31 30 25 27 32 33 32 25 22 27 33 31 24 18 10 10 23 33 35 32 24 27 26 23 25 28 29
9 18 25 23 24 25 23 23 24 25 26 27 28 27 28 28 27 26 27 28 27 27 28 29 29 28 28 29 31 32 32 32 32 30 29 29 27 26 27 26 25 25 25 26 27 28 26 25 28 28 27 28 28 30 30 28 28 33 44 47 45 45 33 31 37 39 38 35 31 34 32 30 35 40 44 47 44 41 35 22 14 16 18 15 12 17 23 25 25 19 21 22 22 26 28 26
5 15 25 25 26 28 28 27 26 27 27 28 29 30 30 29 27 27 26 28 28 27 27 28 29 28 29 32 35 36 34 32 30 27 25 25 24 24 25 25 24 24 25 28 30 31 30 28 28 29 29 30 31 31 29 30 37 43 48 45 38 36 36 43 48 46 41 35 30 31 27 25 28 30 35 35 29 21 16 14 14 20 27 25 18 16 17 19 24 24 23 25 25 29 30 27
4 13 25 26 27 29 30 30 29 29 29 29 29 29 29 28 27 28 27 28 28 27 27 28 29 29 29 30 32 32 29 25 24 23 23 26 27 27 27 27 27 28 29 30 31 32 32 29 26 28 30 29 28 29 29 30 32 30 28 24 22 27 33 33 31 30 26 16 12 21 24 19 22 24 28 25 16 13 16 23 25 27 28 25 20 17 17 21 29 32 25 27 27 28 31 29
6 14 27 31 31 31 31 30 30 29 30 30 29 28 27 27 27 28 28 29 30 29 27 29 31 30 27 25 25 25 24 23 25 27 29 31 31 30 31 30 29 30 32 31 30 31 32 31 30 29 28 28 27 29 27 24 22 19 18 18 18 22 25 22 16 15 16 15 12 22 30 20 15 21 30 30 22 20 26 27 26 26 25 20 19 19 20 22 29 34 25 23 26 27 32 34
13 19 28 32 32 31 30 29 28 29 29 30 28 26 26 26 27 28 28 28 28 28 27 28 30 28 26 23 23 27 28 30 32 34 32 30 30 28 28 28 25 27 30 29 29 31 33 34 34 31 30 32 33 31 23 18 18 20 22 25 24 20 21 22 18 15 19 25 24 26 33 26 15 17 30 34 29 22 25 26 24 25 25 21 20 21 22 21 29 36 27 19 25 31 35 38
25 25 28 30 30 29 29 28 27 28 27 27 27 25 24 25 26 27 28 27 26 29 29 30 31 29 28 28 28 33 35 34 33 35 34 32 32 28 26 27 25 26 29 28 28 28 28 26 25 23 21 24 26 24 17 14 19 23 26 25 21 18 21 27 29 24 26 30 27 26 30 29 21 16 27 36 33 24 23 26 25 25 26 22 20 22 25 23 27 33 28 18 23 30 30 34
31 28 26 27 27 27 27 27 25 26 25 25 27 25 24 25 27 27 26 26 28 32 34 34 36 35 33 32 30 32 32 29 29 32 31 28 27 23 23 26 24 24 25 24 22 20 18 17 18 18 18 18 20 21 18 15 19 24 24 19 15 17 23 30 34 30 29 31 28 28 29 32 29 22 27 37 35 29 25 26 27 27 26 23 20 20 23 22 21 27 29 22 21 27 28 33
35 31 25 25 26 26 27 27 25 25 26 27 28 28 26 26 27 26 25 27 30 32 30 29 31 33 33 30 28 29 28 24 22 23 20 19 20 19 19 19 17 18 19 17 16 15 15 17 20 23 25 25 28 29 25 19 18 23 24 21 20 29 35 37 36 33 33 30 28 31 33 38 37 29 29 36 36 33 31 28 29 28 26 23 19 17 21 22 20 25 30 26 25 30 30 32
42 36 28 28 26 26 27 28 26 27 28 29 29 27 25 25 25 25 27 28 28 28 27 25 25 25 26 24 21 21 20 15 13 15 16 18 20 19 18 17 16 19 19 17 19 20 23 26 29 33 32 30 33 33 26 19 16 20 25 26 27 31 33 32 30 30 32 29 28 30 30 35 35 32 29 30 33 33 32 29 29 29 27 25 21 18 21 26 25 29 34 32 30 28 24 24
37 32 26 25 24 23 25 27 26 27 28 29 27 25 24 24 25 27 29 28 26 27 27 23 19 19 20 18 16 15 15 13 14 19 21 22 24 20 21 23 22 24 24 23 27 31 32 33 32 32 32 28 28 29 26 20 16 20 28 29 27 25 25 25 26 27 31 30 28 27 25 29 30 31 29 28 31 31 31 30 29 29 27 26 23 22 23 28 29 31 33 30 26 22 21 22
29 27 23 21 22 21 23 25 25 26 28 29 26 23 23 25 27 29 30 29 28 26 22 18 16 17 19 20 20 21 23 25 29 31 28 26 28 26 27 31 29 29 31 31 32 34 34 32 29 29 29 25 26 29 28 23 17 20 26 26 24 23 24 25 27 27 29 30 30 28 25 28 30 30 31 31 31 31 31 30 29 28 27 26 25 24 24 26 25 25 26 24 24 23 25 27
26 26 25 24 25 25 24 26 26 25 26 28 26 22 23 26 28 29 29 27 23 20 18 17 19 21 24 28 29 31 32 33 31 28 27 28 31 30 29 30 31 30 32 32 29 31 32 31 28 27 28 26 26 28 26 24 21 19 21 22 22 25 26 27 29 28 27 30 31 30 26 26 30 31 31 31 31 30 29 29 28 27 27 26 26 25 25 25 24 23 25 25 27 28 27 29
29 29 30 31 31 29 27 26 26 25 26 29 28 22 22 26 28 27 23 21 20 21 20 21 24 26 26 27 29 30 30 29 28 27 28 31 31 29 25 25 29 29 28 29 28 29 31 30 28 27 28 27 26 28 27 25 24 20 19 22 25 28 28 27 30 30 27 29 31 31 29 27 30 32 31 31 31 30 29 29 28 27 27 27 26 26 26 26 26 25 27 30 31 31 30 31
35 34 32 31 30 28 26 26 26 26 26 29 28 22 22 25 25 23 20 21 24 27 25 24 26 28 28 30 31 31 30 31 31 29 28 30 30 26 24 24 30 31 29 30 30 29 29 29 28 26 25 26 26 28 27 24 25 24 21 23 27 31 29 28 29 31 28 27 31 32 31 30 30 31 30 30 30 29 29 28 28 28 27 27 27 27 27 27 27 27 29 32 33 34 34 34
36 33 28 25 25 26 25 26 25 24 25 27 26 22 24 25 23 22 22 24 25 28 27 23 25 28 29 30 29 29 29 29 30 29 26 28 30 28 26 26 29 31 28 27 28 29 28 28 30 28 26 26 28 27 24 24 26 26 22 22 26 30 27 26 28 28 27 26 29 31 31 30 30 30 29 29 29 28 28 28 28 28 28 28 27 27 28 28 28 29 30 31 32 32 33 33
34 31 27 27 29 29 28 27 25 23 23 26 26 22 23 24 23 23 23 24 25 27 29 26 26 28 28 27 26 27 29 31 32 30 26 27 30 29 28 25 27 30 27 26 27 28 27 26 29 27 25 26 28 27 26 25 26 27 23 21 24 28 27 24 27 29 30 29 29 30 30 30 29 29 28 28 29 29 29 28 28 28 28 28 28 28 28 28 29 30 31 31 31 32 32 32
36 35 32 33 35 33 31 29 26 23 22 26 27 22 21 26 25 22 22 26 28 27 30 28 25 25 27 27 27 28 30 32 33 32 29 28 29 28 26 24 25 29 27 26 27 29 27 25 27 27 25 25 28 29 27 25 25 27 25 22 24 28 29 26 29 32 32 31 30 30 30 30 30 30 29 29 30 29 29 28 28 28 28 28 28 28 29 29 30 31 32 32 31 30 29 30
34 35 33 31 34 32 29 28 26 23 23 27 28 24 22 27 27 22 22 27 28 26 27 28 24 25 29 30 29 29 29 29 32 32 29 28 27 26 24 24 25 28 27 24 27 30 26 25 28 29 25 25 29 29 26 23 24 28 26 24 24 28 30 30 30 31 30 30 30 30 30 30 30 30 30 29 29 29 29 28 28 28 28 28 29 29 29 30 30 30 31 32 30 29 28 28
29 31 28 25 28 28 27 27 27 28 26 26 23 22 21 23 26 22 21 27 29 25 25 27 26 28 30 32 30 30 30 30 31 30 28 24 23 24 22 23 26 27 26 24 27 30 26 24 26 27 25 25 28 29 26 24 24 27 26 25 26 29 31 30 30 30 30 30 30 30 30 30 30 30 29 29 29 29 29 29 29 29 29 29 29 29 29 30 30 30 30 32 31 30 30 27
28 26 21 19 23 26 28 31 31 30 26 23 19 15 15 18 25 23 22 26 28 26 25 28 28 28 29 29 29 29 31 30 29 31 29 25 24 25 23 23 27 27 26 25 26 29 29 26 24 26 25 25 27 28 26 25 24 26 28 27 28 29 30 30 30 30 30 30 30 30 30 29 29 29 29 29 29 30 31 30 30 30 30 29 28 28 29 30 32 32 31 33 35 33 32 28
17 19 17 18 24 27 29 30 26 22 21 20 16 10 10 19 27 26 23 24 27 27 25 28 28 28 27 26 26 26 28 29 28 29 28 26 25 25 24 23 26 28 26 24 25 29 30 27 24 25 25 24 26 27 27 26 26 28 29 29 29 29 30 31 31 31 32 32 31 30 30 29 28 29 29 30 31 32 32 31 29 27 28 28 27 24 27 30 29 28 28 29 30 26 24 21
4 16 24 25 30 31 29 25 22 21 20 19 19 16 14 19 26 27 26 26 30 31 28 29 28 27 27 26 26 26 27 29 26 25 26 25 25 26 25 22 25 27 25 24 25 27 29 27 25 24 24 24 26 27 28 28 28 29 29 29 30 30 31 33 33 33 33 33 32 32 30 29 28 28 29 31 30 29 30 31 31 28 27 30 26 20 21 23 22 21 21 22 20 18 18 17
5 20 31 29 29 28 26 24 24 28 28 25 25 24 19 19 22 27 30 31 33 34 31 27 26 25 26 26 26 25 26 27 25 25 27 26 26 26 25 22 22 25 26 24 23 25 27 25 25 24 24 25 29 30 29 29 29 29 29 30 31 31 32 32 32 31 32 32 31 32 30 27 28 26 27 29 27 25 28 29 30 26 20 22 22 17 15 18 20 20 21 23 22 21 21 22
13 21 26 22 19 22 27 26 28 34 36 29 27 27 24 21 22 26 28 28 29 30 28 24 23 22 24 25 24 23 25 26 25 27 29 27 26 25 24 24 22 24 26 24 22 24 26 25 25 26 26 27 29 29 29 29 29 30 30 31 32 32 31 31 33 32 31 31 30 29 26 22 25 25 21 24 27 25 23 22 22 21 18 19 23 20 18 22 26 26 25 27 27 25 24 24
12 16 19 18 18 24 31 28 24 29 31 26 25 28 26 23 22 24 26 26 28 28 27 24 23 24 24 24 26 25 26 28 27 28 31 30 28 25 24 25 24 22 24 25 22 24 27 27 28 28 28 28 28 28 28 29 30 31 32 33 33 34 33 32 34 36 34 31 28 27 26 22 22 22 15 18 25 24 19 19 22 25 26 24 26 26 23 23 25 23 23 25 26 26 24 25
6 12 20 23 25 29 33 31 24 26 30 29 29 27 26 24 21 23 26 30 31 30 27 25 25 24 22 23 26 25 25 27 27 26 28 29 28 24 23 24 25 22 21 25 24 25 29 29 29 28 28 28 28 28 28 29 31 34 35 34 33 34 35 33 30 31 28 23 20 22 24 19 15 19 18 16 21 23 22 22 24 26 27 26 25 24 21 20 20 20 22 25 26 26 26 27
4 12 22 25 25 28 33 32 28 30 32 31 31 28 26 25 21 22 26 29 28 25 24 24 23 23 21 22 24 25 26 29 28 25 25 28 29 26 24 24 26 26 22 25 27 27 28 29 28 27 27 27 28 28 28 29 30 33 33 29 28 28 28 24 17 17 17 17 18 19 21 19 16 20 24 22 21 25 26 25 23 24 26 25 23 22 21 20 21 23 25 26 27 27 25 24
11 14 22 24 24 26 32 33 29 31 29 28 31 29 26 25 22 22 24 24 24 24 25 26 25 25 24 23 26 26 28 30 29 26 25 28 30 28 27 24 24 27 24 24 27 27 27 27 27 27 27 27 27 28 29 30 28 29 29 25 23 21 18 16 13 14 19 23 24 25 26 28 27 26 26 25 23 23 25 26 24 24 25 25 24 24 24 24 24 25 26 26 27 27 24 23
18 19 21 21 23 27 33 33 27 29 29 27 29 28 25 25 25 23 22 23 27 30 29 26 26 27 26 24 26 25 25 28 27 26 26 27 29 28 27 25 23 26 25 24 26 26 27 27 27 27 27 27 27 28 29 28 26 25 25 21 18 16 15 18 20 23 28 30 28 29 30 29 29 25 23 22 22 22 24 26 25 24 25 26 26 26 26 26 25 25 26 27 27 27 25 23
21 21 21 21 22 23 30 33 30 30 30 29 28 27 25 25 24 23 25 29 31 31 27 21 24 25 25 23 24 25 24 28 28 27 28 28 27 27 26 27 25 25 26 25 26 26 26 27 27 27 27 27 26 26 27 25 21 20 19 17 16 18 22 28 28 28 29 29 27 28 28 26 25 23 21 22 24 25 25 26 25 26 26 27 27 26 26 26 26 26 26 27 27 27 26 25
22 23 22 23 22 19 26 34 34 31 30 28 26 25 24 25 24 24 29 33 30 27 24 21 26 27 26 26 26 25 25 29 29 27 27 26 24 26 26 27 26 25 26 26 26 26 26 26 27 27 27 27 25 24 27 25 20 19 21 22 24 27 29 31 29 25 27 29 28 28 28 26 25 25 24 25 27 27 26 26 26 25 26 26 27 26 26 27 27 26 27 27 27 27 27 26
23 23 23 24 22 20 23 30 31 29 26 24 23 23 23 24 25 26 28 29 25 23 24 25 28 27 25 28 28 23 24 28 27 25 27 26 24 26 26 26 27 27 26 27 26 26 26 26 27 27 28 29 26 23 23 24 23 22 25 27 27 28 28 30 29 25 26 27 28 28 27 27 27 27 27 27 27 25 25 26 26 25 26 26 26 27 26 26 27 27 28 28 27 28 27 27
24 24 24 24 24 22 21 24 27 28 26 24 25 25 24 24 26 26 24 24 25 25 25 24 25 25 22 25 26 23 22 26 26 26 27 27 26 26 27 28 28 28 27 27 26 26 26 26 27 27 28 30 29 23 21 24 25 23 24 25 24 26 27 27 29 27 26 27 28 28 27 27 27 27 26 25 25 24 25 26 26 25 25 26 26 27 26 26 27 27 27 26 26 27 26 26
24 25 25 25 24 24 22 22 25 28 30 29 28 27 26 25 25 23 20 22 27 28 25 21 24 26 22 25 28 26 24 26 28 27 28 27 27 27 28 28 28 27 27 27 27 26 26 27 28 30 29 28 28 24 21 24 25 24 24 26 26 26 26 26 28 28 26 27 28 28 27 27 27 25 25 24 25 26 26 27 27 27 27 27 27 27 27 26 25 25 26 26 25 27 27 26
25 25 25 25 25 25 24 24 25 29 33 32 30 27 26 24 22 21 20 23 26 27 25 21 25 26 24 26 28 27 26 26 26 27 28 28 28 28 28 28 28 27 27 26 26 26 26 27 28 30 29 22 22 22 19 21 23 24 26 27 26 26 26 27 28 28 26 26 28 28 26 27 26 24 25 26 27 27 27 27 27 27 27 27 27 27 27 25 24 25 26 27 27 27 27 27
25 25 25 25 25 25 25 25 26 28 31 32 30 27 25 22 22 23 23 25 26 27 27 23 25 26 25 26 26 26 26 26 27 28 29 29 28 28 28 27 27 26 26 26 26 26 26 26 25 24 23 19 19 23 22 23 26 26 26 27 27 27 27 28 28 28 26 25 27 27 25 26 26 25 26 28 27 27 27 27 27 27 26 27 26 26 26 25 25 26 27 27 27 27 28 28
25 25 26 26 26 26 26 26 26 27 29 30 29 27 25 23 24 26 26 27 27 29 29 26 27 27 26 27 28 28 27 28 29 29 29 28 28 27 27 27 26 26 26 26 26 26 25 23 21 20 23 24 23 25 27 27 27 27 27 27 27 27 27 27 27 27 27 26 27 27 26 27 28 27 26 27 27 27 27 27 28 27 26 26 25 25 26 26 26 27 27 27 28 27 28 28
26 26 26 26 26 26 26 26 27 27 27 28 28 27 26 25 26 26 27 27 28 28 28 28 28 28 28 28 28 29 28 28 29 28 28 28 27 27 27 27 26 26 26 26 26 26 25 22 21 23 27 28 26 26 28 27 27 28 27 27 26 27 27 27 26 27 27 27 27 27 27 28 28 27 26 27 27 27 27 27 27 26 25 26 26 27 28 28 28 28 28 28 28 29 29 29
26 26 26 26 26 26 26 26 26 27 27 27 27 26 26 26 26 26 26 27 27 27 27 27 28 28 28 28 28 28 28 27 28 28 27 27 27 27 27 27 26 26 27 26 26 26 24 23 24 25 27 28 27 27 28 28 28 27 27 27 27 27 27 27 27 27 27 27 27 27 28 27 28 27 27 27 27 27 27 26 27 27 27 27 28 28 29 28 28 28 27 28 28 29 29 28
26 26 26 26 26 26 26 26 26 26 26 27 26 26 26 26 26 26 26 27 27 27 27 27 27 27 28 27 27 28 27 27 27 27 27 27 27 27 27 27 27 27 27 27 26 25 25 25 25 25 26 28 28 28 28 28 28 27 27 27 27 27 28 28 28 27 27 27 27 27 27 27 27 27 27 27 27 28 27 28 28 29 29 29 28 28 28 28 28 27 27 27 27 27 27 26
26 26 26 26 26 26 26 26 26 26 26 26 26 26 26 26 26 26 26 26 26 27 27 27 27 27 27 27 27 27 27 27 27 27 27 27 27 27 27 27 27 27 27 26 26 26 26 25 25 25 26 28 28 28 28 28 27 27 28 28 28 28 28 28 28 28 27 27 27 27 26 26 27 27 27 27 28 28 29 30 30 30 29 29 28 27 27 27 27 27 27 27 26 26 26 24
26 26 26 26 26 26 26 26 26 26 26 26 26 26 26 26 26 26 26 26 26 26 27 27 26 27 27 27 27 27 27 27 27 27 27 27 27 27 27 27 27 27 26 26 26 26 26 26 25 25 26 28 28 27 27 27 27 27 28 28 29 29 30 30 29 28 27 26 26 25 26 27 27 28 28 28 30 31 32 30 29 29 27 26 26 26 27 28 28 28 27 27 26 26 25 24
26 26 26 26 26 26 26 26 26 26 26 26 26 26 26 26 26 26 26 26 26 26 26 26 26 26 27 27 27 27 27 26 27 27 27 27 27 27 27 27 27 26 26 26 26 26 26 26 26 25 26 27 27 27 27 27 27 28 28 29 29 28 28 27 27 26 23 23 24 25 26 27 28 29 29 29 30 30 28 25 25 25 24 24 26 27 28 28 27 26 25 25 26 25 25 25
26 26 26 26 26 26 26 26 26 26 26 26 26 26 26 26 26 26 26 26 26 26 26 26 26 26 26 26 26 26 27 27 27 27 27 27 27 27 27 26 26 26 26 26 26 26 26 26 26 26 26 26 27 27 27 28 27 28 28 27 25 23 22 22 23 23 22 22 25 26 27 28 29 28 27 26 23 22 22 22 22 24 24 25 25 25 25 24 23 22 22 23 24 25 26 26
26 26 26 26 26 26 26 26 26 26 26 26 26 26 26 26 26 26 26 26 26 26 26 26 26 26 26 26 27 27 27 27 27 27 27 27 27 27 27 26 26 26 26 26 26 26 26 26 26 25 25 26 26 26 26 27 27 26 24 22 22 22 21 23 24 25 26 26 27 27 27 27 27 25 23 21 20 21 23 24 24 24 25 25 23 21 22 23 23 23 25 25 26 27 28 27
26 26 26 26 26 26 26 26 26 26 26 26 26 26 26 26 26 26 26 26 26 26 26 26 26 26 26 26 27 27 27 27 27 27 27 27 27 27 27 26 26 26 26 26 26 26 26 26 26 25 25 26 26 25 25 25 25 24 22 21 23 25 26 27 28 30 30 28 27 27 26 24 24 23 22 23 24 26 27 26 26 26 26 26 24 23 25 27 28 28 28 28 29 30 30 29
26 26 26 26 26 26 26 26 26 26 26 26 26 26 26 26 26 26 26 26 26 26 26 26 26 26 26 27 27 27 27 27 27 27 27 27 27 27 26 26 26 26 26 26 26 26 26 26 26 26 26 26 26 26 26 25 25 24 24 25 27 28 28 28 29 30 29 28 26 26 25 24 24 25 26 27 28 28 28 28 29 29 28 29 29 28 29 30 30 31 32 32 32 32 30 29
