windninja/SE045_results/maria_elevation_tif_point_11-01-2019_0200_500m_vel.asc
ncols	128
nrows	92
xllcorner	280654.681342
yllcorner	3772085.885776
cellsize	500.000000
NODATA_value	-32768.000000
[rows 38 to 75 of 92, columns 0 to 83 of 128]
3.84 3.81 3.69 3.55 3.37 3.35 3.99 4.88 4.73 4.11 3.95 3.92 3.79 3.73 3.85 3.97 3.94 3.90 3.96 3.96 3.73 3.89 4.05 3.89 4.02 4.10 4.18 4.10 3.89 3.85 3.92 4.06 4.03 4.09 4.23 4.12 4.00 4.12 4.16 4.32 4.39 4.15 4.09 4.11 4.06 4.05 4.04 4.04 4.05 4.05 4.02 4.03 3.98 4.06 4.28 4.17 3.90 3.93 4.02 3.78 3.69 3.82 3.98 4.26 4.08 3.84 4.00 4.12 4.12 4.10 4.19 4.19 4.14 4.19 4.14 4.02 4.01 4.02 3.98 4.01 3.94 3.91 3.96 3.96
3.90 3.88 3.80 3.72 3.54 3.29 3.49 4.44 5.14 4.90 4.44 4.32 4.34 4.14 3.94 3.96 3.94 3.88 4.06 4.33 4.16 3.98 3.95 3.83 3.92 3.92 3.95 4.16 4.01 3.73 3.90 4.24 4.17 4.06 4.23 4.22 4.04 4.08 4.13 4.13 4.26 4.24 4.14 4.12 4.09 4.07 4.06 4.06 4.07 4.07 4.04 3.95 3.76 3.77 4.17 4.38 4.05 3.68 3.69 3.65 3.54 3.67 3.76 4.10 4.21 3.91 3.93 4.11 4.18 4.15 4.12 4.13 4.05 3.96 3.94 3.97 3.98 4.04 4.10 4.12 4.06 3.95 3.99 4.01
3.93 3.91 3.85 3.80 3.68 3.46 3.36 3.76 4.61 5.17 5.01 4.59 4.45 4.36 4.14 4.03 4.03 3.98 4.04 4.39 4.48 4.22 4.00 3.96 4.15 4.17 4.01 4.29 4.47 4.09 3.92 4.22 4.33 4.14 4.10 4.10 4.03 4.01 4.03 4.03 4.03 4.06 4.09 4.11 4.10 4.09 4.08 4.07 4.08 4.08 4.10 4.11 3.74 3.34 3.52 3.97 4.22 4.05 3.95 4.00 3.90 3.88 3.83 3.93 4.16 4.03 3.89 3.98 4.09 4.15 4.08 4.04 4.07 4.05 4.01 4.07 4.11 4.06 4.08 4.16 4.18 4.07 4.03 4.06
3.96 3.94 3.90 3.85 3.78 3.63 3.37 3.30 3.62 4.27 4.74 4.55 4.27 4.16 4.12 4.05 4.10 4.13 4.12 4.31 4.53 4.41 4.08 3.99 4.22 4.28 3.97 4.00 4.26 4.21 3.92 3.90 4.11 4.20 4.20 4.10 4.06 4.00 3.94 3.98 4.01 4.00 4.01 4.04 4.06 4.07 4.08 4.08 4.09 4.05 3.93 4.11 4.22 3.65 3.32 3.50 3.80 4.00 4.06 4.06 3.97 3.97 4.01 3.98 4.08 4.09 3.95 3.97 4.00 4.03 4.06 4.08 4.06 4.08 4.13 4.11 4.11 4.03 3.94 3.97 4.02 4.00 3.94 3.95
3.98 3.96 3.93 3.90 3.85 3.77 3.59 3.37 3.28 3.53 4.14 4.40 4.27 4.10 4.07 4.07 4.13 4.15 4.03 4.15 4.46 4.69 4.42 3.94 4.03 4.21 4.07 4.05 4.06 4.10 4.09 4.01 3.99 4.09 4.21 4.12 4.05 4.04 4.01 4.00 4.00 3.99 3.99 4.01 4.03 4.05 4.06 4.09 4.12 4.21 4.03 3.91 4.44 4.57 4.22 4.11 4.04 3.90 3.92 4.00 3.99 3.94 3.96 3.99 4.05 4.10 4.01 4.00 4.13 4.07 4.00 4.14 4.13 4.01 4.08 4.06 4.01 4.02 3.95 3.92 3.94 3.97 3.97 3.93
4.00 3.99 3.96 3.93 3.90 3.84 3.77 3.64 3.48 3.45 3.73 4.11 4.22 4.10 4.00 3.97 4.02 4.01 3.87 3.87 4.01 4.35 4.51 4.21 4.11 4.13 4.05 4.16 4.21 4.14 4.13 4.17 4.08 4.01 4.07 4.09 4.07 4.05 4.05 4.05 4.04 4.01 4.00 4.02 4.03 4.05 4.06 4.12 4.25 4.51 4.64 4.39 4.31 4.52 4.37 4.20 4.18 4.03 3.90 3.90 3.92 3.88 3.88 3.89 3.93 4.02 4.03 4.00 4.15 4.23 4.10 4.12 4.16 3.98 3.96 4.04 4.02 4.03 4.02 3.98 3.97 3.95 3.99 4.01
4.01 4.00 3.98 3.96 3.94 3.91 3.86 3.82 3.75 3.68 3.69 3.85 4.02 4.04 3.94 3.79 3.76 3.80 3.78 3.75 3.70 3.80 4.01 4.08 4.13 4.11 3.99 3.98 4.03 4.01 3.94 3.97 4.03 4.03 4.03 4.06 4.08 4.08 4.08 4.10 4.09 4.07 4.04 4.03 4.03 4.02 4.03 4.09 4.23 4.38 4.51 4.39 4.08 4.09 4.13 4.02 4.05 4.09 4.02 3.94 3.93 3.93 3.93 3.92 3.92 3.96 3.96 3.92 3.97 4.05 4.06 4.03 4.05 4.02 3.97 4.01 4.03 4.03 4.03 4.01 3.98 3.90 3.90 4.04
4.02 4.01 4.00 3.99 3.97 3.95 3.92 3.90 3.88 3.87 3.86 3.87 3.93 3.97 3.91 3.80 3.73 3.74 3.78 3.79 3.76 3.76 3.75 3.77 3.90 3.97 3.95 3.93 3.94 3.95 3.92 3.91 4.00 4.05 4.06 4.07 4.07 4.07 4.07 4.09 4.09 4.09 4.08 4.04 4.03 4.02 3.98 3.92 3.87 3.87 4.03 4.13 4.01 4.00 4.10 4.09 4.05 4.05 4.04 4.01 4.00 4.00 3.99 3.97 3.94 3.96 3.94 3.91 3.93 3.93 3.95 3.97 3.99 3.99 3.97 4.00 4.04 4.02 4.03 4.05 4.09 4.03 3.89 3.89
4.03 4.02 4.01 4.00 3.99 3.98 3.96 3.95 3.94 3.94 3.94 3.95 3.94 3.94 3.92 3.88 3.82 3.79 3.81 3.85 3.87 3.88 3.85 3.80 3.85 3.91 3.92 3.95 3.98 4.01 4.00 3.98 4.02 4.06 4.07 4.08 4.09 4.07 4.05 4.05 4.05 4.06 4.07 4.05 4.02 4.01 3.96 3.81 3.70 3.71 3.87 4.04 4.01 3.96 3.99 4.03 4.03 4.04 4.04 4.02 4.00 4.00 4.00 3.98 3.93 3.94 3.94 3.91 3.92 3.94 3.94 3.95 3.98 3.97 3.93 3.96 4.02 4.03 4.02 4.04 4.08 4.10 3.96 3.84
4.04 4.03 4.02 4.02 4.01 4.00 3.99 3.98 3.98 3.98 3.98 3.97 3.97 3.95 3.94 3.92 3.88 3.83 3.82 3.84 3.88 3.92 3.92 3.88 3.89 3.93 3.95 3.96 3.97 4.00 4.01 4.00 4.02 4.03 4.04 4.06 4.08 4.08 4.06 4.05 4.02 4.02 4.03 4.04 4.03 3.99 3.96 3.89 3.79 3.75 3.83 3.93 3.94 3.92 3.93 3.97 3.99 3.99 3.99 3.98 3.96 3.94 3.95 3.95 3.91 3.90 3.91 3.91 3.93 3.95 3.98 4.00 4.02 4.01 3.95 3.94 3.97 3.97 3.93 3.90 3.89 3.93 3.94 3.88
4.04 4.04 4.03 4.03 4.02 4.02 4.01 4.01 4.00 4.00 4.00 4.00 3.99 3.98 3.97 3.96 3.94 3.92 3.88 3.86 3.86 3.90 3.93 3.93 3.92 3.94 3.97 3.98 3.98 4.00 4.01 4.01 4.02 4.03 4.04 4.04 4.06 4.07 4.08 4.07 4.04 4.02 4.02 4.02 4.01 3.98 3.96 3.94 3.87 3.80 3.86 3.96 3.96 3.95 3.94 3.96 3.97 3.98 3.99 3.98 3.95 3.92 3.90 3.90 3.88 3.86 3.85 3.85 3.88 3.91 3.95 3.99 4.04 4.07 4.02 3.98 3.97 3.96 3.90 3.83 3.79 3.77 3.82 3.86
4.04 4.04 4.04 4.03 4.03 4.03 4.02 4.02 4.02 4.02 4.01 4.01 4.01 4.00 3.99 3.98 3.97 3.96 3.94 3.92 3.91 3.91 3.94 3.95 3.94 3.95 3.98 4.00 4.00 4.01 4.02 4.03 4.06 4.06 4.06 4.05 4.04 4.05 4.06 4.06 4.05 4.04 4.03 4.03 4.02 4.01 3.99 3.97 3.92 3.87 3.89 3.96 3.99 3.99 3.99 4.00 4.00 3.99 4.00 3.99 3.95 3.90 3.85 3.81 3.77 3.75 3.78 3.85 3.90 3.93 3.98 3.99 3.98 3.99 3.97 3.94 3.92 3.89 3.80 3.73 3.78 3.83 3.85 3.97
4.05 4.04 4.04 4.04 4.04 4.03 4.03 4.03 4.03 4.03 4.02 4.02 4.02 4.02 4.01 4.00 3.99 3.99 3.97 3.95 3.95 3.94 3.95 3.95 3.95 3.96 3.98 3.99 4.00 4.01 4.01 4.02 4.05 4.07 4.07 4.05 4.03 4.03 4.03 4.04 4.05 4.05 4.04 4.04 4.03 4.02 4.01 3.99 3.96 3.91 3.92 3.99 4.02 4.01 4.01 3.99 3.99 3.99 3.99 4.00 3.99 3.98 4.04 4.06 4.02 3.95 3.91 4.00 4.11 4.08 4.04 4.03 4.00 3.96 3.92 3.88 3.92 4.05 4.10 4.09 4.14 4.18 4.09 4.07
4.05 4.05 4.05 4.04 4.04 4.04 4.04 4.04 4.03 4.03 4.03 4.03 4.03 4.02 4.02 4.01 4.01 4.00 3.99 3.97 3.97 3.97 3.97 3.97 3.96 3.97 3.99 4.00 4.00 4.00 4.01 4.00 4.00 4.03 4.05 4.04 4.03 4.03 4.04 4.04 4.05 4.05 4.04 4.03 4.02 4.01 4.01 4.00 3.98 3.95 3.94 4.00 4.04 4.04 4.05 4.03 3.98 3.99 4.04 4.11 4.24 4.31 4.43 4.58 4.64 4.55 4.30 4.11 4.12 4.11 4.08 4.08 4.08 4.06 4.07 4.13 4.25 4.51 4.69 4.68 4.60 4.55 4.41 4.19
4.05 4.05 4.05 4.05 4.04 4.04 4.04 4.04 4.04 4.04 4.04 4.04 4.03 4.03 4.03 4.03 4.02 4.02 4.01 3.99 3.98 3.98 3.98 3.98 3.97 3.97 3.98 3.99 4.00 3.99 3.99 4.00 3.99 4.01 4.03 4.03 4.03 4.04 4.04 4.02 4.04 4.04 4.04 4.04 4.03 4.02 4.01 4.01 4.00 3.98 3.97 4.01 4.03 4.05 4.12 4.17 4.14 4.12 4.19 4.29 4.43 4.44 4.36 4.39 4.47 4.52 4.39 4.14 4.04 4.05 4.07 4.13 4.23 4.27 4.33 4.40 4.37 4.34 4.39 4.45 4.50 4.56 4.63 4.55
4.05 4.05 4.05 4.05 4.05 4.05 4.05 4.04 4.04 4.04 4.04 4.04 4.04 4.04 4.03 4.03 4.03 4.02 4.02 4.01 4.00 4.00 4.00 3.99 3.98 3.98 3.99 3.99 4.00 4.00 4.00 4.01 4.00 4.00 4.02 4.03 4.03 4.04 4.04 4.02 4.03 4.04 4.04 4.05 4.05 4.04 4.03 4.02 4.01 3.99 3.98 4.01 4.03 4.05 4.10 4.21 4.28 4.26 4.20 4.15 4.16 4.15 4.03 3.95 3.98 4.06 4.11 4.08 4.05 4.07 4.07 4.12 4.27 4.34 4.30 4.18 4.05 3.94 3.93 3.98 4.04 4.09 4.24 4.41
4.05 4.05 4.05 4.05 4.05 4.05 4.05 4.05 4.05 4.05 4.04 4.04 4.04 4.04 4.04 4.04 4.04 4.03 4.03 4.02 4.01 4.02 4.03 4.02 3.99 3.99 3.99 3.98 3.98 3.97 3.98 4.00 4.00 4.00 4.02 4.04 4.04 4.05 4.05 4.05 4.04 4.04 4.03 4.03 4.04 4.04 4.03 4.03 4.02 3.99 3.98 3.98 3.97 3.93 3.91 3.98 4.09 4.14 4.03 3.89 3.86 3.90 3.90 3.89 3.92 3.97 4.01 4.03 4.04 4.08 4.08 4.02 4.01 4.00 3.97 3.93 3.88 3.83 3.78 3.76 3.77 3.75 3.72 3.81
4.05 4.05 4.05 4.05 4.05 4.05 4.05 4.05 4.05 4.05 4.05 4.05 4.05 4.04 4.04 4.04 4.04 4.04 4.03 4.03 4.02 4.01 4.02 4.02 4.01 4.01 4.01 4.02 4.02 4.00 3.98 4.00 4.02 4.04 4.03 4.04 4.05 4.05 4.06 4.05 4.04 4.04 4.03 4.02 4.02 4.02 4.02 4.02 4.02 4.01 4.00 4.00 3.94 3.84 3.79 3.79 3.85 3.94 3.96 3.90 3.88 3.90 3.91 3.93 3.97 4.01 4.03 4.03 4.00 3.99 4.01 3.95 3.87 3.83 3.83 3.87 3.88 3.83 3.76 3.72 3.73 3.76 3.72 3.63
4.05 4.05 4.05 4.05 4.05 4.05 4.05 4.05 4.05 4.05 4.05 4.05 4.05 4.05 4.05 4.04 4.04 4.04 4.04 4.03 4.02 4.02 4.03 4.03 4.02 4.02 4.02 4.04 4.09 4.10 4.07 4.05 4.04 4.05 4.04 4.04 4.04 4.05 4.05 4.05 4.05 4.04 4.04 4.03 4.02 4.02 4.02 4.02 4.01 4.01 4.03 4.13 4.20 4.12 4.03 3.99 3.95 3.93 3.96 3.97 3.95 3.94 3.95 3.98 4.00 4.00 4.01 4.02 4.00 3.95 3.94 3.93 3.93 3.93 3.89 3.83 3.81 3.77 3.69 3.68 3.67 3.66 3.73 3.71
4.05 4.05 4.05 4.05 4.05 4.05 4.05 4.05 4.05 4.05 4.05 4.05 4.05 4.05 4.05 4.05 4.04 4.04 4.04 4.04 4.03 4.04 4.05 4.05 4.03 4.03 4.02 4.01 4.03 4.06 4.06 4.06 4.05 4.05 4.05 4.05 4.05 4.05 4.05 4.06 4.06 4.06 4.06 4.04 4.03 4.03 4.02 4.02 4.01 4.00 3.99 4.10 4.28 4.31 4.18 4.11 4.08 4.00 3.97 3.99 3.98 3.98 3.98 4.00 4.01 4.02 4.03 4.03 4.03 4.03 4.05 4.02 4.03 4.05 4.02 3.92 3.86 3.81 3.62 3.52 3.54 3.56 3.73 4.00
4.05 4.05 4.05 4.05 4.05 4.05 4.05 4.05 4.05 4.05 4.05 4.05 4.05 4.05 4.05 4.05 4.05 4.04 4.04 4.04 4.03 4.03 4.04 4.06 4.06 4.05 4.04 4.03 4.02 4.03 4.05 4.05 4.06 4.06 4.06 4.06 4.06 4.06 4.06 4.06 4.06 4.06 4.06 4.05 4.04 4.04 4.03 4.02 4.02 4.00 3.93 3.88 3.95 4.03 4.02 3.98 4.01 4.02 4.00 4.01 4.02 4.01 4.01 4.02 4.02 4.03 4.03 4.02 4.01 4.01 4.07 4.05 4.01 4.07 4.13 4.08 4.08 4.04 3.87 3.73 3.69 3.78 3.87 4.20
4.05 4.05 4.05 4.05 4.05 4.05 4.05 4.05 4.05 4.05 4.05 4.05 4.05 4.05 4.05 4.05 4.05 4.05 4.04 4.04 4.04 4.03 4.03 4.05 4.06 4.05 4.04 4.04 4.04 4.05 4.05 4.06 4.06 4.06 4.05 4.05 4.06 4.05 4.05 4.05 4.05 4.05 4.06 4.05 4.04 4.04 4.03 4.03 4.01 3.99 3.94 3.87 3.86 3.91 3.95 3.97 3.99 4.02 4.03 4.04 4.06 4.06 4.05 4.04 4.02 4.03 4.03 4.00 3.96 3.93 3.93 3.97 3.97 4.11 4.32 4.37 4.54 4.56 4.40 4.36 4.29 4.22 4.14 4.17
4.05 4.05 4.05 4.05 4.05 4.05 4.05 4.05 4.05 4.05 4.05 4.05 4.05 4.05 4.05 4.05 4.05 4.05 4.05 4.04 4.04 4.03 4.02 4.03 4.05 4.05 4.04 4.04 4.04 4.04 4.04 4.04 4.05 4.05 4.05 4.05 4.05 4.05 4.05 4.05 4.04 4.05 4.06 4.05 4.05 4.04 4.03 4.02 4.02 4.00 3.98 3.97 3.96 3.97 3.99 4.00 4.00 4.02 4.02 4.02 4.05 4.07 4.07 4.06 4.03 4.01 4.01 4.00 3.97 3.95 3.94 3.95 3.86 3.92 4.24 4.38 4.58 4.82 4.71 4.40 4.24 4.12 3.98 3.89
4.05 4.05 4.05 4.05 4.05 4.05 4.05 4.05 4.05 4.05 4.05 4.05 4.05 4.05 4.05 4.05 4.05 4.05 4.05 4.04 4.04 4.04 4.03 4.03 4.05 4.06 4.04 4.04 4.04 4.04 4.04 4.04 4.04 4.05 4.05 4.05 4.05 4.04 4.05 4.05 4.05 4.04 4.05 4.06 4.05 4.04 4.04 4.03 4.03 4.02 4.00 3.99 3.99 4.00 4.01 4.01 4.01 4.01 4.02 4.00 3.99 4.01 4.03 4.05 4.04 4.02 4.02 4.02 4.00 3.99 3.96 3.99 3.89 3.64 3.63 3.75 3.86 4.14 4.33 4.06 3.83 3.76 3.66 3.52
4.05 4.05 4.05 4.05 4.05 4.05 4.05 4.05 4.05 4.05 4.05 4.05 4.05 4.05 4.05 4.05 4.05 4.05 4.05 4.05 4.04 4.04 4.03 4.03 4.04 4.06 4.04 4.03 4.04 4.04 4.04 4.04 4.04 4.04 4.05 4.05 4.05 4.05 4.04 4.05 4.05 4.05 4.05 4.05 4.06 4.05 4.05 4.03 4.03 4.03 4.02 4.02 4.01 4.01 4.02 4.02 4.02 4.02 4.03 4.02 4.01 4.02 4.02 4.04 4.05 4.04 4.03 4.04 4.03 4.04 3.99 3.93 3.92 3.76 3.54 3.43 3.40 3.66 4.05 3.93 3.77 3.85 3.94 3.81
4.05 4.05 4.05 4.05 4.05 4.05 4.05 4.05 4.05 4.05 4.05 4.05 4.05 4.05 4.05 4.05 4.05 4.05 4.05 4.05 4.05 4.04 4.04 4.03 4.03 4.06 4.05 4.04 4.05 4.05 4.05 4.05 4.05 4.05 4.05 4.06 4.06 4.06 4.05 4.05 4.05 4.04 4.04 4.04 4.04 4.05 4.05 4.04 4.04 4.03 4.03 4.03 4.02 4.02 4.02 4.02 4.03 4.03 4.03 4.04 4.04 4.04 4.03 4.03 4.03 4.05 4.06 4.06 4.05 4.07 4.03 3.81 3.66 3.69 3.76 3.68 3.51 3.69 4.23 4.27 3.95 3.94 4.05 4.08
4.05 4.05 4.05 4.05 4.05 4.05 4.05 4.05 4.05 4.05 4.05 4.05 4.05 4.05 4.05 4.05 4.05 4.05 4.05 4.05 4.05 4.04 4.04 4.03 4.04 4.06 4.06 4.04 4.04 4.06 4.05 4.05 4.05 4.05 4.06 4.06 4.06 4.06 4.06 4.05 4.05 4.05 4.05 4.05 4.04 4.04 4.04 4.04 4.04 4.04 4.03 4.03 4.03 4.03 4.03 4.03 4.03 4.03 4.03 4.03 4.04 4.05 4.05 4.05 4.04 4.02 3.97 3.97 4.03 4.15 4.24 3.99 3.38 2.99 3.23 3.69 3.77 3.77 4.23 4.64 4.46 4.25 4.14 4.12
4.05 4.05 4.05 4.05 4.05 4.05 4.05 4.05 4.05 4.05 4.05 4.05 4.05 4.05 4.05 4.05 4.05 4.05 4.05 4.05 4.05 4.05 4.04 4.04 4.03 4.06 4.07 4.04 4.03 4.05 4.05 4.05 4.05 4.04 4.05 4.05 4.05 4.05 4.06 4.05 4.05 4.05 4.05 4.05 4.06 4.05 4.04 4.04 4.04 4.04 4.03 4.03 4.03 4.03 4.03 4.03 4.02 4.03 4.04 4.04 4.04 4.05 4.05 4.05 4.06 4.10 4.05 3.90 3.92 4.10 4.68 5.01 4.32 3.39 3.19 3.59 3.78 3.62 3.78 4.20 4.37 4.32 4.22 4.15
4.05 4.05 4.05 4.05 4.05 4.05 4.05 4.05 4.05 4.05 4.05 4.05 4.05 4.05 4.05 4.05 4.05 4.05 4.05 4.05 4.05 4.05 4.04 4.04 4.03 4.04 4.07 4.05 4.04 4.04 4.04 4.04 4.04 4.04 4.04 4.05 4.05 4.05 4.05 4.05 4.05 4.05 4.05 4.05 4.05 4.05 4.05 4.05 4.04 4.04 4.03 4.03 4.03 4.03 4.03 4.03 4.03 4.03 4.04 4.04 4.03 4.03 4.04 4.05 4.04 4.14 4.21 3.97 3.79 3.68 4.12 5.11 5.49 5.27 4.68 4.35 4.19 3.82 3.70 3.84 3.97 4.02 4.03 4.03
4.05 4.05 4.05 4.05 4.05 4.05 4.05 4.05 4.05 4.05 4.05 4.05 4.05 4.05 4.05 4.05 4.05 4.05 4.05 4.05 4.05 4.05 4.05 4.04 4.03 4.04 4.08 4.07 4.04 4.05 4.05 4.05 4.05 4.05 4.04 4.05 4.05 4.05 4.06 4.06 4.05 4.05 4.05 4.04 4.04 4.04 4.04 4.04 4.04 4.04 4.04 4.03 4.03 4.03 4.04 4.03 4.03 4.03 4.03 4.05 4.06 4.06 4.04 4.01 3.96 3.94 4.11 4.05 3.74 3.34 3.16 3.55 4.29 4.92 4.97 4.71 4.44 4.10 3.90 3.88 3.91 3.92 3.90 3.90
4.05 4.05 4.05 4.05 4.05 4.05 4.05 4.05 4.05 4.05 4.05 4.05 4.05 4.05 4.05 4.05 4.05 4.05 4.05 4.05 4.05 4.05 4.05 4.04 4.03 4.03 4.05 4.07 4.05 4.04 4.05 4.06 4.06 4.06 4.05 4.05 4.05 4.05 4.05 4.06 4.05 4.05 4.05 4.05 4.05 4.05 4.04 4.04 4.04 4.04 4.04 4.04 4.03 4.03 4.04 4.04 4.03 4.03 4.03 4.05 4.07 4.11 4.17 4.12 4.05 4.01 4.08 4.19 3.96 3.48 3.25 3.32 3.52 3.84 4.09 4.26 4.27 4.08 4.00 3.98 3.96 3.95 3.91 3.87
4.05 4.05 4.05 4.05 4.05 4.05 4.05 4.05 4.05 4.05 4.05 4.05 4.05 4.05 4.05 4.05 4.05 4.05 4.05 4.05 4.05 4.05 4.05 4.04 4.04 4.02 4.03 4.06 4.05 4.04 4.04 4.05 4.05 4.06 4.05 4.04 4.05 4.05 4.04 4.05 4.06 4.06 4.05 4.05 4.06 4.05 4.05 4.05 4.05 4.05 4.05 4.04 4.04 4.03 4.04 4.04 4.04 4.04 4.03 4.03 4.04 4.05 4.18 4.29 4.25 4.15 4.14 4.39 4.58 4.26 3.82 3.72 3.71 3.68 3.74 3.95 4.16 4.11 4.02 4.00 3.99 4.00 3.99 3.91
4.05 4.05 4.05 4.05 4.05 4.05 4.05 4.05 4.05 4.05 4.05 4.05 4.05 4.05 4.05 4.05 4.05 4.05 4.05 4.05 4.05 4.05 4.05 4.04 4.04 4.03 4.03 4.05 4.06 4.05 4.04 4.04 4.05 4.05 4.05 4.05 4.05 4.05 4.05 4.05 4.06 4.06 4.06 4.05 4.06 4.06 4.05 4.05 4.05 4.06 4.06 4.05 4.04 4.04 4.04 4.04 4.04 4.05 4.04 3.99 3.95 3.99 4.07 4.25 4.50 4.51 4.44 4.62 4.89 4.90 4.50 4.03 3.86 3.84 3.76 3.76 3.90 4.04 4.10 4.09 4.10 4.13 4.10 3.99
4.05 4.05 4.05 4.05 4.05 4.05 4.05 4.05 4.05 4.05 4.05 4.05 4.05 4.05 4.05 4.05 4.05 4.05 4.05 4.05 4.05 4.05 4.05 4.05 4.04 4.04 4.03 4.03 4.05 4.05 4.04 4.04 4.05 4.06 4.05 4.05 4.05 4.05 4.05 4.05 4.06 4.06 4.06 4.06 4.06 4.06 4.06 4.05 4.05 4.06 4.06 4.05 4.05 4.04 4.04 4.03 4.03 4.03 4.11 4.10 3.95 3.99 4.09 4.14 4.42 4.57 4.29 4.06 4.09 4.36 4.64 4.56 4.34 4.30 4.20 4.06 3.98 3.98 4.18 4.23 4.15 4.20 4.31 4.31
4.05 4.05 4.05 4.05 4.05 4.05 4.05 4.05 4.05 4.05 4.05 4.05 4.05 4.05 4.05 4.05 4.05 4.05 4.05 4.05 4.05 4.05 4.05 4.05 4.05 4.04 4.04 4.03 4.04 4.06 4.05 4.04 4.05 4.07 4.05 4.04 4.05 4.06 4.05 4.05 4.06 4.06 4.06 4.05 4.06 4.06 4.06 4.05 4.04 4.05 4.06 4.06 4.05 4.04 4.04 4.04 4.04 4.01 4.08 4.22 4.09 3.95 3.97 3.91 3.90 4.01 3.88 3.70 3.61 3.61 3.94 4.37 4.42 4.42 4.47 4.42 4.29 4.04 3.99 4.08 4.02 3.98 4.14 4.28
4.05 4.05 4.05 4.05 4.05 4.05 4.05 4.05 4.05 4.05 4.05 4.05 4.05 4.05 4.05 4.05 4.05 4.05 4.05 4.05 4.05 4.05 4.05 4.05 4.05 4.05 4.04 4.04 4.04 4.06 4.07 4.05 4.05 4.05 4.05 4.05 4.05 4.05 4.05 4.05 4.05 4.05 4.05 4.05 4.05 4.05 4.06 4.05 4.04 4.04 4.04 4.05 4.04 4.04 4.04 4.04 4.04 3.98 3.93 4.01 3.98 3.79 3.63 3.64 3.84 4.02 4.07 4.06 4.07 3.92 3.77 4.01 4.21 4.18 4.16 4.13 4.12 4.03 3.95 3.98 3.97 3.91 3.86 3.80
4.05 4.05 4.05 4.05 4.05 4.05 4.05 4.05 4.05 4.05 4.05 4.05 4.05 4.05 4.05 4.05 4.05 4.05 4.05 4.05 4.05 4.05 4.05 4.05 4.05 4.05 4.04 4.04 4.03 4.03 4.05 4.05 4.06 4.06 4.05 4.05 4.05 4.05 4.05 4.04 4.04 4.05 4.05 4.05 4.05 4.05 4.05 4.06 4.05 4.05 4.05 4.05 4.05 4.04 4.04 4.03 4.01 3.98 3.94 3.96 3.99 3.91 3.71 3.63 3.82 4.00 4.09 4.12 4.25 4.29 4.08 4.08 4.29 4.38 4.34 4.25 4.13 4.10 4.11 4.05 3.96 4.00 3.98 3.75
4.05 4.05 4.05 4.05 4.05 4.05 4.05 4.05 4.05 4.05 4.05 4.05 4.05 4.05 4.05 4.05 4.05 4.05 4.05 4.05 4.05 4.05 4.05 4.05 4.05 4.05 4.05 4.04 4.04 4.03 4.03 4.04 4.05 4.07 4.07 4.06 4.05 4.04 4.05 4.05 4.05 4.05 4.05 4.05 4.05 4.05 4.05 4.05 4.06 4.06 4.06 4.06 4.05 4.04 4.04 4.03 4.01 4.00 4.01 4.05 4.18 4.26 4.17 4.02 3.88 3.82 3.90 3.92 3.96 4.01 3.85 3.82 4.07 4.30 4.47 4.60 4.49 4.28 4.22 4.25 4.06 3.93 3.87 3.65
