windninja/SE045_results/maria_elevation_tif_point_11-01-2019_0500_500m_vel.asc
ncols	128
nrows	92
xllcorner	280654.681342
yllcorner	3772085.885776
cellsize	500.000000
NODATA_value	-32768.000000
[rows 38 to 75 of 92, columns 0 to 83 of 128]
6.70 6.64 6.42 6.19 5.83 5.71 7.12 9.02 8.69 7.47 7.17 7.08 6.82 6.63 6.70 6.86 6.78 6.75 7.06 7.26 6.76 7.01 7.18 6.64 7.06 7.25 7.37 7.28 6.91 6.79 6.90 7.39 7.26 7.24 7.55 7.31 6.98 7.29 7.37 7.63 7.75 7.24 7.18 7.23 7.13 7.13 7.13 7.14 7.16 7.16 7.10 7.10 6.91 7.01 7.53 7.33 6.72 6.81 7.05 6.62 6.58 6.91 7.15 7.74 7.34 6.76 7.13 7.37 7.35 7.32 7.49 7.38 7.23 7.35 7.23 7.04 7.13 7.16 7.05 7.11 6.96 6.88 7.02 7.03
6.82 6.78 6.64 6.51 6.13 5.63 6.13 8.01 9.29 8.77 7.88 7.58 7.59 7.17 6.75 6.83 6.85 6.76 7.16 7.77 7.39 7.08 6.96 6.64 6.96 7.01 6.98 7.44 7.22 6.54 6.81 7.61 7.42 7.13 7.54 7.49 7.05 7.21 7.29 7.30 7.57 7.45 7.27 7.25 7.20 7.17 7.16 7.16 7.18 7.20 7.15 7.03 6.59 6.47 7.24 7.67 7.14 6.51 6.62 6.59 6.39 6.63 6.73 7.43 7.60 6.89 6.96 7.29 7.45 7.42 7.32 7.29 7.16 7.05 6.98 7.04 7.09 7.13 7.19 7.26 7.17 6.92 7.05 7.10
6.89 6.85 6.76 6.65 6.43 6.00 5.78 6.59 8.21 9.19 8.86 8.03 7.78 7.58 7.12 6.94 7.01 6.91 7.01 7.73 7.98 7.50 7.00 6.81 7.25 7.39 6.90 7.52 7.94 7.10 6.75 7.48 7.68 7.30 7.37 7.33 7.12 7.09 7.16 7.18 7.21 7.21 7.22 7.25 7.23 7.21 7.19 7.18 7.20 7.20 7.25 7.35 6.71 5.83 6.15 7.06 7.51 7.10 6.92 7.08 6.85 6.87 6.82 7.05 7.51 7.17 6.86 7.07 7.31 7.44 7.26 7.17 7.24 7.16 7.05 7.16 7.24 7.11 7.15 7.32 7.35 7.13 7.10 7.16
6.96 6.93 6.86 6.77 6.63 6.35 5.87 5.80 6.48 7.72 8.63 8.19 7.60 7.32 7.16 7.00 7.08 7.11 7.00 7.52 8.13 7.91 7.13 6.75 7.34 7.60 6.85 7.06 7.63 7.42 6.84 6.95 7.35 7.46 7.54 7.30 7.20 7.11 7.05 7.13 7.15 7.10 7.10 7.15 7.17 7.19 7.18 7.19 7.22 7.23 7.01 7.28 7.52 6.41 5.82 6.33 6.87 7.03 7.10 7.18 6.98 6.98 7.10 7.09 7.32 7.30 6.96 7.04 7.19 7.25 7.19 7.25 7.23 7.14 7.21 7.20 7.25 7.11 6.96 7.06 7.15 7.10 6.99 7.00
7.00 6.98 6.92 6.87 6.77 6.63 6.31 5.97 5.90 6.48 7.68 8.04 7.65 7.21 7.09 6.99 7.09 7.13 6.87 7.26 7.92 8.32 7.72 6.69 7.10 7.51 7.07 7.20 7.27 7.28 7.21 7.10 7.10 7.30 7.56 7.36 7.22 7.21 7.15 7.13 7.12 7.06 7.06 7.09 7.12 7.15 7.15 7.19 7.26 7.49 7.18 6.79 7.70 7.86 7.12 7.10 7.10 6.86 6.94 7.11 7.04 6.94 7.05 7.11 7.21 7.31 7.08 7.07 7.39 7.28 7.04 7.34 7.31 6.98 7.17 7.20 7.13 7.15 7.01 6.98 7.03 7.07 7.04 6.96
7.05 7.03 6.98 6.94 6.87 6.78 6.65 6.46 6.23 6.28 6.88 7.53 7.58 7.24 6.97 6.79 6.93 7.01 6.75 6.87 7.11 7.74 7.95 7.24 7.25 7.35 7.09 7.36 7.45 7.30 7.28 7.36 7.26 7.20 7.34 7.33 7.26 7.23 7.21 7.20 7.16 7.09 7.07 7.08 7.11 7.12 7.13 7.18 7.35 7.80 8.02 7.42 7.33 7.84 7.55 7.31 7.38 7.13 6.91 6.93 6.96 6.92 6.94 6.96 7.02 7.17 7.13 7.03 7.37 7.48 7.18 7.29 7.36 7.00 7.01 7.19 7.14 7.17 7.14 7.07 7.06 7.01 7.05 7.11
7.07 7.06 7.03 6.99 6.95 6.90 6.83 6.77 6.68 6.61 6.68 6.99 7.23 7.17 6.89 6.60 6.63 6.75 6.73 6.73 6.64 6.87 7.20 7.18 7.35 7.31 7.06 7.10 7.21 7.17 7.02 7.11 7.25 7.25 7.25 7.27 7.27 7.26 7.24 7.26 7.24 7.18 7.12 7.09 7.10 7.08 7.04 7.04 7.19 7.47 7.85 7.66 7.09 7.26 7.37 7.16 7.22 7.28 7.12 6.99 7.00 7.00 7.01 6.99 6.98 7.06 7.02 6.94 7.07 7.19 7.20 7.17 7.22 7.13 7.02 7.13 7.17 7.17 7.16 7.13 7.12 6.93 6.86 7.11
7.10 7.09 7.06 7.04 7.01 6.98 6.95 6.92 6.90 6.90 6.89 6.93 7.01 7.04 6.90 6.71 6.62 6.65 6.75 6.79 6.74 6.77 6.74 6.75 7.03 7.14 7.06 7.05 7.08 7.10 7.02 7.00 7.19 7.28 7.26 7.26 7.25 7.23 7.22 7.23 7.22 7.21 7.18 7.12 7.09 7.06 6.93 6.73 6.67 6.78 7.20 7.42 7.13 7.12 7.33 7.28 7.20 7.22 7.18 7.10 7.09 7.10 7.10 7.06 7.00 7.05 7.01 6.94 7.01 7.01 7.06 7.09 7.12 7.11 7.02 7.09 7.18 7.16 7.15 7.19 7.28 7.15 6.83 6.89
7.11 7.11 7.09 7.07 7.06 7.04 7.02 7.01 7.00 7.00 7.01 7.02 7.00 6.98 6.94 6.87 6.76 6.71 6.79 6.86 6.89 6.94 6.87 6.78 6.91 7.02 7.03 7.07 7.11 7.17 7.13 7.08 7.17 7.26 7.26 7.27 7.27 7.23 7.19 7.18 7.16 7.16 7.18 7.16 7.09 7.04 6.91 6.65 6.50 6.56 6.93 7.27 7.16 7.06 7.14 7.21 7.19 7.18 7.18 7.14 7.10 7.10 7.13 7.08 6.99 7.02 7.01 6.96 6.99 7.03 7.03 7.03 7.10 7.08 6.95 7.01 7.16 7.16 7.13 7.14 7.24 7.28 7.01 6.85
7.13 7.13 7.11 7.10 7.09 7.08 7.06 7.06 7.05 7.06 7.06 7.05 7.03 7.00 6.98 6.94 6.87 6.80 6.78 6.82 6.89 6.99 6.99 6.91 6.94 7.03 7.06 7.07 7.09 7.14 7.14 7.12 7.16 7.20 7.21 7.23 7.26 7.24 7.21 7.17 7.12 7.11 7.13 7.14 7.11 7.02 6.95 6.84 6.65 6.59 6.84 7.09 7.08 7.02 7.04 7.10 7.13 7.11 7.12 7.10 7.05 7.03 7.07 7.07 6.98 6.96 6.97 6.95 6.99 7.03 7.07 7.09 7.15 7.13 6.99 6.99 7.08 7.09 7.02 6.98 6.97 7.05 7.08 6.95
7.14 7.14 7.13 7.12 7.11 7.10 7.10 7.09 7.09 7.09 7.08 7.08 7.07 7.05 7.04 7.01 6.98 6.94 6.88 6.85 6.86 6.93 7.00 6.98 6.96 7.01 7.08 7.08 7.09 7.13 7.14 7.14 7.17 7.19 7.19 7.19 7.21 7.23 7.23 7.22 7.15 7.11 7.11 7.11 7.09 7.02 6.99 6.95 6.80 6.68 6.86 7.10 7.09 7.06 7.05 7.06 7.09 7.09 7.12 7.11 7.07 7.03 7.02 7.01 6.96 6.91 6.88 6.87 6.92 6.95 6.99 7.07 7.16 7.20 7.11 7.07 7.09 7.10 7.03 6.92 6.86 6.83 6.90 6.97
7.15 7.15 7.14 7.13 7.13 7.12 7.12 7.11 7.11 7.11 7.11 7.10 7.09 7.08 7.07 7.05 7.03 7.01 6.97 6.94 6.93 6.94 6.99 7.01 7.00 7.02 7.08 7.10 7.11 7.13 7.13 7.16 7.21 7.22 7.21 7.19 7.18 7.20 7.20 7.21 7.18 7.14 7.13 7.12 7.10 7.07 7.04 7.00 6.90 6.79 6.88 7.09 7.12 7.11 7.10 7.11 7.12 7.11 7.13 7.15 7.10 7.04 6.98 6.90 6.85 6.77 6.75 6.83 6.92 6.94 7.01 7.07 7.08 7.10 7.08 7.04 7.05 7.08 6.97 6.79 6.83 6.90 6.87 7.05
7.15 7.15 7.15 7.14 7.14 7.14 7.13 7.13 7.13 7.13 7.12 7.12 7.11 7.11 7.09 7.08 7.07 7.05 7.02 6.99 6.99 6.98 7.00 7.01 7.00 7.02 7.08 7.09 7.10 7.12 7.12 7.13 7.20 7.24 7.23 7.20 7.17 7.16 7.17 7.16 7.17 7.17 7.14 7.13 7.11 7.09 7.07 7.04 6.98 6.88 6.92 7.10 7.15 7.13 7.13 7.11 7.10 7.12 7.14 7.18 7.18 7.15 7.21 7.24 7.19 7.03 6.85 6.95 7.17 7.13 7.12 7.15 7.13 7.10 7.05 6.98 7.05 7.31 7.35 7.21 7.25 7.37 7.16 7.11
7.16 7.16 7.15 7.15 7.15 7.15 7.14 7.14 7.14 7.14 7.14 7.13 7.13 7.12 7.11 7.10 7.09 7.08 7.05 7.03 7.02 7.03 7.04 7.04 7.01 7.02 7.07 7.09 7.10 7.11 7.12 7.11 7.11 7.18 7.21 7.20 7.16 7.17 7.17 7.15 7.17 7.17 7.14 7.13 7.11 7.08 7.08 7.06 7.03 6.95 6.94 7.09 7.16 7.17 7.20 7.19 7.10 7.11 7.19 7.29 7.47 7.49 7.62 7.90 8.02 7.89 7.42 7.09 7.20 7.23 7.20 7.23 7.28 7.25 7.24 7.25 7.34 7.77 8.05 7.99 7.91 7.90 7.69 7.32
7.16 7.16 7.16 7.16 7.15 7.15 7.15 7.15 7.15 7.15 7.14 7.14 7.14 7.13 7.13 7.12 7.11 7.10 7.09 7.06 7.04 7.04 7.05 7.05 7.03 7.03 7.07 7.08 7.10 7.09 7.10 7.11 7.09 7.13 7.19 7.18 7.16 7.18 7.16 7.12 7.15 7.16 7.14 7.14 7.13 7.10 7.08 7.08 7.05 6.99 6.99 7.09 7.13 7.16 7.28 7.38 7.32 7.25 7.32 7.40 7.63 7.64 7.48 7.59 7.81 7.94 7.69 7.25 7.13 7.18 7.17 7.26 7.47 7.49 7.48 7.53 7.43 7.45 7.62 7.71 7.81 7.92 8.07 7.92
7.16 7.16 7.16 7.16 7.16 7.16 7.16 7.16 7.15 7.15 7.15 7.15 7.15 7.14 7.14 7.13 7.12 7.12 7.11 7.09 7.07 7.08 7.09 7.06 7.04 7.05 7.07 7.08 7.10 7.09 7.11 7.13 7.10 7.12 7.17 7.16 7.16 7.18 7.16 7.12 7.13 7.15 7.14 7.15 7.16 7.13 7.11 7.10 7.07 7.01 7.01 7.08 7.11 7.12 7.21 7.39 7.49 7.42 7.28 7.15 7.26 7.30 7.11 7.04 7.15 7.34 7.37 7.24 7.16 7.18 7.14 7.18 7.45 7.53 7.41 7.27 7.11 6.97 6.97 7.05 7.17 7.23 7.46 7.74
7.16 7.16 7.16 7.16 7.16 7.16 7.16 7.16 7.16 7.16 7.15 7.15 7.15 7.15 7.14 7.14 7.14 7.13 7.12 7.10 7.09 7.10 7.13 7.11 7.06 7.06 7.07 7.07 7.08 7.06 7.07 7.11 7.11 7.12 7.14 7.16 7.17 7.18 7.18 7.15 7.15 7.15 7.13 7.13 7.14 7.13 7.12 7.12 7.08 7.03 7.02 7.05 7.03 6.96 6.91 7.00 7.19 7.30 7.12 6.87 6.90 7.00 6.99 6.99 7.07 7.16 7.19 7.16 7.12 7.17 7.15 7.02 7.05 7.07 7.04 7.03 6.96 6.86 6.78 6.76 6.80 6.76 6.71 6.87
7.17 7.17 7.16 7.16 7.16 7.16 7.16 7.16 7.16 7.16 7.16 7.16 7.15 7.15 7.15 7.15 7.14 7.14 7.13 7.12 7.10 7.09 7.12 7.12 7.09 7.10 7.10 7.12 7.15 7.10 7.07 7.09 7.13 7.16 7.15 7.15 7.17 7.18 7.18 7.16 7.15 7.15 7.13 7.11 7.11 7.11 7.10 7.10 7.08 7.05 7.06 7.10 7.06 6.88 6.72 6.71 6.84 7.04 7.07 6.96 6.94 6.98 7.01 7.04 7.11 7.16 7.17 7.15 7.05 7.02 7.08 7.00 6.91 6.87 6.88 6.96 6.97 6.91 6.80 6.72 6.71 6.78 6.75 6.64
7.17 7.17 7.16 7.16 7.16 7.16 7.16 7.16 7.16 7.16 7.16 7.16 7.16 7.16 7.15 7.15 7.15 7.14 7.14 7.13 7.11 7.11 7.13 7.13 7.10 7.11 7.11 7.13 7.23 7.24 7.19 7.16 7.15 7.17 7.16 7.15 7.16 7.17 7.17 7.17 7.16 7.16 7.15 7.12 7.11 7.10 7.10 7.09 7.07 7.06 7.07 7.26 7.45 7.26 7.03 6.99 6.99 6.99 7.06 7.07 7.04 7.03 7.05 7.10 7.12 7.13 7.12 7.12 7.05 6.98 7.03 7.02 7.01 7.03 6.98 6.91 6.92 6.89 6.71 6.66 6.66 6.65 6.80 6.83
7.17 7.17 7.17 7.17 7.16 7.16 7.16 7.16 7.16 7.16 7.16 7.16 7.16 7.16 7.16 7.15 7.15 7.15 7.14 7.14 7.12 7.13 7.16 7.16 7.14 7.12 7.11 7.09 7.14 7.19 7.19 7.18 7.17 7.17 7.17 7.17 7.17 7.17 7.17 7.17 7.18 7.19 7.18 7.15 7.13 7.12 7.10 7.10 7.07 7.04 6.97 7.14 7.52 7.54 7.29 7.21 7.23 7.10 7.06 7.10 7.08 7.08 7.09 7.11 7.13 7.14 7.14 7.12 7.09 7.11 7.19 7.12 7.13 7.21 7.23 7.08 7.04 7.03 6.64 6.47 6.50 6.47 6.68 7.23
7.17 7.17 7.17 7.17 7.17 7.17 7.17 7.16 7.16 7.16 7.16 7.16 7.16 7.16 7.16 7.16 7.16 7.15 7.15 7.14 7.12 7.11 7.15 7.17 7.18 7.16 7.13 7.12 7.12 7.14 7.17 7.17 7.18 7.18 7.17 7.17 7.18 7.18 7.17 7.17 7.18 7.19 7.18 7.17 7.15 7.13 7.12 7.10 7.08 7.04 6.89 6.82 7.02 7.19 7.14 7.09 7.15 7.14 7.10 7.13 7.13 7.12 7.13 7.13 7.13 7.15 7.14 7.09 7.07 7.08 7.22 7.18 7.10 7.24 7.42 7.35 7.40 7.39 7.04 6.77 6.61 6.65 6.70 7.35
7.17 7.17 7.17 7.17 7.17 7.17 7.17 7.17 7.17 7.17 7.16 7.16 7.16 7.16 7.16 7.16 7.16 7.15 7.15 7.15 7.13 7.12 7.12 7.16 7.18 7.17 7.15 7.15 7.15 7.15 7.17 7.18 7.18 7.18 7.17 7.17 7.18 7.17 7.16 7.16 7.16 7.18 7.18 7.17 7.15 7.13 7.12 7.11 7.09 7.04 6.94 6.86 6.89 6.99 7.06 7.07 7.09 7.13 7.13 7.15 7.19 7.19 7.17 7.16 7.12 7.13 7.15 7.09 7.03 6.98 7.02 7.09 7.00 7.23 7.65 7.68 8.03 8.13 7.78 7.59 7.35 7.20 7.04 7.17
7.17 7.17 7.17 7.17 7.17 7.17 7.17 7.17 7.17 7.17 7.17 7.16 7.16 7.16 7.16 7.16 7.16 7.16 7.15 7.15 7.14 7.13 7.11 7.13 7.17 7.16 7.14 7.14 7.15 7.14 7.15 7.16 7.17 7.18 7.17 7.16 7.17 7.16 7.16 7.16 7.16 7.16 7.18 7.17 7.16 7.14 7.12 7.11 7.09 7.06 7.03 7.02 7.02 7.04 7.09 7.10 7.09 7.12 7.12 7.11 7.16 7.22 7.21 7.20 7.14 7.11 7.12 7.11 7.06 7.04 7.03 7.07 6.80 6.80 7.41 7.60 7.96 8.47 8.30 7.70 7.34 7.14 6.93 6.77
7.17 7.17 7.17 7.17 7.17 7.17 7.17 7.17 7.17 7.17 7.17 7.17 7.16 7.16 7.16 7.16 7.16 7.16 7.16 7.15 7.15 7.14 7.12 7.12 7.17 7.18 7.15 7.14 7.15 7.15 7.14 7.14 7.15 7.17 7.16 7.17 7.17 7.15 7.16 7.17 7.16 7.16 7.17 7.18 7.17 7.15 7.14 7.12 7.11 7.10 7.07 7.07 7.07 7.08 7.11 7.11 7.10 7.11 7.12 7.08 7.08 7.13 7.16 7.19 7.18 7.14 7.14 7.15 7.12 7.10 7.04 7.10 6.89 6.40 6.48 6.69 6.84 7.49 7.99 7.37 6.86 6.76 6.60 6.27
7.17 7.17 7.17 7.17 7.17 7.17 7.17 7.17 7.17 7.17 7.17 7.17 7.17 7.16 7.16 7.16 7.16 7.16 7.16 7.15 7.15 7.14 7.13 7.11 7.15 7.19 7.15 7.14 7.15 7.15 7.15 7.14 7.14 7.16 7.17 7.17 7.18 7.16 7.15 7.16 7.17 7.16 7.16 7.17 7.18 7.17 7.15 7.13 7.12 7.12 7.11 7.10 7.10 7.10 7.12 7.12 7.11 7.11 7.13 7.12 7.11 7.13 7.14 7.16 7.19 7.18 7.16 7.18 7.15 7.19 7.12 7.00 7.00 6.72 6.40 6.26 6.19 6.77 7.65 7.28 6.76 6.84 7.00 6.70
7.17 7.17 7.17 7.17 7.17 7.17 7.17 7.17 7.17 7.17 7.17 7.17 7.17 7.16 7.16 7.16 7.16 7.16 7.16 7.16 7.15 7.15 7.14 7.11 7.13 7.19 7.17 7.14 7.15 7.17 7.16 7.16 7.16 7.15 7.17 7.18 7.18 7.18 7.17 7.16 7.16 7.16 7.15 7.16 7.15 7.16 7.16 7.14 7.13 7.13 7.12 7.12 7.11 7.11 7.12 7.12 7.12 7.12 7.13 7.15 7.15 7.15 7.15 7.16 7.16 7.18 7.20 7.22 7.17 7.25 7.27 6.93 6.67 6.66 6.74 6.66 6.35 6.61 7.70 7.74 6.96 6.90 7.10 7.15
7.17 7.17 7.17 7.17 7.17 7.17 7.17 7.17 7.17 7.17 7.17 7.17 7.17 7.17 7.17 7.16 7.16 7.16 7.16 7.16 7.16 7.15 7.14 7.12 7.13 7.19 7.19 7.14 7.14 7.17 7.17 7.16 7.17 7.16 7.17 7.18 7.18 7.18 7.18 7.17 7.17 7.17 7.16 7.16 7.15 7.14 7.15 7.15 7.14 7.13 7.13 7.13 7.13 7.13 7.13 7.12 7.12 7.13 7.13 7.14 7.15 7.17 7.17 7.18 7.18 7.16 7.11 7.07 7.11 7.34 7.70 7.48 6.49 5.66 5.89 6.64 6.69 6.45 7.39 8.20 7.74 7.36 7.22 7.22
7.17 7.17 7.17 7.17 7.17 7.17 7.17 7.17 7.17 7.17 7.17 7.17 7.17 7.17 7.16 7.16 7.16 7.16 7.16 7.16 7.16 7.15 7.15 7.13 7.12 7.17 7.21 7.15 7.13 7.16 7.16 7.16 7.16 7.15 7.16 7.17 7.16 7.17 7.18 7.17 7.17 7.17 7.17 7.17 7.17 7.16 7.15 7.15 7.15 7.14 7.13 7.13 7.13 7.13 7.13 7.12 7.11 7.12 7.14 7.15 7.15 7.16 7.17 7.18 7.19 7.31 7.26 6.93 6.90 7.12 8.19 9.09 8.01 6.19 5.60 6.36 6.71 6.16 6.58 7.49 7.69 7.55 7.40 7.29
7.17 7.17 7.17 7.17 7.17 7.17 7.17 7.17 7.17 7.17 7.17 7.17 7.17 7.17 7.17 7.17 7.16 7.16 7.16 7.16 7.16 7.15 7.15 7.14 7.11 7.15 7.21 7.16 7.13 7.15 7.15 7.16 7.15 7.15 7.15 7.16 7.16 7.16 7.17 7.17 7.17 7.17 7.16 7.16 7.17 7.17 7.15 7.15 7.15 7.14 7.13 7.13 7.13 7.13 7.13 7.13 7.12 7.12 7.14 7.15 7.14 7.15 7.16 7.19 7.14 7.33 7.56 7.07 6.72 6.32 6.93 8.96 9.63 9.02 7.81 7.39 7.29 6.54 6.46 6.87 7.11 7.18 7.17 7.16
7.17 7.17 7.17 7.17 7.17 7.17 7.17 7.17 7.17 7.17 7.17 7.17 7.17 7.17 7.17 7.17 7.16 7.16 7.16 7.16 7.16 7.16 7.15 7.15 7.12 7.13 7.22 7.20 7.14 7.15 7.16 7.17 7.16 7.16 7.15 7.16 7.17 7.17 7.18 7.18 7.17 7.17 7.17 7.16 7.16 7.16 7.15 7.15 7.15 7.14 7.14 7.13 7.12 7.13 7.15 7.13 7.12 7.12 7.13 7.16 7.18 7.19 7.18 7.14 7.05 7.04 7.44 7.34 6.73 5.79 5.33 6.37 7.78 8.67 8.54 8.15 7.79 7.12 6.82 6.88 7.00 7.03 6.99 7.00
7.17 7.17 7.17 7.17 7.17 7.17 7.17 7.17 7.17 7.17 7.17 7.17 7.17 7.17 7.17 7.17 7.16 7.16 7.16 7.16 7.16 7.16 7.15 7.15 7.12 7.11 7.18 7.20 7.16 7.14 7.16 7.18 7.18 7.18 7.16 7.16 7.17 7.16 7.17 7.18 7.18 7.17 7.17 7.16 7.17 7.16 7.15 7.15 7.16 7.15 7.14 7.14 7.13 7.12 7.15 7.14 7.12 7.12 7.12 7.15 7.17 7.23 7.37 7.32 7.21 7.15 7.33 7.61 7.17 6.07 5.55 6.00 6.50 7.02 7.41 7.71 7.68 7.21 7.04 7.06 7.07 7.08 7.04 6.96
7.17 7.17 7.17 7.17 7.17 7.17 7.17 7.17 7.17 7.17 7.17 7.17 7.17 7.17 7.17 7.17 7.17 7.16 7.16 7.16 7.16 7.16 7.16 7.15 7.13 7.11 7.14 7.19 7.17 7.14 7.15 7.16 7.17 7.18 7.17 7.15 7.16 7.16 7.16 7.17 7.18 7.18 7.17 7.16 7.18 7.17 7.15 7.16 7.17 7.17 7.15 7.15 7.14 7.13 7.14 7.14 7.14 7.13 7.11 7.13 7.11 7.11 7.34 7.56 7.54 7.39 7.33 7.75 8.04 7.33 6.53 6.57 6.67 6.71 6.86 7.18 7.49 7.29 7.12 7.13 7.12 7.16 7.18 7.04
7.17 7.17 7.17 7.17 7.17 7.17 7.17 7.17 7.17 7.17 7.17 7.17 7.17 7.17 7.17 7.17 7.17 7.16 7.16 7.16 7.16 7.16 7.16 7.15 7.15 7.13 7.13 7.17 7.18 7.16 7.15 7.15 7.17 7.17 7.16 7.15 7.17 7.17 7.16 7.17 7.18 7.19 7.18 7.17 7.18 7.18 7.16 7.16 7.17 7.18 7.17 7.16 7.15 7.14 7.14 7.13 7.14 7.14 7.15 7.09 6.97 6.99 7.12 7.41 7.88 7.90 7.60 7.84 8.36 8.44 7.82 7.12 6.93 6.98 6.84 6.81 7.01 7.16 7.28 7.27 7.25 7.36 7.38 7.21
7.17 7.17 7.17 7.17 7.17 7.17 7.17 7.17 7.17 7.17 7.17 7.17 7.17 7.17 7.17 7.17 7.17 7.16 7.16 7.16 7.16 7.16 7.16 7.15 7.15 7.14 7.12 7.14 7.16 7.17 7.15 7.14 7.17 7.18 7.16 7.15 7.16 7.17 7.16 7.16 7.18 7.18 7.19 7.18 7.18 7.19 7.17 7.16 7.16 7.18 7.19 7.17 7.15 7.15 7.15 7.13 7.12 7.10 7.25 7.29 6.92 6.92 7.10 7.10 7.62 8.00 7.42 7.07 7.21 7.70 8.19 8.02 7.63 7.63 7.47 7.20 7.04 6.97 7.35 7.47 7.33 7.45 7.69 7.65
7.17 7.17 7.17 7.17 7.17 7.17 7.17 7.17 7.17 7.17 7.17 7.17 7.17 7.17 7.17 7.17 7.17 7.17 7.16 7.16 7.16 7.16 7.16 7.16 7.15 7.15 7.14 7.13 7.14 7.19 7.17 7.14 7.17 7.20 7.17 7.15 7.16 7.18 7.17 7.17 7.18 7.18 7.18 7.17 7.17 7.18 7.18 7.16 7.15 7.16 7.18 7.18 7.16 7.15 7.15 7.14 7.14 7.03 7.17 7.46 7.13 6.86 6.89 6.72 6.89 7.32 7.04 6.69 6.60 6.57 7.06 7.78 7.79 7.77 7.87 7.74 7.52 7.06 7.07 7.30 7.19 7.11 7.37 7.50
7.17 7.17 7.17 7.17 7.17 7.17 7.17 7.17 7.17 7.17 7.17 7.17 7.17 7.17 7.17 7.17 7.17 7.17 7.17 7.16 7.16 7.16 7.16 7.16 7.16 7.15 7.15 7.14 7.13 7.17 7.19 7.16 7.16 7.18 7.17 7.16 7.16 7.17 7.17 7.16 7.16 7.17 7.17 7.17 7.16 7.17 7.18 7.17 7.15 7.15 7.16 7.16 7.15 7.14 7.15 7.13 7.13 7.01 6.94 7.16 7.06 6.73 6.39 6.35 6.89 7.29 7.29 7.19 7.24 6.97 6.65 7.15 7.52 7.46 7.47 7.41 7.35 7.17 7.04 7.17 7.15 7.01 6.95 6.76
7.17 7.17 7.17 7.17 7.17 7.17 7.17 7.17 7.17 7.17 7.17 7.17 7.17 7.17 7.17 7.17 7.17 7.17 7.17 7.16 7.16 7.16 7.16 7.16 7.16 7.16 7.15 7.14 7.12 7.13 7.17 7.16 7.17 7.19 7.17 7.16 7.16 7.16 7.17 7.16 7.15 7.17 7.17 7.17 7.16 7.16 7.18 7.18 7.16 7.16 7.17 7.17 7.16 7.15 7.15 7.13 7.10 7.04 6.99 7.05 7.14 6.99 6.50 6.35 6.82 7.14 7.24 7.21 7.44 7.54 7.09 7.09 7.56 7.77 7.74 7.62 7.38 7.28 7.33 7.33 7.10 7.14 7.17 6.69
7.17 7.17 7.17 7.17 7.17 7.17 7.17 7.17 7.17 7.17 7.17 7.17 7.17 7.17 7.17 7.17 7.17 7.17 7.17 7.17 7.16 7.16 7.16 7.16 7.16 7.16 7.15 7.15 7.14 7.12 7.14 7.14 7.16 7.20 7.20 7.17 7.16 7.15 7.17 7.16 7.16 7.18 7.17 7.17 7.17 7.17 7.17 7.17 7.17 7.17 7.17 7.18 7.17 7.15 7.15 7.14 7.11 7.09 7.08 7.11 7.34 7.43 7.17 6.99 6.92 6.82 6.93 6.91 7.05 7.25 6.84 6.65 7.17 7.61 7.87 8.14 7.96 7.56 7.52 7.65 7.27 7.12 7.14 6.66
