windninja/SE045_results/maria_elevation_tif_point_11-01-2019_0400_500m_vel.asc
ncols	128
nrows	92
xllcorner	280654.681342
yllcorner	3772085.885776
cellsize	500.000000
NODATA_value	-32768.000000
[rows 38 to 75 of 92, columns 0 to 83 of 128]
4.69 4.65 4.50 4.34 4.10 4.01 4.96 6.24 6.02 5.19 4.98 4.92 4.74 4.62 4.69 4.81 4.76 4.73 4.92 5.04 4.70 4.88 5.01 4.66 4.93 5.06 5.15 5.08 4.82 4.74 4.82 5.13 5.05 5.05 5.26 5.10 4.88 5.08 5.14 5.32 5.41 5.06 5.02 5.05 4.98 4.98 4.98 4.99 5.00 5.00 4.96 4.96 4.84 4.91 5.26 5.11 4.70 4.76 4.92 4.62 4.58 4.80 4.98 5.38 5.11 4.72 4.97 5.14 5.12 5.10 5.21 5.15 5.05 5.13 5.06 4.92 4.97 4.99 4.92 4.96 4.86 4.81 4.90 4.90
4.78 4.74 4.65 4.56 4.30 3.96 4.29 5.57 6.45 6.09 5.49 5.29 5.30 5.02 4.74 4.79 4.80 4.73 5.00 5.41 5.15 4.93 4.86 4.65 4.86 4.88 4.87 5.18 5.02 4.57 4.76 5.30 5.17 4.98 5.25 5.23 4.93 5.03 5.09 5.09 5.28 5.21 5.08 5.07 5.03 5.01 5.00 5.00 5.01 5.03 4.99 4.91 4.61 4.54 5.06 5.36 4.98 4.54 4.61 4.59 4.45 4.62 4.69 5.16 5.29 4.81 4.86 5.08 5.19 5.17 5.10 5.09 5.00 4.91 4.87 4.91 4.94 4.98 5.02 5.07 5.00 4.84 4.93 4.96
4.82 4.79 4.73 4.66 4.51 4.21 4.06 4.61 5.72 6.39 6.16 5.60 5.43 5.30 4.99 4.87 4.91 4.84 4.91 5.39 5.55 5.22 4.90 4.77 5.07 5.15 4.83 5.25 5.53 4.97 4.73 5.21 5.36 5.09 5.13 5.11 4.97 4.95 4.99 5.01 5.03 5.03 5.04 5.06 5.05 5.04 5.02 5.01 5.03 5.03 5.06 5.13 4.68 4.08 4.30 4.92 5.24 4.96 4.84 4.94 4.79 4.80 4.76 4.91 5.22 5.00 4.79 4.93 5.09 5.18 5.06 5.00 5.05 5.00 4.93 5.00 5.06 4.97 5.00 5.11 5.14 4.98 4.96 5.00
4.87 4.85 4.80 4.74 4.64 4.45 4.12 4.06 4.51 5.36 5.98 5.69 5.29 5.12 5.01 4.91 4.96 4.99 4.91 5.25 5.65 5.51 4.98 4.75 5.14 5.30 4.80 4.93 5.31 5.18 4.78 4.84 5.12 5.20 5.25 5.09 5.03 4.96 4.91 4.97 4.99 4.95 4.96 4.99 5.01 5.02 5.02 5.03 5.04 5.04 4.89 5.08 5.25 4.48 4.07 4.40 4.78 4.91 4.96 5.01 4.88 4.87 4.96 4.94 5.10 5.09 4.86 4.91 5.01 5.04 5.02 5.06 5.04 4.99 5.05 5.03 5.06 4.96 4.86 4.92 4.99 4.95 4.88 4.89
4.89 4.88 4.84 4.80 4.73 4.64 4.42 4.17 4.11 4.50 5.32 5.58 5.33 5.04 4.96 4.90 4.97 5.00 4.82 5.07 5.51 5.80 5.39 4.70 4.96 5.23 4.95 5.02 5.06 5.08 5.04 4.95 4.95 5.09 5.26 5.13 5.04 5.03 4.99 4.97 4.96 4.93 4.93 4.95 4.97 4.99 5.00 5.03 5.07 5.23 5.01 4.75 5.38 5.51 5.00 4.97 4.96 4.79 4.84 4.96 4.92 4.85 4.92 4.96 5.03 5.10 4.94 4.94 5.15 5.07 4.92 5.12 5.10 4.89 5.01 5.02 4.97 4.99 4.89 4.87 4.90 4.93 4.92 4.86
4.92 4.91 4.88 4.85 4.80 4.74 4.65 4.51 4.35 4.37 4.78 5.23 5.28 5.06 4.88 4.76 4.86 4.90 4.73 4.79 4.96 5.40 5.55 5.08 5.06 5.12 4.95 5.13 5.20 5.09 5.08 5.14 5.06 5.01 5.11 5.11 5.06 5.04 5.03 5.03 5.00 4.95 4.94 4.95 4.97 4.97 4.98 5.02 5.15 5.46 5.61 5.21 5.14 5.48 5.28 5.11 5.15 4.98 4.82 4.84 4.86 4.83 4.84 4.85 4.89 5.00 4.98 4.91 5.14 5.22 5.02 5.08 5.14 4.89 4.90 5.01 4.98 5.00 4.98 4.94 4.92 4.89 4.93 4.96
4.94 4.93 4.91 4.89 4.86 4.82 4.78 4.73 4.66 4.61 4.65 4.87 5.03 5.00 4.82 4.62 4.63 4.71 4.70 4.69 4.63 4.78 5.02 5.02 5.13 5.10 4.93 4.95 5.03 5.00 4.89 4.96 5.05 5.05 5.05 5.07 5.07 5.06 5.05 5.07 5.05 5.01 4.98 4.95 4.96 4.94 4.92 4.94 5.04 5.23 5.48 5.35 4.96 5.06 5.14 4.99 5.03 5.08 4.97 4.88 4.88 4.88 4.89 4.88 4.87 4.92 4.90 4.85 4.93 5.02 5.02 5.00 5.04 4.98 4.90 4.97 5.00 5.00 4.99 4.97 4.96 4.84 4.79 4.97
4.96 4.95 4.93 4.92 4.90 4.87 4.85 4.83 4.82 4.81 4.81 4.83 4.89 4.91 4.82 4.69 4.63 4.65 4.71 4.73 4.70 4.72 4.70 4.71 4.90 4.97 4.92 4.91 4.93 4.95 4.89 4.88 5.01 5.07 5.06 5.06 5.05 5.04 5.04 5.05 5.04 5.04 5.02 4.98 4.96 4.94 4.85 4.72 4.67 4.74 5.02 5.16 4.97 4.97 5.11 5.08 5.02 5.03 5.01 4.96 4.95 4.95 4.96 4.92 4.88 4.92 4.89 4.85 4.89 4.89 4.92 4.95 4.96 4.96 4.90 4.95 5.01 4.99 4.99 5.02 5.08 4.99 4.77 4.81
4.97 4.96 4.95 4.94 4.93 4.92 4.90 4.89 4.89 4.88 4.89 4.90 4.89 4.87 4.85 4.80 4.73 4.69 4.74 4.79 4.81 4.84 4.79 4.73 4.81 4.89 4.90 4.93 4.96 5.00 4.97 4.94 5.00 5.06 5.06 5.07 5.07 5.04 5.01 5.01 5.00 5.00 5.01 5.00 4.96 4.92 4.84 4.66 4.55 4.58 4.83 5.06 4.99 4.92 4.98 5.02 5.01 5.01 5.01 4.98 4.96 4.96 4.97 4.94 4.88 4.90 4.89 4.85 4.87 4.90 4.90 4.91 4.95 4.94 4.86 4.89 4.99 4.99 4.97 4.99 5.05 5.08 4.90 4.78
4.98 4.98 4.97 4.96 4.95 4.94 4.93 4.93 4.92 4.93 4.93 4.92 4.91 4.89 4.87 4.85 4.80 4.75 4.74 4.76 4.81 4.88 4.88 4.82 4.84 4.90 4.92 4.93 4.94 4.98 4.98 4.97 4.99 5.02 5.03 5.04 5.06 5.05 5.03 5.01 4.97 4.96 4.97 4.99 4.96 4.91 4.86 4.78 4.65 4.61 4.77 4.94 4.93 4.89 4.91 4.95 4.97 4.96 4.96 4.95 4.92 4.91 4.93 4.93 4.87 4.86 4.86 4.85 4.88 4.91 4.93 4.95 4.99 4.98 4.88 4.88 4.94 4.94 4.90 4.86 4.86 4.92 4.93 4.85
4.99 4.98 4.98 4.97 4.97 4.96 4.96 4.95 4.95 4.95 4.94 4.94 4.94 4.93 4.91 4.90 4.88 4.85 4.81 4.78 4.79 4.84 4.89 4.87 4.86 4.89 4.94 4.94 4.95 4.97 4.98 4.98 5.00 5.01 5.02 5.01 5.03 5.04 5.05 5.04 4.99 4.96 4.96 4.96 4.95 4.91 4.88 4.85 4.76 4.67 4.79 4.95 4.94 4.92 4.91 4.93 4.94 4.95 4.96 4.96 4.93 4.90 4.89 4.88 4.85 4.82 4.80 4.79 4.83 4.85 4.88 4.94 5.00 5.03 4.97 4.93 4.94 4.95 4.89 4.82 4.78 4.76 4.81 4.85
4.99 4.99 4.99 4.98 4.98 4.97 4.97 4.97 4.96 4.96 4.96 4.96 4.95 4.95 4.93 4.92 4.91 4.90 4.87 4.85 4.84 4.85 4.88 4.90 4.88 4.90 4.94 4.96 4.96 4.97 4.98 5.00 5.03 5.04 5.03 5.02 5.01 5.02 5.03 5.03 5.01 4.99 4.98 4.97 4.96 4.94 4.92 4.89 4.83 4.75 4.81 4.94 4.96 4.96 4.95 4.96 4.96 4.96 4.97 4.98 4.95 4.90 4.86 4.80 4.76 4.71 4.71 4.77 4.83 4.85 4.90 4.94 4.94 4.96 4.94 4.91 4.92 4.92 4.84 4.72 4.76 4.81 4.79 4.92
4.99 4.99 4.99 4.99 4.99 4.98 4.98 4.98 4.98 4.97 4.97 4.97 4.97 4.96 4.95 4.95 4.94 4.93 4.90 4.88 4.88 4.88 4.89 4.90 4.89 4.90 4.94 4.95 4.95 4.97 4.97 4.98 5.02 5.05 5.04 5.03 5.00 5.00 5.00 5.00 5.01 5.00 4.98 4.98 4.97 4.95 4.94 4.92 4.88 4.81 4.83 4.96 4.99 4.98 4.97 4.96 4.95 4.96 4.98 5.00 5.00 4.98 5.03 5.05 5.01 4.90 4.78 4.87 5.02 4.99 4.97 4.99 4.97 4.95 4.91 4.87 4.91 5.09 5.12 5.03 5.07 5.14 5.00 4.97
5.00 5.00 4.99 4.99 4.99 4.99 4.99 4.99 4.98 4.98 4.98 4.98 4.98 4.97 4.97 4.96 4.95 4.94 4.93 4.91 4.90 4.91 4.92 4.92 4.89 4.91 4.94 4.95 4.95 4.96 4.97 4.96 4.96 5.00 5.03 5.02 5.00 5.00 5.00 4.99 5.01 5.01 4.99 4.98 4.96 4.95 4.94 4.93 4.91 4.86 4.85 4.95 5.00 5.00 5.02 5.01 4.95 4.96 5.01 5.09 5.21 5.24 5.33 5.53 5.61 5.51 5.19 4.97 5.04 5.05 5.03 5.05 5.08 5.05 5.05 5.07 5.14 5.44 5.64 5.60 5.54 5.52 5.37 5.11
5.00 5.00 5.00 5.00 4.99 4.99 4.99 4.99 4.99 4.99 4.99 4.99 4.98 4.98 4.98 4.97 4.97 4.96 4.95 4.93 4.92 4.92 4.92 4.92 4.91 4.91 4.93 4.94 4.95 4.94 4.95 4.96 4.94 4.97 5.01 5.01 4.99 5.01 5.00 4.97 4.99 5.00 4.99 4.99 4.98 4.96 4.95 4.94 4.93 4.89 4.88 4.95 4.98 5.00 5.08 5.15 5.11 5.06 5.11 5.18 5.34 5.35 5.24 5.31 5.45 5.54 5.37 5.07 4.98 5.01 5.01 5.07 5.22 5.23 5.23 5.28 5.21 5.21 5.33 5.39 5.46 5.53 5.64 5.54
5.00 5.00 5.00 5.00 5.00 5.00 5.00 4.99 4.99 4.99 4.99 4.99 4.99 4.99 4.98 4.98 4.97 4.97 4.96 4.95 4.94 4.94 4.95 4.93 4.91 4.93 4.93 4.94 4.96 4.95 4.96 4.97 4.96 4.96 5.00 5.00 4.99 5.01 5.00 4.97 4.98 4.99 4.98 4.99 5.00 4.98 4.97 4.96 4.94 4.90 4.90 4.95 4.97 4.98 5.03 5.17 5.24 5.19 5.09 5.01 5.07 5.10 4.96 4.91 4.98 5.10 5.13 5.05 5.00 5.02 4.99 5.02 5.21 5.26 5.19 5.09 4.96 4.86 4.87 4.92 5.00 5.04 5.21 5.41
5.00 5.00 5.00 5.00 5.00 5.00 5.00 5.00 5.00 5.00 4.99 4.99 4.99 4.99 4.99 4.99 4.98 4.98 4.97 4.96 4.95 4.96 4.98 4.96 4.93 4.93 4.93 4.93 4.94 4.92 4.93 4.96 4.96 4.97 4.98 5.00 5.00 5.01 5.01 4.99 4.99 4.99 4.98 4.98 4.99 4.98 4.97 4.97 4.95 4.91 4.90 4.92 4.91 4.86 4.82 4.89 5.02 5.10 4.97 4.79 4.81 4.88 4.87 4.87 4.92 4.99 5.01 4.99 4.97 5.02 5.00 4.91 4.92 4.93 4.91 4.90 4.85 4.78 4.73 4.71 4.73 4.71 4.67 4.78
5.00 5.00 5.00 5.00 5.00 5.00 5.00 5.00 5.00 5.00 5.00 5.00 5.00 4.99 4.99 4.99 4.99 4.98 4.98 4.97 4.96 4.95 4.97 4.97 4.95 4.95 4.96 4.97 4.99 4.95 4.93 4.95 4.98 5.00 4.99 4.99 5.00 5.01 5.01 5.00 4.99 4.99 4.98 4.97 4.97 4.96 4.96 4.96 4.95 4.93 4.93 4.95 4.92 4.79 4.69 4.69 4.77 4.91 4.93 4.85 4.84 4.87 4.89 4.91 4.96 4.99 5.00 4.99 4.92 4.90 4.95 4.89 4.82 4.79 4.79 4.85 4.86 4.81 4.74 4.68 4.68 4.73 4.70 4.62
5.00 5.00 5.00 5.00 5.00 5.00 5.00 5.00 5.00 5.00 5.00 5.00 5.00 5.00 4.99 4.99 4.99 4.99 4.98 4.98 4.97 4.97 4.98 4.98 4.96 4.96 4.96 4.98 5.05 5.05 5.02 5.00 4.99 5.00 5.00 4.99 5.00 5.00 5.00 5.00 5.00 5.00 4.99 4.97 4.96 4.96 4.96 4.95 4.94 4.93 4.95 5.08 5.20 5.07 4.92 4.89 4.88 4.88 4.92 4.94 4.91 4.91 4.92 4.95 4.97 4.97 4.97 4.97 4.93 4.88 4.90 4.89 4.89 4.90 4.87 4.82 4.82 4.79 4.67 4.64 4.64 4.63 4.73 4.75
5.00 5.00 5.00 5.00 5.00 5.00 5.00 5.00 5.00 5.00 5.00 5.00 5.00 5.00 5.00 5.00 4.99 4.99 4.99 4.98 4.97 4.98 5.00 5.00 4.98 4.97 4.96 4.95 4.98 5.02 5.02 5.01 5.00 5.00 5.01 5.01 5.00 5.00 5.00 5.01 5.01 5.02 5.01 4.99 4.98 4.97 4.96 4.96 4.94 4.92 4.88 4.99 5.25 5.27 5.10 5.04 5.04 4.95 4.93 4.95 4.94 4.94 4.94 4.96 4.97 4.98 4.98 4.98 4.96 4.96 5.02 4.97 4.98 5.03 5.04 4.93 4.90 4.88 4.62 4.50 4.52 4.51 4.66 5.03
5.00 5.00 5.00 5.00 5.00 5.00 5.00 5.00 5.00 5.00 5.00 5.00 5.00 5.00 5.00 5.00 5.00 4.99 4.99 4.99 4.98 4.97 4.99 5.01 5.01 5.00 4.98 4.97 4.97 4.98 5.00 5.01 5.01 5.01 5.01 5.01 5.01 5.01 5.01 5.01 5.01 5.02 5.01 5.00 4.99 4.98 4.97 4.96 4.95 4.92 4.82 4.76 4.90 5.01 4.98 4.94 4.99 4.98 4.96 4.98 4.98 4.97 4.97 4.97 4.97 4.99 4.98 4.95 4.94 4.95 5.04 5.02 4.96 5.05 5.17 5.12 5.15 5.13 4.90 4.71 4.61 4.65 4.69 5.14
5.00 5.00 5.00 5.00 5.00 5.00 5.00 5.00 5.00 5.00 5.00 5.00 5.00 5.00 5.00 5.00 5.00 4.99 4.99 4.99 4.98 4.97 4.97 5.00 5.01 5.00 4.99 4.99 4.99 4.99 5.01 5.01 5.01 5.01 5.00 5.00 5.01 5.00 5.00 5.00 5.00 5.01 5.01 5.00 4.99 4.98 4.97 4.96 4.95 4.92 4.85 4.79 4.80 4.87 4.92 4.93 4.95 4.98 4.98 4.99 5.02 5.02 5.01 5.00 4.97 4.98 4.99 4.95 4.91 4.87 4.90 4.94 4.89 5.05 5.34 5.36 5.60 5.66 5.42 5.30 5.15 5.05 4.94 5.03
5.00 5.00 5.00 5.00 5.00 5.00 5.00 5.00 5.00 5.00 5.00 5.00 5.00 5.00 5.00 5.00 5.00 5.00 4.99 4.99 4.99 4.98 4.96 4.98 5.00 5.00 4.99 4.99 4.99 4.99 4.99 4.99 5.00 5.01 5.00 5.00 5.00 5.00 5.00 5.00 4.99 5.00 5.01 5.01 5.00 4.98 4.97 4.97 4.95 4.93 4.91 4.90 4.90 4.92 4.95 4.96 4.95 4.97 4.97 4.96 5.00 5.04 5.03 5.02 4.98 4.96 4.97 4.96 4.93 4.91 4.90 4.93 4.75 4.76 5.18 5.32 5.56 5.91 5.78 5.37 5.14 5.00 4.85 4.74
5.00 5.00 5.00 5.00 5.00 5.00 5.00 5.00 5.00 5.00 5.00 5.00 5.00 5.00 5.00 5.00 5.00 5.00 5.00 4.99 4.99 4.99 4.97 4.97 5.00 5.01 4.99 4.98 4.99 4.99 4.99 4.98 4.99 5.00 5.00 5.00 5.00 4.99 5.00 5.01 5.00 4.99 5.00 5.01 5.00 4.99 4.98 4.97 4.97 4.96 4.94 4.93 4.94 4.94 4.96 4.96 4.95 4.96 4.97 4.94 4.94 4.98 4.99 5.01 5.01 4.98 4.98 4.99 4.97 4.95 4.91 4.95 4.81 4.48 4.52 4.67 4.77 5.21 5.54 5.12 4.78 4.71 4.60 4.38
5.00 5.00 5.00 5.00 5.00 5.00 5.00 5.00 5.00 5.00 5.00 5.00 5.00 5.00 5.00 5.00 5.00 5.00 5.00 4.99 4.99 4.99 4.98 4.96 4.99 5.02 4.99 4.98 4.99 4.99 4.99 4.99 4.99 4.99 5.00 5.01 5.01 5.00 4.99 5.00 5.00 5.00 5.00 5.01 5.01 5.00 4.99 4.98 4.97 4.97 4.96 4.96 4.96 4.96 4.97 4.97 4.96 4.97 4.98 4.97 4.96 4.97 4.98 5.00 5.02 5.01 5.00 5.01 4.99 5.01 4.96 4.89 4.89 4.69 4.46 4.36 4.31 4.70 5.29 5.04 4.71 4.78 4.89 4.69
5.00 5.00 5.00 5.00 5.00 5.00 5.00 5.00 5.00 5.00 5.00 5.00 5.00 5.00 5.00 5.00 5.00 5.00 5.00 5.00 4.99 4.99 4.98 4.97 4.98 5.02 5.00 4.98 5.00 5.00 5.00 5.00 5.00 4.99 5.01 5.01 5.01 5.01 5.00 5.00 5.00 5.00 4.99 5.00 4.99 5.00 5.00 4.99 4.98 4.98 4.97 4.97 4.97 4.96 4.97 4.97 4.97 4.97 4.98 4.99 4.99 4.99 4.99 4.99 4.99 5.01 5.03 5.04 5.01 5.06 5.06 4.82 4.64 4.64 4.70 4.64 4.42 4.60 5.35 5.38 4.86 4.83 4.96 5.00
5.00 5.00 5.00 5.00 5.00 5.00 5.00 5.00 5.00 5.00 5.00 5.00 5.00 5.00 5.00 5.00 5.00 5.00 5.00 5.00 5.00 4.99 4.99 4.97 4.98 5.02 5.02 4.99 4.99 5.01 5.00 5.00 5.00 5.00 5.01 5.01 5.01 5.01 5.01 5.01 5.01 5.00 5.00 5.00 4.99 4.99 4.99 4.99 4.99 4.98 4.98 4.98 4.98 4.98 4.98 4.97 4.97 4.98 4.98 4.98 4.99 5.00 5.01 5.01 5.01 4.99 4.95 4.93 4.97 5.13 5.35 5.18 4.48 3.92 4.10 4.63 4.67 4.53 5.16 5.72 5.41 5.15 5.05 5.04
5.00 5.00 5.00 5.00 5.00 5.00 5.00 5.00 5.00 5.00 5.00 5.00 5.00 5.00 5.00 5.00 5.00 5.00 5.00 5.00 5.00 4.99 4.99 4.98 4.97 5.01 5.03 4.99 4.98 5.00 5.00 5.00 5.00 4.99 5.00 5.01 5.00 5.01 5.01 5.01 5.01 5.01 5.00 5.01 5.01 5.00 4.99 4.99 4.99 4.99 4.98 4.98 4.98 4.98 4.98 4.97 4.97 4.97 4.99 4.99 4.99 5.00 5.01 5.01 5.02 5.10 5.06 4.84 4.82 4.99 5.73 6.31 5.55 4.30 3.91 4.44 4.68 4.32 4.60 5.22 5.37 5.28 5.17 5.09
5.00 5.00 5.00 5.00 5.00 5.00 5.00 5.00 5.00 5.00 5.00 5.00 5.00 5.00 5.00 5.00 5.00 5.00 5.00 5.00 5.00 4.99 4.99 4.98 4.96 4.99 5.03 5.00 4.98 4.99 4.99 5.00 4.99 4.99 4.99 5.00 5.00 5.00 5.01 5.01 5.00 5.00 5.00 5.00 5.00 5.00 5.00 4.99 4.99 4.99 4.98 4.98 4.98 4.98 4.98 4.98 4.97 4.97 4.99 4.99 4.99 4.99 5.00 5.02 4.99 5.11 5.27 4.93 4.69 4.44 4.87 6.25 6.71 6.31 5.49 5.18 5.09 4.59 4.52 4.79 4.95 5.00 5.00 5.00
5.00 5.00 5.00 5.00 5.00 5.00 5.00 5.00 5.00 5.00 5.00 5.00 5.00 5.00 5.00 5.00 5.00 5.00 5.00 5.00 5.00 5.00 4.99 4.99 4.97 4.98 5.04 5.02 4.99 4.99 5.00 5.00 5.00 5.00 4.99 5.00 5.00 5.00 5.01 5.01 5.01 5.01 5.00 4.99 5.00 5.00 4.99 4.99 4.99 4.99 4.98 4.98 4.97 4.98 4.99 4.98 4.97 4.97 4.98 5.00 5.01 5.02 5.01 4.98 4.92 4.91 5.18 5.11 4.69 4.06 3.75 4.43 5.39 6.04 5.98 5.70 5.44 4.99 4.78 4.81 4.88 4.90 4.88 4.88
5.00 5.00 5.00 5.00 5.00 5.00 5.00 5.00 5.00 5.00 5.00 5.00 5.00 5.00 5.00 5.00 5.00 5.00 5.00 5.00 5.00 5.00 4.99 4.99 4.98 4.96 5.01 5.03 5.00 4.99 5.00 5.01 5.01 5.01 5.00 5.00 5.00 5.00 5.00 5.01 5.01 5.01 5.00 5.00 5.00 5.00 4.99 4.99 5.00 4.99 4.98 4.99 4.98 4.97 4.99 4.99 4.97 4.98 4.97 4.99 5.01 5.05 5.15 5.10 5.03 4.99 5.11 5.29 4.99 4.25 3.90 4.17 4.51 4.87 5.15 5.36 5.35 5.03 4.92 4.93 4.93 4.93 4.90 4.85
5.00 5.00 5.00 5.00 5.00 5.00 5.00 5.00 5.00 5.00 5.00 5.00 5.00 5.00 5.00 5.00 5.00 5.00 5.00 5.00 5.00 5.00 5.00 4.99 4.98 4.96 4.98 5.02 5.01 4.99 4.99 5.00 5.00 5.01 5.00 4.99 5.00 5.00 5.00 5.01 5.01 5.01 5.01 5.00 5.01 5.01 5.00 5.00 5.00 5.01 4.99 4.99 4.99 4.98 4.99 4.99 4.98 4.98 4.97 4.98 4.97 4.97 5.13 5.28 5.26 5.15 5.11 5.41 5.61 5.13 4.58 4.58 4.64 4.66 4.76 4.99 5.21 5.08 4.97 4.98 4.97 4.99 5.00 4.90
5.00 5.00 5.00 5.00 5.00 5.00 5.00 5.00 5.00 5.00 5.00 5.00 5.00 5.00 5.00 5.00 5.00 5.00 5.00 5.00 5.00 5.00 5.00 4.99 4.99 4.98 4.98 5.01 5.01 5.00 4.99 4.99 5.00 5.01 5.00 4.99 5.00 5.01 5.00 5.00 5.01 5.02 5.02 5.00 5.01 5.01 5.00 5.00 5.00 5.02 5.01 5.00 4.99 4.98 4.98 4.98 4.98 4.99 4.99 4.95 4.87 4.89 4.98 5.18 5.50 5.51 5.32 5.50 5.85 5.91 5.47 4.97 4.83 4.85 4.76 4.74 4.89 5.00 5.08 5.07 5.06 5.13 5.14 5.02
5.00 5.00 5.00 5.00 5.00 5.00 5.00 5.00 5.00 5.00 5.00 5.00 5.00 5.00 5.00 5.00 5.00 5.00 5.00 5.00 5.00 5.00 5.00 4.99 4.99 4.98 4.97 4.98 5.00 5.01 4.99 4.99 5.01 5.01 5.00 4.99 5.00 5.01 5.00 5.00 5.01 5.01 5.02 5.01 5.01 5.02 5.01 5.00 5.00 5.01 5.02 5.00 4.99 4.99 4.99 4.98 4.97 4.96 5.07 5.08 4.84 4.85 4.97 4.98 5.34 5.58 5.19 4.94 5.03 5.37 5.71 5.60 5.33 5.32 5.21 5.03 4.91 4.87 5.13 5.22 5.12 5.20 5.36 5.33
5.00 5.00 5.00 5.00 5.00 5.00 5.00 5.00 5.00 5.00 5.00 5.00 5.00 5.00 5.00 5.00 5.00 5.00 5.00 5.00 5.00 5.00 5.00 5.00 4.99 4.99 4.98 4.98 4.99 5.02 5.01 4.98 5.00 5.02 5.01 4.99 5.00 5.01 5.00 5.00 5.01 5.01 5.01 5.01 5.01 5.01 5.01 5.00 4.99 5.00 5.01 5.01 5.00 4.99 4.99 4.98 4.99 4.91 5.01 5.21 4.99 4.80 4.83 4.72 4.81 5.08 4.90 4.66 4.59 4.56 4.92 5.42 5.43 5.42 5.49 5.41 5.25 4.94 4.94 5.09 5.01 4.96 5.14 5.24
5.00 5.00 5.00 5.00 5.00 5.00 5.00 5.00 5.00 5.00 5.00 5.00 5.00 5.00 5.00 5.00 5.00 5.00 5.00 5.00 5.00 5.00 5.00 5.00 5.00 4.99 4.99 4.98 4.98 5.01 5.02 5.00 5.00 5.01 5.01 5.00 5.00 5.00 5.00 5.00 5.00 5.01 5.01 5.00 5.00 5.00 5.01 5.00 4.99 4.99 5.00 5.00 4.99 4.99 4.99 4.98 4.98 4.90 4.85 4.99 4.93 4.70 4.47 4.45 4.80 5.07 5.08 5.02 5.05 4.86 4.64 4.98 5.23 5.20 5.20 5.16 5.12 5.00 4.91 5.00 4.98 4.88 4.83 4.71
5.00 5.00 5.00 5.00 5.00 5.00 5.00 5.00 5.00 5.00 5.00 5.00 5.00 5.00 5.00 5.00 5.00 5.00 5.00 5.00 5.00 5.00 5.00 5.00 5.00 5.00 4.99 4.99 4.97 4.98 5.00 5.00 5.01 5.02 5.00 5.00 5.00 5.00 5.00 5.00 4.99 5.00 5.00 5.00 5.00 5.00 5.01 5.01 5.00 5.00 5.00 5.01 5.00 4.99 4.99 4.98 4.96 4.92 4.88 4.92 4.98 4.88 4.55 4.44 4.76 4.98 5.06 5.04 5.20 5.27 4.96 4.96 5.28 5.42 5.39 5.30 5.14 5.08 5.11 5.10 4.95 4.97 4.99 4.66
5.00 5.00 5.00 5.00 5.00 5.00 5.00 5.00 5.00 5.00 5.00 5.00 5.00 5.00 5.00 5.00 5.00 5.00 5.00 5.00 5.00 5.00 5.00 5.00 5.00 5.00 5.00 4.99 4.98 4.97 4.98 4.99 5.00 5.03 5.03 5.01 5.00 4.99 5.00 5.00 5.00 5.01 5.01 5.00 5.00 5.00 5.00 5.01 5.01 5.01 5.01 5.01 5.00 4.99 4.99 4.98 4.96 4.95 4.95 4.97 5.13 5.20 5.03 4.89 4.82 4.76 4.83 4.82 4.92 5.05 4.77 4.66 5.01 5.31 5.49 5.67 5.55 5.28 5.24 5.33 5.06 4.95 4.96 4.63
