windninja/SE045_results/maria_elevation_tif_point_11-01-2019_0000_500m_vel.asc
ncols	128
nrows	92
xllcorner	280654.681342
yllcorner	3772085.885776
cellsize	500.000000
NODATA_value	-32768.000000
[rows 0 to 37 of 92, columns 0 to 83 of 128]
7.77 6.93 6.93 7.55 7.31 7.00 6.09 6.25 7.66 7.70 7.49 7.78 7.49 7.39 6.86 6.43 6.68 6.28 6.65 7.77 8.17 8.04 7.88 8.06 7.90 7.52 7.82 8.01 7.50 7.25 7.43 7.49 7.49 7.56 7.64 7.70 7.82 8.20 9.00 8.73 8.91 9.31 8.44 7.88 8.38 8.83 8.59 7.88 6.71 7.79 8.69 8.62 8.60 8.91 8.50 7.79 7.52 7.04 6.91 6.73 6.53 7.86 8.63 8.56 8.98 8.88 8.78 8.44 7.47 6.83 6.64 7.04 7.35 7.28 6.95 6.98 6.89 6.43 6.57 6.70 6.62 4.96 5.96 8.88
7.77 6.93 6.93 7.55 7.31 7.00 6.09 6.25 7.66 7.70 7.49 7.78 7.49 7.39 6.86 6.43 6.68 6.28 6.65 7.77 8.17 8.04 7.88 8.06 7.90 7.52 7.82 8.01 7.50 7.25 7.43 7.49 7.49 7.56 7.64 7.70 7.82 8.20 9.00 8.73 8.91 9.31 8.44 7.88 8.38 8.83 8.59 7.88 6.71 7.79 8.69 8.62 8.60 8.91 8.50 7.79 7.52 7.04 6.91 6.73 6.53 7.86 8.63 8.56 8.98 8.88 8.78 8.44 7.47 6.83 6.64 7.04 7.35 7.28 6.95 6.98 6.89 6.43 6.57 6.70 6.62 4.96 5.96 8.88
8.32 6.92 6.34 7.16 7.48 7.30 5.92 5.64 7.18 7.39 7.19 7.81 7.63 7.50 7.24 6.82 6.85 6.22 6.08 7.04 7.64 7.57 7.38 7.68 7.80 7.23 7.32 7.84 7.54 7.24 7.22 7.35 7.29 7.23 7.25 7.07 6.63 6.77 8.09 7.79 7.77 8.70 8.12 6.79 7.39 8.52 8.19 7.79 6.52 6.88 7.52 7.04 7.55 8.64 8.29 8.01 8.28 7.34 6.85 6.66 5.90 6.70 7.76 7.58 8.04 8.42 8.76 8.79 7.92 7.13 6.72 7.17 7.62 7.55 7.11 7.05 6.83 6.28 6.44 6.61 6.29 4.49 4.79 8.08
9.34 7.57 6.04 6.36 7.33 7.73 6.31 5.54 6.77 7.10 6.96 7.77 7.86 7.54 7.51 7.41 7.15 6.26 5.89 6.70 7.31 7.18 6.94 7.27 7.75 7.31 7.00 7.43 7.46 7.36 7.11 7.23 7.25 7.04 6.91 6.49 6.13 6.44 7.20 6.73 6.74 8.10 7.91 6.23 7.05 8.90 7.80 7.20 6.30 5.93 6.83 6.50 7.60 8.75 7.20 7.39 9.26 8.21 6.54 6.59 5.62 5.49 6.91 6.92 7.06 7.97 8.91 9.05 8.31 7.69 7.25 7.41 7.90 7.96 7.57 7.38 6.94 6.24 6.36 6.69 5.90 3.91 3.77 7.43
9.33 8.63 7.11 6.15 6.72 7.47 6.72 6.09 6.65 6.98 7.16 7.43 7.59 7.44 7.20 7.36 7.23 6.43 6.20 6.81 7.29 7.12 6.96 7.27 7.64 7.45 7.03 7.04 7.17 7.34 7.16 7.09 7.20 7.06 6.89 6.55 6.43 6.50 6.70 6.65 6.84 7.77 7.68 6.16 6.77 9.15 8.02 6.84 6.57 6.26 6.74 6.45 8.34 8.89 6.11 5.65 8.84 9.17 6.49 6.25 5.82 5.66 6.79 7.04 7.26 7.91 8.69 8.96 8.37 8.19 8.13 7.68 7.92 8.17 7.84 7.51 6.77 5.94 6.10 6.56 5.43 3.84 4.00 6.51
8.27 8.65 8.25 6.82 6.59 7.04 6.40 6.15 6.48 6.83 7.47 7.36 7.19 7.35 7.14 7.18 7.17 6.55 6.42 6.88 7.23 7.16 7.10 7.40 7.59 7.37 7.05 7.00 7.09 7.19 7.14 7.01 7.05 6.97 6.86 6.67 6.56 6.36 6.40 6.81 6.82 7.46 7.58 6.19 6.68 8.46 7.85 7.02 7.18 7.15 6.35 6.69 8.73 8.68 6.94 5.06 6.48 9.37 7.79 5.91 5.41 6.01 6.53 6.72 8.00 8.04 8.02 8.60 8.37 8.82 8.97 8.00 8.15 8.52 8.14 7.51 6.13 5.60 5.92 6.19 5.61 4.54 4.50 5.54
7.70 8.19 8.52 7.74 7.23 7.09 6.25 5.98 6.22 6.69 7.38 7.58 7.42 7.20 7.15 7.14 6.95 6.65 6.69 6.98 7.15 7.22 7.26 7.45 7.57 7.36 7.11 7.09 7.17 7.21 7.13 7.07 7.07 6.96 6.86 6.75 6.74 6.52 6.37 6.69 6.53 6.97 7.48 6.84 7.33 7.63 7.02 6.81 7.25 7.40 6.47 7.52 8.38 7.96 8.12 6.15 5.09 8.00 9.03 6.48 4.95 5.92 5.99 6.04 8.24 7.87 7.49 7.87 7.73 9.14 9.42 8.13 8.21 8.66 8.81 8.36 6.33 5.74 6.08 6.16 5.99 5.62 5.41 4.89
7.50 7.93 8.22 8.04 8.25 7.83 6.61 6.09 6.20 6.64 7.00 7.43 7.73 7.33 7.29 7.29 6.86 6.74 6.89 7.06 7.06 7.15 7.33 7.47 7.47 7.28 7.14 7.14 7.20 7.21 7.14 7.10 7.07 6.95 6.87 6.83 6.75 6.68 6.73 6.59 6.37 6.51 6.93 7.21 7.48 7.33 6.72 6.75 7.05 6.91 6.87 7.87 7.72 7.39 8.06 7.16 5.76 6.59 8.66 7.67 5.36 5.54 5.75 6.49 8.11 7.15 7.01 7.14 7.03 9.12 9.70 8.23 7.93 8.00 8.24 8.89 7.68 6.54 6.10 6.08 6.27 6.61 6.40 4.65
7.04 7.64 8.04 7.73 8.21 8.24 7.23 6.64 6.58 6.73 6.88 7.20 7.45 7.35 7.41 7.36 6.94 6.84 7.08 7.30 7.14 7.04 7.25 7.44 7.44 7.22 7.14 7.21 7.32 7.33 7.19 7.18 7.21 6.91 6.84 6.99 6.79 6.70 7.05 6.85 6.58 6.49 6.64 7.09 7.21 7.29 6.89 6.74 6.97 6.92 7.14 7.57 7.31 7.44 7.59 6.78 6.38 6.48 7.78 8.08 6.73 6.09 5.83 6.56 7.64 7.06 6.66 6.52 6.68 9.02 9.62 8.36 8.07 7.50 7.51 8.11 7.35 6.71 6.14 5.98 6.05 6.70 7.14 5.62
6.62 7.08 8.08 7.99 7.78 7.74 7.26 7.08 7.01 6.93 7.02 7.23 7.12 7.12 7.34 7.25 7.00 6.95 7.08 7.42 7.41 7.15 7.13 7.32 7.40 7.18 7.09 7.22 7.52 7.58 7.17 7.14 7.37 6.88 6.77 7.12 6.94 6.71 6.94 7.09 6.88 6.78 6.80 6.90 7.01 7.21 6.99 6.53 6.71 7.35 7.37 6.97 7.03 7.41 7.15 6.34 6.27 6.58 7.51 7.78 7.88 7.80 6.28 5.93 6.80 7.29 6.72 6.38 6.77 9.04 8.92 7.64 8.33 8.44 8.64 7.91 6.86 6.47 6.44 6.51 6.02 6.26 6.80 5.96
6.47 6.61 7.98 8.41 7.76 7.34 7.02 7.13 7.16 7.16 7.24 7.30 7.07 7.04 7.18 7.09 7.00 7.09 7.07 7.29 7.54 7.34 7.08 7.17 7.33 7.16 6.92 7.16 7.84 8.05 7.46 7.27 7.38 6.90 6.87 7.16 7.09 6.89 6.88 7.00 6.90 6.92 7.01 6.95 7.01 7.26 7.11 6.52 6.49 7.24 7.43 7.07 7.00 7.11 6.47 6.03 6.40 6.77 7.60 7.68 8.13 9.10 8.34 6.80 6.73 7.41 7.21 7.06 6.77 8.71 8.79 6.42 7.01 8.39 10.05 9.31 7.25 6.45 6.35 6.67 6.39 6.44 6.38 5.57
6.55 6.47 7.70 8.31 7.64 7.27 7.06 7.11 7.13 7.28 7.37 7.39 7.13 7.02 7.05 6.93 6.97 7.21 7.20 7.24 7.54 7.42 6.96 6.99 7.34 7.12 6.62 6.73 7.60 8.26 8.01 7.70 7.46 7.12 7.08 7.19 7.17 7.00 7.08 7.06 6.71 6.77 7.14 7.07 6.99 7.32 7.34 6.88 6.66 6.66 6.84 7.29 7.14 6.88 5.86 5.38 6.02 6.55 7.01 7.40 7.37 8.05 9.48 8.98 7.82 7.55 7.81 8.08 6.75 7.37 9.29 6.93 5.27 6.34 9.71 10.59 7.86 6.18 6.41 6.68 6.47 6.84 6.55 5.39
6.94 6.72 7.49 7.90 7.40 7.24 7.16 7.10 7.09 7.28 7.33 7.58 7.39 6.91 6.88 6.85 6.95 7.22 7.37 7.38 7.59 7.52 6.80 6.93 7.46 7.10 6.71 6.49 6.77 7.75 8.03 7.74 7.50 7.59 7.43 7.19 7.29 7.07 7.30 7.34 6.54 6.59 7.36 7.22 6.95 7.33 7.53 7.38 7.18 6.57 6.36 6.78 6.86 6.73 5.58 5.00 5.51 6.07 6.47 6.71 6.42 6.22 7.90 9.30 8.55 7.39 7.64 8.57 7.08 6.62 9.25 8.41 5.51 5.16 8.47 10.95 9.03 6.19 6.43 7.05 6.38 6.78 6.75 5.56
7.60 7.14 7.12 7.41 7.26 7.20 7.29 7.12 6.93 7.20 7.27 7.63 7.77 7.04 6.64 6.78 7.03 7.18 7.47 7.54 7.54 7.53 6.88 6.97 7.47 7.00 6.97 6.86 6.60 7.27 7.59 7.31 7.32 8.03 7.83 7.24 7.36 6.98 7.25 7.32 6.43 6.66 7.45 7.28 6.97 7.33 7.57 7.65 7.74 7.18 6.54 6.36 6.56 6.67 5.61 4.92 5.58 6.25 6.54 6.51 6.15 6.23 7.23 8.74 9.08 7.57 7.05 7.83 7.13 7.17 9.00 8.83 6.55 5.02 7.31 10.25 9.77 7.21 6.55 7.21 6.84 6.75 6.66 5.80
8.32 7.64 6.81 6.88 7.07 7.07 7.38 7.32 6.80 7.02 7.25 7.43 7.82 7.34 6.62 6.69 7.13 7.24 7.44 7.53 7.35 7.55 7.36 7.20 7.45 7.07 7.01 7.01 6.81 7.12 7.19 6.64 6.99 8.29 8.08 7.54 7.71 7.15 7.15 7.11 6.42 6.94 7.52 7.25 7.14 7.38 7.52 7.59 7.87 7.86 7.27 6.86 7.05 7.10 6.04 4.90 5.45 6.47 6.93 6.70 5.90 6.18 6.96 8.31 9.39 8.12 7.08 6.90 6.59 7.27 8.17 8.81 7.85 5.65 6.45 8.93 9.31 8.13 7.16 7.06 7.23 7.03 6.61 5.95
8.91 7.97 6.76 6.58 6.76 6.84 7.23 7.39 6.87 6.96 7.18 7.27 7.56 7.26 6.65 6.65 7.19 7.46 7.44 7.15 7.09 7.64 7.79 7.61 7.82 7.72 7.47 6.92 6.74 7.10 7.01 6.10 6.53 8.16 7.91 7.86 8.27 7.72 7.50 7.41 6.86 7.33 7.79 7.34 7.46 7.54 7.39 7.44 7.44 7.74 7.39 6.96 7.27 7.42 6.40 5.08 5.15 6.34 7.43 7.02 5.59 5.92 6.85 7.96 9.00 8.28 7.76 6.86 6.50 7.08 6.86 7.89 8.67 6.99 6.36 7.65 8.26 7.89 7.45 7.00 7.15 7.20 6.69 6.15
9.46 8.11 6.70 6.54 6.50 6.56 6.92 7.19 6.95 7.01 7.13 7.30 7.38 6.95 6.54 6.64 7.22 7.60 7.40 6.80 6.90 7.65 7.75 7.57 7.92 8.29 8.41 7.44 6.83 7.21 7.08 6.20 6.52 7.82 7.44 7.74 8.33 7.62 7.68 7.63 7.04 7.66 7.99 7.26 7.61 7.72 7.23 7.34 7.04 7.40 7.37 6.86 7.33 7.63 6.60 5.32 5.00 6.16 7.67 7.02 5.87 6.32 7.23 8.03 8.11 7.79 8.38 7.58 6.87 6.90 6.33 7.27 8.25 8.04 7.22 7.00 7.50 7.53 7.44 7.08 7.05 7.14 6.76 6.39
9.57 8.49 7.10 6.80 6.60 6.39 6.69 7.00 6.94 6.99 7.19 7.48 7.25 6.62 6.44 6.68 7.18 7.42 7.09 6.78 6.93 7.41 7.55 7.26 7.30 7.75 8.45 8.22 7.55 7.58 7.40 6.79 6.93 7.59 7.15 7.44 8.06 7.08 7.22 7.40 6.60 7.68 8.09 7.19 7.61 7.83 7.34 7.26 6.89 7.21 7.40 6.74 7.34 7.93 7.00 5.75 5.01 5.99 7.44 6.85 6.33 6.92 7.72 8.08 7.42 7.16 8.35 8.23 7.50 6.96 6.28 7.25 7.63 7.97 7.93 7.19 7.23 7.32 7.38 7.14 7.05 7.02 6.82 6.62
8.95 8.48 7.78 7.34 7.13 6.68 6.63 7.02 6.94 6.88 7.32 7.81 7.18 6.28 6.38 6.86 7.15 7.00 6.82 6.95 7.06 7.23 7.42 7.23 6.92 7.09 7.59 7.78 7.46 7.43 7.18 6.90 7.29 7.55 7.25 7.25 7.66 6.85 6.62 7.12 6.87 7.48 7.83 7.33 7.45 7.83 7.72 7.35 6.83 6.92 7.34 6.66 7.08 7.95 7.43 6.47 5.35 5.74 6.83 6.71 6.75 7.43 7.86 7.77 7.38 7.16 7.77 8.19 8.05 7.40 6.40 7.05 7.61 7.58 7.64 7.41 7.37 7.30 7.28 7.18 7.06 6.95 6.87 6.80
8.50 8.00 7.63 7.42 7.35 7.13 6.75 7.02 6.98 6.75 7.30 8.13 7.43 6.07 6.28 6.95 7.02 6.71 6.88 7.21 7.15 7.33 7.30 7.07 6.86 7.11 7.38 7.42 7.19 7.13 6.90 6.93 7.49 7.60 7.55 7.49 7.45 6.90 6.23 6.73 7.54 7.33 7.46 7.49 7.12 7.53 7.98 7.75 6.99 6.74 7.17 6.78 6.81 7.67 7.60 7.02 6.15 5.63 6.18 6.55 6.91 7.91 7.90 7.13 7.47 7.54 7.15 7.71 8.17 7.91 6.93 6.82 7.64 7.59 7.27 7.27 7.42 7.39 7.29 7.22 7.09 6.98 6.96 6.92
8.74 7.96 7.16 7.08 7.12 7.10 6.83 6.93 6.94 6.75 7.08 8.07 7.79 6.10 6.20 6.82 6.83 6.76 7.02 7.25 7.37 7.69 7.21 6.73 6.81 7.18 7.25 7.42 7.37 7.07 6.89 7.14 7.64 7.46 7.37 7.81 7.67 7.01 6.23 6.47 7.70 7.42 7.29 7.51 7.05 7.17 7.85 8.02 7.30 6.93 7.09 6.92 6.72 7.40 7.46 6.88 6.81 6.00 5.80 6.38 6.89 7.96 7.89 6.98 7.53 7.79 6.84 7.17 7.92 8.05 7.50 6.95 7.35 7.53 7.29 7.22 7.34 7.33 7.28 7.22 7.11 7.05 7.03 7.00
9.05 8.24 7.15 6.88 7.01 7.00 6.73 6.82 6.83 6.84 7.04 7.79 7.84 6.32 6.14 6.51 6.71 7.04 7.09 7.10 7.49 8.08 7.35 6.40 6.78 7.20 7.05 7.11 7.19 7.14 7.12 7.44 7.76 7.34 6.83 7.57 7.92 7.20 6.52 6.45 7.46 7.68 7.15 7.14 7.11 7.18 7.60 7.77 7.55 7.19 7.13 7.08 7.00 7.48 7.31 6.60 6.87 6.60 5.87 6.13 7.07 7.86 7.42 7.05 7.62 7.97 7.03 6.75 7.53 7.90 7.74 7.29 7.20 7.32 7.29 7.29 7.38 7.28 7.21 7.20 7.13 7.11 7.11 7.08
9.03 8.41 7.46 6.96 7.05 7.12 6.73 6.74 6.73 6.76 7.11 7.74 7.67 6.45 6.24 6.40 6.70 7.20 7.01 7.11 7.45 8.13 7.77 6.37 6.69 7.17 7.17 7.01 6.71 7.05 7.44 7.87 7.97 7.40 6.61 7.11 7.77 7.28 6.77 6.44 7.25 7.98 7.18 6.79 6.98 7.46 7.50 7.23 7.66 7.36 6.92 6.89 7.45 7.72 7.10 6.64 6.88 7.01 6.13 5.95 7.10 8.01 7.21 6.78 7.50 7.96 7.46 6.88 7.32 7.71 7.69 7.46 7.31 7.30 7.21 7.26 7.41 7.32 7.22 7.19 7.15 7.14 7.15 7.15
8.87 8.40 7.48 7.11 7.24 7.07 6.78 6.76 6.69 6.55 6.80 7.76 7.54 6.10 6.29 6.90 6.92 7.17 6.83 7.09 7.42 7.75 8.06 6.93 6.63 6.98 7.18 7.03 6.65 6.96 7.43 8.00 8.21 7.62 6.74 6.88 7.43 7.20 6.87 6.37 7.10 8.06 7.25 6.73 6.96 7.65 7.36 6.95 7.78 7.60 6.76 6.71 7.77 7.82 6.92 6.56 6.95 7.28 6.34 6.00 6.81 8.00 7.58 6.63 7.26 7.65 7.44 7.23 7.33 7.58 7.54 7.42 7.39 7.38 7.22 7.21 7.33 7.32 7.25 7.20 7.18 7.16 7.17 7.20
8.92 8.37 7.19 7.11 7.66 7.05 6.71 6.79 6.74 6.38 6.23 7.39 7.51 5.83 5.87 7.41 7.46 7.01 6.64 7.12 7.52 7.19 7.84 7.66 6.76 6.94 7.13 6.86 6.80 7.11 7.45 7.92 8.34 7.84 7.00 6.88 7.05 7.03 6.87 6.40 6.94 7.85 7.29 6.69 7.24 7.80 6.98 6.75 7.78 7.64 6.74 6.92 7.95 7.78 7.00 6.56 6.94 7.39 6.65 6.22 6.54 7.60 7.75 6.91 7.16 7.36 7.26 7.30 7.34 7.45 7.41 7.32 7.37 7.42 7.27 7.20 7.26 7.28 7.25 7.23 7.20 7.17 7.18 7.25
8.74 8.56 7.38 7.14 8.03 7.43 6.96 7.02 6.87 6.30 5.92 6.75 6.97 5.96 5.63 7.26 8.03 6.71 6.15 7.26 7.78 6.91 7.39 7.85 6.99 6.95 7.14 6.95 6.75 7.12 7.49 7.79 8.43 8.18 7.35 7.00 6.87 6.88 6.62 6.50 6.94 7.42 7.25 6.59 7.47 8.09 6.97 6.67 7.45 7.48 6.79 7.06 7.96 7.85 7.16 6.68 6.86 7.40 7.08 6.52 6.55 7.27 7.57 7.19 7.16 7.26 7.28 7.31 7.32 7.32 7.33 7.26 7.29 7.39 7.29 7.22 7.25 7.25 7.26 7.24 7.20 7.14 7.16 7.28
7.65 8.31 8.01 7.54 8.34 8.09 7.70 7.52 7.02 6.46 6.12 6.42 6.01 5.75 5.88 6.99 8.26 6.54 5.79 7.30 7.88 6.93 7.13 7.65 7.10 6.89 7.18 7.40 6.96 7.09 7.38 7.46 8.07 8.40 7.91 7.18 6.93 7.02 6.38 6.43 7.09 7.15 7.05 6.50 7.32 8.21 7.42 6.87 7.05 7.39 6.93 6.90 7.75 7.98 7.41 6.76 6.67 7.38 7.44 6.81 6.79 7.17 7.37 7.23 7.18 7.25 7.29 7.33 7.31 7.24 7.26 7.25 7.24 7.29 7.27 7.23 7.25 7.23 7.25 7.25 7.19 7.13 7.13 7.25
6.76 7.54 7.71 7.54 8.62 9.07 8.85 8.29 7.29 6.98 6.68 6.38 5.50 5.10 5.61 6.73 8.13 6.89 6.17 7.36 7.91 7.20 6.91 7.38 7.02 6.84 7.20 7.59 7.59 7.40 7.53 7.45 7.46 8.11 8.16 7.34 6.86 7.05 6.37 6.24 7.15 7.21 6.88 6.49 7.04 8.02 7.80 7.09 6.77 7.28 7.11 6.79 7.52 7.92 7.60 6.94 6.64 7.28 7.48 7.05 7.04 7.21 7.31 7.24 7.22 7.28 7.30 7.32 7.32 7.23 7.21 7.23 7.21 7.20 7.22 7.22 7.23 7.29 7.28 7.22 7.08 7.12 7.23 7.19
6.33 7.28 7.06 6.42 7.87 9.15 9.73 9.48 8.20 7.83 7.46 6.71 5.98 5.02 5.02 6.04 7.48 7.03 6.70 7.23 7.91 7.73 6.89 7.06 6.83 6.91 7.16 7.31 7.76 7.68 8.07 8.07 7.44 7.94 8.02 7.38 6.99 6.91 6.43 6.17 7.03 7.33 6.81 6.60 6.85 7.70 8.04 7.36 6.75 6.95 7.06 6.89 7.52 7.74 7.46 7.15 6.88 7.22 7.33 7.18 7.19 7.24 7.31 7.32 7.31 7.30 7.30 7.28 7.26 7.22 7.15 7.13 7.13 7.14 7.19 7.22 7.15 7.36 7.49 7.20 6.94 6.97 7.29 7.36
5.79 7.10 6.97 5.87 6.79 7.93 8.89 9.48 8.93 8.75 8.23 7.48 7.24 5.95 5.18 5.56 6.58 6.94 6.94 6.93 7.55 7.90 7.08 6.84 6.78 6.95 7.23 7.10 7.29 7.36 8.00 8.61 8.02 8.10 7.93 7.29 7.13 6.96 6.54 6.16 6.77 7.37 6.94 6.71 6.73 7.45 8.07 7.64 7.11 6.81 6.68 6.84 7.59 7.58 7.26 7.23 7.14 7.22 7.24 7.23 7.25 7.26 7.32 7.46 7.50 7.32 7.32 7.33 7.20 7.26 7.13 6.93 6.95 6.93 7.13 7.35 7.07 7.30 7.69 7.46 7.25 6.68 6.72 7.57
5.77 6.73 6.99 6.39 6.81 7.44 8.09 8.32 8.14 8.94 8.65 7.43 7.55 7.05 5.94 5.59 6.08 6.92 7.13 6.98 7.33 7.65 6.99 6.61 6.85 6.89 7.34 7.32 7.08 7.12 7.52 8.52 8.49 8.27 8.14 7.40 7.11 7.13 6.82 6.32 6.39 7.17 7.27 6.75 6.64 7.37 7.90 7.61 7.46 7.17 6.65 6.76 7.45 7.41 7.19 7.24 7.25 7.24 7.25 7.26 7.26 7.26 7.31 7.52 7.75 7.44 7.39 7.48 7.22 7.45 7.19 6.66 6.81 6.61 6.75 7.54 7.24 7.03 7.48 7.86 8.05 6.89 6.24 7.43
5.76 6.36 6.88 6.92 7.01 7.62 8.62 7.82 6.89 8.50 9.18 7.43 6.94 7.35 6.55 5.83 5.95 6.73 7.27 7.30 7.57 7.66 7.09 6.55 6.63 6.78 7.25 7.55 7.26 7.10 7.50 8.31 8.16 8.12 8.43 7.70 7.23 7.24 7.01 6.73 6.30 6.61 7.38 6.96 6.50 7.33 7.76 7.41 7.39 7.41 7.05 6.97 7.29 7.29 7.19 7.22 7.26 7.27 7.29 7.28 7.26 7.29 7.33 7.38 7.83 7.67 7.41 7.58 7.41 7.69 7.28 6.38 6.77 6.74 6.06 7.22 7.74 6.99 6.93 7.67 8.34 7.66 6.88 7.11
5.48 6.03 6.99 7.09 6.53 7.26 9.21 8.27 6.32 7.89 9.32 8.11 7.19 7.29 6.83 6.08 5.89 6.44 7.14 7.37 7.63 7.77 7.54 6.94 6.40 6.52 6.89 7.28 7.41 7.22 7.73 8.38 7.60 7.48 8.36 8.11 7.51 7.21 6.92 6.99 6.83 6.28 6.94 7.28 6.49 7.11 7.65 7.31 7.22 7.26 7.25 7.21 7.25 7.25 7.21 7.21 7.27 7.33 7.36 7.29 7.26 7.37 7.39 7.11 7.60 7.96 7.41 7.37 7.61 7.80 7.31 5.94 6.39 7.14 5.77 6.28 7.84 7.62 6.88 7.22 7.77 7.73 7.63 7.17
5.07 5.69 7.27 7.19 6.26 7.02 8.87 8.55 6.62 7.54 8.64 8.00 7.89 7.60 7.12 6.41 5.87 6.26 6.91 7.38 7.55 7.61 7.61 7.25 6.73 6.69 6.68 6.68 7.25 7.54 7.86 8.37 7.71 7.05 7.75 8.43 8.14 7.30 6.72 6.88 7.38 6.70 6.42 7.25 6.91 6.93 7.40 7.30 7.16 7.13 7.21 7.24 7.24 7.22 7.19 7.16 7.31 7.52 7.45 7.28 7.32 7.48 7.61 7.08 7.14 8.10 7.74 7.34 7.62 7.79 7.61 6.12 6.10 7.14 6.22 5.66 7.01 7.98 7.51 7.30 7.21 7.38 7.84 7.48
4.87 5.50 7.15 7.20 6.69 7.60 8.62 8.17 7.11 7.69 7.77 7.36 7.93 7.68 7.30 6.91 6.02 6.13 6.77 7.50 7.88 7.64 7.38 7.21 7.11 7.28 6.79 6.33 7.13 7.61 7.75 8.11 7.89 7.11 7.08 8.16 8.60 7.58 6.77 6.69 7.34 7.34 6.39 6.79 7.23 7.01 7.17 7.27 7.14 7.12 7.18 7.19 7.20 7.19 7.15 7.04 7.20 7.87 7.80 7.24 7.38 7.53 7.91 7.57 6.86 7.75 8.08 7.82 7.79 7.69 7.98 7.38 6.56 6.75 6.68 6.07 6.35 7.43 7.76 7.59 7.00 7.05 7.71 7.53
5.43 5.72 6.43 6.68 6.98 7.78 8.84 8.43 7.29 7.75 7.29 6.95 7.87 7.52 7.03 7.07 6.36 6.07 6.66 7.49 8.03 7.84 7.25 7.16 7.22 7.40 6.78 6.38 7.37 7.40 7.51 8.04 7.80 7.10 6.86 7.79 8.45 7.78 7.32 6.80 6.92 7.67 6.81 6.51 7.13 7.10 7.13 7.24 7.15 7.12 7.15 7.13 7.13 7.13 7.06 6.98 6.91 7.69 8.22 7.24 7.24 7.44 7.77 7.94 7.01 7.24 7.86 7.90 7.67 7.48 7.77 7.83 7.09 6.43 6.65 6.82 6.67 6.95 7.38 7.52 7.08 6.91 7.40 7.50
6.18 6.20 6.05 6.09 6.73 7.20 8.81 9.16 7.46 7.58 7.32 6.81 7.62 7.62 6.90 6.72 6.48 6.18 6.71 7.43 7.68 7.94 7.42 7.08 7.48 7.31 6.72 6.64 7.50 7.25 7.18 8.12 7.88 7.06 6.98 7.60 7.91 7.71 7.82 7.25 6.68 7.49 7.24 6.68 7.00 7.08 7.12 7.21 7.18 7.14 7.11 7.09 7.02 7.06 7.06 7.04 6.83 7.26 8.17 7.33 7.23 7.48 7.58 7.83 7.10 7.03 7.62 7.80 7.29 7.56 7.83 7.59 7.37 6.71 6.60 7.05 7.21 7.00 7.15 7.27 7.08 7.00 7.13 7.45
6.59 6.57 6.28 6.13 6.21 6.36 8.43 9.61 8.03 7.46 7.48 7.07 7.23 7.43 6.89 6.48 6.37 6.41 6.95 7.45 7.24 7.81 7.70 6.70 7.40 7.33 7.15 7.12 7.31 7.22 6.99 7.96 7.82 7.22 7.39 7.44 7.29 7.52 7.71 7.65 7.13 7.08 7.23 6.96 6.99 7.10 7.11 7.18 7.18 7.15 7.08 7.06 6.81 6.85 7.23 7.15 6.89 7.39 7.86 7.18 7.30 7.61 7.65 7.88 7.19 6.91 7.52 7.70 7.25 7.54 7.88 7.39 7.28 7.20 6.91 6.97 7.36 7.22 7.16 7.23 7.01 7.05 7.10 7.32
