windninja/SE045_results/maria_elevation_tif_point_11-01-2019_0300_500m_vel.asc
ncols	128
nrows	92
xllcorner	280654.681342
yllcorner	3772085.885776
cellsize	500.000000
NODATA_value	-32768.000000
[rows 0 to 37 of 92, columns 0 to 83 of 128]
5.18 5.54 6.23 6.64 6.49 6.09 6.11 6.61 6.99 7.30 7.34 7.14 6.80 6.59 6.20 5.50 5.06 5.09 5.78 6.37 6.58 6.64 6.71 6.82 6.79 6.78 6.97 6.99 6.73 6.54 6.49 6.39 6.29 6.33 6.39 6.46 6.83 7.16 7.30 7.48 7.28 6.93 6.93 7.33 7.55 7.58 7.40 7.05 6.82 7.03 7.15 7.36 7.38 7.41 7.45 7.14 6.68 6.30 6.28 6.44 6.72 7.11 7.19 7.14 7.15 6.91 6.35 5.53 4.65 4.24 4.33 4.50 4.40 4.18 4.03 4.09 4.16 4.13 4.26 4.53 4.84 5.34 6.16 6.34
5.18 5.54 6.23 6.64 6.49 6.09 6.11 6.61 6.99 7.30 7.34 7.14 6.80 6.59 6.20 5.50 5.06 5.09 5.78 6.37 6.58 6.64 6.71 6.82 6.79 6.78 6.97 6.99 6.73 6.54 6.49 6.39 6.29 6.33 6.39 6.46 6.83 7.16 7.30 7.48 7.28 6.93 6.93 7.33 7.55 7.58 7.40 7.05 6.82 7.03 7.15 7.36 7.38 7.41 7.45 7.14 6.68 6.30 6.28 6.44 6.72 7.11 7.19 7.14 7.15 6.91 6.35 5.53 4.65 4.24 4.33 4.50 4.40 4.18 4.03 4.09 4.16 4.13 4.26 4.53 4.84 5.34 6.16 6.34
4.36 4.14 4.28 5.00 5.36 5.26 5.07 5.08 5.31 5.69 5.88 5.93 5.62 5.62 5.74 5.52 5.35 5.22 5.12 5.16 5.41 5.68 5.80 5.89 5.83 5.50 5.52 5.81 5.74 5.51 5.45 5.44 5.29 5.25 5.37 5.49 5.46 5.26 5.58 6.11 6.41 6.50 6.23 5.70 5.55 5.81 5.82 6.11 5.93 5.89 5.98 5.89 5.62 5.83 6.30 6.54 6.33 5.81 5.71 5.72 5.60 5.91 6.23 6.10 5.94 5.81 5.62 5.42 5.14 4.84 4.62 4.58 4.57 4.48 4.36 4.28 4.29 4.38 4.62 4.87 5.13 5.27 5.43 5.81
4.66 4.11 3.58 3.96 4.84 5.33 5.02 4.51 4.47 4.63 4.69 4.98 5.11 5.17 5.45 5.59 5.47 5.09 4.72 4.61 4.69 4.67 4.55 4.59 4.76 4.62 4.46 4.68 4.93 4.94 4.84 4.86 4.83 4.72 4.68 4.61 4.40 4.20 4.40 4.66 4.92 5.26 5.23 4.85 4.86 4.97 4.65 4.87 4.80 4.74 4.98 4.72 4.44 4.48 4.82 5.63 6.23 5.66 5.15 5.24 4.92 4.70 4.87 4.58 4.42 4.84 5.30 5.53 5.52 5.28 4.85 4.66 4.79 4.85 4.78 4.72 4.84 5.11 5.34 5.26 4.94 4.56 4.73 5.55
5.25 5.39 5.10 4.59 4.72 5.05 5.05 4.81 4.68 4.65 4.53 4.54 4.84 4.94 4.90 5.03 5.03 4.84 4.74 4.72 4.65 4.48 4.36 4.38 4.47 4.50 4.40 4.37 4.48 4.67 4.69 4.67 4.76 4.79 4.73 4.59 4.47 4.47 4.59 4.59 4.50 4.56 4.66 4.62 4.95 5.54 5.32 4.95 4.75 4.61 4.77 4.77 4.89 4.68 4.04 4.32 5.84 6.04 5.05 5.00 5.03 4.79 4.84 4.93 4.96 5.22 5.71 5.95 5.81 5.60 5.22 4.82 4.70 4.62 4.62 4.83 4.89 4.57 4.20 4.17 3.99 3.97 4.42 4.96
4.40 4.91 5.20 4.41 3.84 3.81 3.89 4.04 4.22 4.40 4.51 4.31 4.23 4.42 4.50 4.62 4.81 4.79 4.64 4.55 4.58 4.60 4.59 4.58 4.53 4.43 4.36 4.34 4.34 4.38 4.43 4.44 4.48 4.53 4.55 4.51 4.40 4.31 4.41 4.56 4.55 4.65 4.62 4.18 4.04 4.71 5.30 5.53 5.59 5.32 5.04 5.01 5.18 5.22 4.47 3.61 4.33 5.92 5.37 4.57 4.73 5.05 5.32 5.64 5.79 5.54 5.50 5.88 6.14 6.16 5.85 5.50 5.43 5.37 5.06 4.39 3.52 3.23 3.29 3.70 4.17 4.02 3.55 3.33
4.13 4.43 4.96 4.77 4.23 3.90 3.79 3.92 4.18 4.41 4.70 4.85 4.70 4.59 4.68 4.73 4.78 4.78 4.72 4.70 4.76 4.78 4.70 4.64 4.66 4.67 4.63 4.60 4.62 4.63 4.62 4.60 4.58 4.54 4.51 4.46 4.38 4.19 3.94 3.89 3.95 4.25 4.64 4.54 4.30 4.33 4.64 5.03 5.27 5.41 5.18 4.98 4.95 5.20 5.36 4.45 3.80 5.03 5.80 4.90 4.43 4.60 4.49 4.36 4.86 4.99 5.03 5.31 5.64 6.01 5.99 5.93 6.15 6.34 6.33 5.51 4.21 4.25 4.76 4.83 4.39 3.49 2.67 2.44
4.46 4.67 5.13 5.51 5.66 5.35 4.89 4.60 4.44 4.46 4.65 4.97 5.22 5.16 5.10 5.02 4.88 4.81 4.74 4.64 4.59 4.65 4.70 4.69 4.67 4.66 4.65 4.63 4.59 4.54 4.49 4.43 4.38 4.33 4.26 4.15 4.06 3.97 3.76 3.54 3.50 3.65 4.08 4.41 4.55 4.59 4.46 4.37 4.31 4.43 4.59 4.64 4.66 4.72 5.06 5.08 4.55 4.50 5.42 5.13 3.80 3.34 3.45 3.64 3.98 3.96 4.15 4.51 4.87 5.49 5.69 5.29 4.94 4.92 5.39 5.99 5.75 5.22 4.42 4.14 4.35 4.46 4.27 3.76
4.55 4.83 5.19 5.24 5.62 5.90 5.64 5.21 4.89 4.75 4.73 4.78 4.98 5.12 5.11 5.04 4.92 4.85 4.86 4.79 4.59 4.52 4.62 4.72 4.76 4.75 4.75 4.74 4.68 4.55 4.42 4.34 4.22 4.11 4.17 4.21 4.18 4.29 4.43 4.26 4.01 3.88 3.92 4.13 4.29 4.40 4.33 4.26 4.27 4.15 4.08 4.32 4.46 4.50 4.56 4.68 4.71 4.38 4.52 4.64 3.78 2.89 2.72 3.20 3.61 3.44 3.28 3.44 3.66 4.35 4.93 4.93 4.52 3.93 3.61 3.82 3.92 4.05 3.86 4.24 5.31 5.90 6.00 5.49
4.41 4.65 5.09 4.99 4.86 5.06 5.28 5.27 5.06 4.83 4.69 4.61 4.55 4.60 4.75 4.84 4.87 4.85 4.86 4.95 4.88 4.70 4.66 4.75 4.81 4.78 4.74 4.70 4.57 4.33 4.11 4.18 4.35 4.40 4.54 4.72 4.68 4.53 4.58 4.67 4.59 4.40 4.14 3.95 3.89 3.91 3.83 3.78 4.00 4.18 3.96 3.80 3.95 4.21 4.40 4.31 4.14 4.14 4.41 4.66 4.95 4.57 2.99 2.39 2.83 3.20 3.02 3.00 3.42 4.19 4.64 5.26 5.94 5.85 5.04 4.06 3.97 4.80 5.70 5.92 5.41 4.74 4.84 4.95
4.31 4.47 4.97 5.11 4.94 4.83 4.79 4.83 4.86 4.80 4.70 4.64 4.58 4.57 4.68 4.80 4.84 4.80 4.71 4.77 4.86 4.78 4.70 4.73 4.76 4.72 4.77 4.99 5.18 5.10 4.82 4.80 4.99 5.02 4.89 4.74 4.58 4.39 4.22 4.18 4.19 4.18 4.09 3.95 3.88 3.88 3.77 3.62 3.70 4.06 4.25 4.05 3.92 4.06 4.17 4.41 4.77 5.16 5.92 6.39 6.83 7.17 6.08 4.32 3.94 4.43 4.60 5.03 5.48 5.93 5.64 4.96 5.80 6.90 7.23 6.60 6.08 6.03 5.63 5.20 4.85 4.44 4.28 4.41
4.12 4.11 4.39 4.64 4.67 4.64 4.61 4.62 4.69 4.76 4.77 4.69 4.57 4.59 4.68 4.72 4.78 4.82 4.75 4.66 4.66 4.61 4.56 4.61 4.65 4.59 4.62 4.96 5.56 5.96 5.93 5.69 5.36 4.89 4.51 4.35 4.26 4.16 4.06 3.89 3.84 3.99 4.07 4.01 4.01 4.08 3.99 3.66 3.30 3.30 3.81 4.29 4.28 4.11 3.99 4.31 5.04 5.64 6.04 6.27 6.38 7.05 7.87 7.58 7.12 6.97 6.94 6.77 6.05 5.65 6.10 5.16 4.65 5.31 6.74 6.98 5.83 5.08 4.87 4.74 4.83 5.03 4.87 4.64
4.07 4.00 4.12 4.36 4.45 4.54 4.60 4.65 4.73 4.80 4.84 4.87 4.72 4.61 4.72 4.81 4.84 4.90 4.90 4.83 4.86 4.84 4.71 4.74 4.82 4.76 4.61 4.41 4.53 4.96 5.15 5.06 4.94 4.77 4.49 4.40 4.44 4.41 4.45 4.41 4.27 4.31 4.41 4.31 4.20 4.22 4.17 3.90 3.44 2.98 2.88 3.21 3.63 3.90 3.98 4.17 4.32 4.32 4.29 4.28 4.46 4.89 5.95 6.87 6.69 6.04 5.81 5.91 5.42 4.97 5.70 5.75 4.89 4.66 5.64 6.65 6.06 5.03 5.07 5.18 4.90 5.00 5.09 4.82
4.24 4.01 3.99 4.33 4.51 4.63 4.67 4.61 4.67 4.86 4.98 5.17 5.19 4.89 4.81 4.94 4.97 4.96 5.02 5.03 5.05 5.05 4.76 4.57 4.60 4.53 4.46 4.19 3.83 3.88 4.15 4.43 4.74 4.92 4.64 4.28 4.16 4.17 4.43 4.59 4.48 4.41 4.48 4.49 4.44 4.53 4.69 4.90 4.99 4.64 4.12 3.83 3.95 4.24 4.38 4.47 4.49 4.33 4.14 4.20 4.47 4.71 4.87 5.20 5.21 4.61 4.34 4.85 5.25 5.38 5.75 5.79 5.08 4.49 4.91 6.09 6.46 5.71 5.21 5.36 5.23 4.98 4.97 4.86
4.86 4.49 4.12 4.29 4.57 4.75 4.90 4.87 4.75 4.87 5.02 5.14 5.31 5.24 5.01 4.95 4.97 4.92 4.99 5.13 5.11 5.05 4.73 4.37 4.26 4.03 3.88 3.95 3.97 4.00 4.14 4.39 4.80 5.15 5.08 4.95 4.90 4.73 4.72 4.70 4.67 4.88 5.04 5.14 5.27 5.53 5.92 6.28 6.58 6.64 6.39 6.07 5.79 5.49 5.01 4.53 4.52 4.71 4.64 4.53 4.56 4.58 4.51 4.66 4.95 4.60 4.04 3.93 4.18 4.60 5.18 5.67 5.16 4.06 3.97 5.02 5.87 5.91 5.51 5.32 5.33 5.15 4.98 4.86
5.07 4.72 4.33 4.28 4.38 4.55 4.78 4.91 4.82 4.77 4.77 4.76 4.85 4.92 4.89 4.89 5.00 5.05 5.00 4.96 5.04 5.20 5.29 5.31 5.22 4.83 4.33 4.00 4.07 4.27 4.36 4.42 4.93 5.79 6.33 6.67 6.74 6.62 6.45 6.37 6.33 6.38 6.39 6.41 6.49 6.46 6.38 6.23 6.04 5.95 5.63 5.29 5.13 4.98 4.62 4.30 4.32 4.64 4.80 4.46 3.78 3.37 3.39 3.76 4.41 4.62 4.32 3.83 3.65 3.72 3.80 4.51 5.08 4.35 3.67 4.12 4.86 5.13 5.11 4.97 5.03 5.11 5.00 4.84
5.16 4.54 4.00 3.95 3.98 4.15 4.39 4.61 4.65 4.63 4.61 4.60 4.62 4.70 4.80 4.93 5.10 5.18 5.08 4.95 5.07 5.40 5.57 5.70 6.03 6.31 6.15 5.43 5.11 5.29 5.49 5.75 6.17 6.56 6.67 6.65 6.62 6.72 6.95 6.98 6.87 6.67 6.43 6.28 6.14 5.76 5.23 4.94 4.64 4.70 4.71 4.60 4.67 4.66 4.45 4.29 4.32 4.57 4.74 4.50 4.05 3.79 3.77 3.93 4.32 4.77 5.00 4.55 4.02 3.85 3.80 4.15 4.81 5.00 4.45 4.18 4.50 4.77 4.88 4.85 4.86 4.93 4.89 4.77
5.77 5.38 4.79 4.46 4.27 4.25 4.42 4.56 4.61 4.66 4.67 4.62 4.59 4.66 4.75 4.79 4.84 4.90 4.96 4.98 4.95 5.03 5.15 5.30 5.77 6.47 7.09 7.32 7.25 7.10 7.01 6.81 6.28 5.76 5.38 5.38 5.59 5.59 5.68 5.64 5.36 5.56 5.58 5.19 4.95 4.77 4.44 4.30 4.31 4.55 4.73 4.75 5.06 5.21 4.85 4.34 4.10 4.22 4.52 4.55 4.51 4.62 4.73 4.69 4.56 4.63 5.08 5.13 4.74 4.40 4.31 4.52 4.65 4.96 5.12 4.82 4.67 4.72 4.81 4.79 4.77 4.81 4.80 4.73
5.58 5.78 5.91 5.72 5.45 5.06 4.87 4.87 4.80 4.80 4.88 4.82 4.60 4.57 4.72 4.76 4.70 4.72 4.77 4.74 4.71 4.84 5.21 5.54 5.61 5.58 5.66 5.93 5.94 5.75 5.45 5.06 4.75 4.51 4.34 4.33 4.54 4.40 4.34 4.59 4.45 4.42 4.61 4.50 4.52 4.73 4.66 4.45 4.36 4.54 4.80 4.76 4.91 5.18 5.04 4.62 4.14 4.05 4.47 4.82 4.92 4.84 4.76 4.85 4.80 4.59 4.79 5.17 5.15 4.76 4.33 4.46 4.63 4.60 4.78 4.89 4.83 4.73 4.73 4.75 4.73 4.73 4.74 4.70
4.97 5.12 5.39 5.47 5.44 5.25 4.96 4.88 4.86 4.86 5.06 5.19 4.89 4.58 4.63 4.75 4.76 4.76 4.83 4.89 5.02 5.27 5.40 5.39 5.25 5.02 4.73 4.46 4.30 4.30 4.32 4.35 4.55 4.74 4.76 4.50 4.24 4.04 3.95 4.29 4.49 4.30 4.38 4.47 4.53 4.84 5.06 4.90 4.60 4.49 4.65 4.64 4.64 4.99 5.20 5.11 4.64 4.28 4.53 4.84 4.96 4.96 4.67 4.51 4.67 4.61 4.55 4.87 5.13 5.05 4.64 4.50 4.72 4.69 4.58 4.66 4.80 4.85 4.83 4.81 4.80 4.79 4.77 4.73
4.77 4.57 4.33 4.35 4.47 4.60 4.66 4.72 4.79 4.75 4.81 5.09 5.03 4.66 4.67 4.83 4.92 4.95 5.13 5.42 5.47 5.20 4.80 4.64 4.58 4.55 4.64 4.77 4.70 4.55 4.52 4.60 4.66 4.58 4.67 4.81 4.59 4.34 4.24 4.39 4.73 4.70 4.67 4.79 4.69 4.70 5.00 5.14 4.94 4.71 4.63 4.57 4.54 4.69 4.76 4.83 4.87 4.49 4.29 4.41 4.48 4.66 4.74 4.56 4.56 4.51 4.30 4.52 4.92 5.08 4.88 4.52 4.53 4.71 4.70 4.65 4.68 4.74 4.80 4.83 4.82 4.80 4.76 4.72
4.92 4.63 4.20 4.13 4.30 4.41 4.49 4.63 4.69 4.71 4.69 4.84 4.99 4.81 4.72 4.83 5.02 5.18 5.17 5.05 4.99 4.91 4.53 4.29 4.39 4.42 4.31 4.33 4.57 4.68 4.53 4.34 4.28 4.22 4.27 4.69 4.95 4.83 4.61 4.44 4.59 4.56 4.35 4.51 4.67 4.65 4.76 5.03 5.10 4.97 4.96 4.97 4.77 4.60 4.57 4.57 4.71 4.59 4.23 4.21 4.31 4.26 4.34 4.56 4.68 4.66 4.33 4.27 4.59 4.83 4.85 4.67 4.54 4.60 4.69 4.75 4.76 4.75 4.77 4.80 4.80 4.79 4.77 4.73
5.36 5.14 4.91 4.84 4.83 4.79 4.61 4.55 4.59 4.72 4.87 4.98 5.05 5.00 4.85 4.74 4.83 4.93 4.90 4.87 4.89 5.06 4.87 4.41 4.40 4.52 4.46 4.34 4.39 4.68 4.86 4.83 4.64 4.39 4.23 4.42 4.72 4.73 4.56 4.44 4.61 4.73 4.52 4.50 4.68 4.78 4.72 4.78 4.91 4.75 4.70 4.86 4.95 4.87 4.85 4.81 4.74 4.62 4.38 4.32 4.55 4.66 4.41 4.44 4.78 5.03 4.95 4.65 4.59 4.72 4.81 4.81 4.75 4.71 4.72 4.80 4.88 4.87 4.81 4.78 4.77 4.76 4.75 4.72
5.47 5.33 5.11 4.90 4.61 4.43 4.41 4.39 4.37 4.46 4.74 5.03 4.94 4.84 5.08 5.04 4.75 4.68 4.70 4.82 4.89 5.01 5.12 4.66 4.34 4.42 4.60 4.70 4.62 4.60 4.67 4.77 4.77 4.54 4.25 4.22 4.43 4.51 4.48 4.47 4.71 4.96 4.85 4.74 4.71 4.79 4.85 4.90 5.06 4.99 4.82 4.81 4.96 4.91 4.68 4.61 4.72 4.73 4.48 4.37 4.57 4.93 4.81 4.50 4.58 4.72 4.77 4.72 4.65 4.69 4.76 4.81 4.83 4.81 4.76 4.74 4.77 4.79 4.78 4.77 4.75 4.75 4.75 4.74
5.23 4.95 4.52 4.46 4.38 3.99 3.86 3.91 3.95 4.00 4.21 4.70 4.92 4.69 4.83 5.12 4.86 4.70 4.79 4.74 4.57 4.57 4.98 4.99 4.70 4.71 4.73 4.69 4.69 4.64 4.58 4.63 4.69 4.52 4.23 4.10 4.20 4.40 4.53 4.50 4.60 4.91 4.90 4.81 4.83 4.73 4.60 4.76 5.08 5.10 4.96 4.95 4.99 4.90 4.72 4.63 4.73 4.82 4.59 4.32 4.28 4.58 4.76 4.52 4.36 4.37 4.40 4.47 4.53 4.60 4.66 4.69 4.75 4.77 4.71 4.66 4.67 4.71 4.74 4.76 4.76 4.76 4.75 4.74
5.53 5.40 4.84 4.62 4.77 4.48 4.15 3.97 3.89 3.78 3.66 3.91 4.43 4.49 4.32 4.65 4.81 4.53 4.60 4.87 4.84 4.65 4.86 5.12 4.98 4.85 4.77 4.53 4.36 4.52 4.70 4.88 5.04 4.81 4.42 4.23 4.16 4.24 4.43 4.56 4.56 4.71 4.86 4.86 5.02 4.99 4.60 4.47 4.70 4.89 4.87 4.94 5.10 5.04 4.88 4.79 4.82 4.87 4.69 4.43 4.30 4.39 4.53 4.46 4.39 4.44 4.49 4.50 4.49 4.53 4.58 4.59 4.62 4.69 4.70 4.70 4.72 4.74 4.75 4.73 4.71 4.71 4.73 4.76
5.33 5.68 5.84 5.71 5.80 5.54 5.10 4.69 4.27 3.81 3.45 3.48 3.86 4.39 4.63 4.88 5.10 4.72 4.52 4.73 4.84 4.73 4.80 4.99 4.92 4.84 4.85 4.75 4.41 4.28 4.32 4.43 4.86 5.18 5.02 4.79 4.77 4.72 4.56 4.61 4.67 4.63 4.72 4.73 4.94 5.20 5.00 4.72 4.75 4.90 4.80 4.79 5.06 5.17 4.99 4.76 4.77 4.98 4.98 4.73 4.51 4.42 4.45 4.48 4.49 4.49 4.49 4.49 4.48 4.46 4.50 4.53 4.55 4.62 4.67 4.69 4.69 4.68 4.68 4.67 4.64 4.61 4.57 4.57
4.92 5.28 6.04 6.70 7.06 6.92 6.24 5.31 4.52 4.09 3.77 3.60 3.55 3.94 4.67 5.20 5.53 5.33 4.97 4.96 5.03 4.77 4.68 4.86 4.87 4.85 4.97 5.17 5.07 4.71 4.46 4.28 4.33 4.71 4.91 4.75 4.60 4.67 4.59 4.55 4.72 4.71 4.62 4.56 4.71 5.04 4.99 4.72 4.69 4.90 4.89 4.78 4.93 5.13 5.16 4.97 4.82 4.89 4.95 4.81 4.65 4.59 4.58 4.54 4.50 4.48 4.48 4.50 4.50 4.48 4.50 4.55 4.58 4.61 4.65 4.66 4.66 4.61 4.51 4.46 4.48 4.52 4.51 4.53
5.10 5.43 5.64 5.65 6.30 6.92 7.12 6.74 6.01 5.69 5.38 4.82 4.30 3.90 3.87 4.18 4.91 5.16 5.09 5.17 5.36 5.17 4.77 4.74 4.81 4.86 4.92 5.12 5.44 5.55 5.51 5.10 4.62 4.61 4.73 4.78 4.69 4.61 4.55 4.51 4.68 4.72 4.62 4.59 4.63 4.88 4.98 4.74 4.53 4.68 4.93 4.97 4.99 5.03 5.10 5.05 4.83 4.74 4.75 4.74 4.69 4.65 4.62 4.55 4.45 4.37 4.33 4.31 4.33 4.35 4.38 4.45 4.54 4.60 4.62 4.58 4.55 4.57 4.50 4.36 4.37 4.57 4.79 4.71
4.55 4.89 4.91 4.33 4.39 5.09 6.15 7.08 7.35 7.19 6.85 6.54 6.05 5.10 4.22 3.92 4.32 4.68 4.67 4.57 4.74 4.94 4.77 4.69 4.71 4.78 4.82 4.73 4.84 5.06 5.44 5.65 5.35 5.16 5.05 4.91 4.87 4.73 4.53 4.46 4.68 4.90 4.79 4.69 4.71 4.89 5.13 5.10 4.83 4.56 4.61 4.83 5.00 4.98 4.91 4.88 4.77 4.71 4.71 4.70 4.67 4.64 4.61 4.55 4.42 4.29 4.27 4.24 4.20 4.19 4.16 4.23 4.36 4.50 4.66 4.64 4.56 4.77 4.95 4.71 4.27 3.97 4.25 4.60
4.03 4.16 4.48 4.35 4.33 4.61 5.04 5.50 5.98 6.34 6.02 5.55 5.69 5.49 4.87 4.51 4.51 4.65 4.54 4.27 4.21 4.34 4.40 4.56 4.76 4.86 5.00 4.91 4.78 4.87 5.13 5.59 5.76 5.65 5.43 5.08 4.91 4.88 4.77 4.56 4.63 4.97 4.99 4.79 4.81 4.98 5.14 5.24 5.27 5.05 4.73 4.60 4.70 4.74 4.73 4.76 4.77 4.75 4.73 4.69 4.65 4.60 4.60 4.68 4.70 4.54 4.46 4.39 4.27 4.23 4.11 4.11 4.26 4.37 4.69 5.00 4.89 4.90 5.20 5.36 5.07 4.39 4.44 5.23
4.12 4.32 4.77 5.16 5.52 5.70 5.34 4.62 4.56 5.28 5.40 4.71 4.77 5.18 4.99 4.65 4.56 4.76 4.96 4.98 4.97 4.89 4.67 4.54 4.77 5.03 5.22 5.33 5.23 5.12 5.08 5.15 5.34 5.59 5.62 5.29 5.07 5.03 4.99 4.78 4.47 4.62 4.97 4.88 4.80 5.00 5.10 5.12 5.20 5.23 5.01 4.72 4.67 4.73 4.76 4.78 4.79 4.76 4.71 4.66 4.62 4.60 4.58 4.64 4.77 4.65 4.53 4.58 4.49 4.49 4.50 4.55 4.67 4.50 4.57 5.26 5.39 4.97 5.14 5.79 6.24 6.17 5.77 5.52
4.70 4.91 5.21 5.20 5.02 5.17 5.58 5.15 4.68 5.24 5.90 5.80 5.31 5.00 4.87 4.67 4.61 4.80 5.05 5.16 5.21 5.25 5.11 4.75 4.42 4.41 4.68 5.04 5.15 4.98 4.94 4.93 4.76 4.97 5.44 5.33 4.96 4.87 4.95 5.03 4.76 4.46 4.79 4.96 4.71 4.82 4.99 4.90 4.83 4.86 4.91 4.88 4.85 4.86 4.86 4.85 4.83 4.78 4.69 4.58 4.51 4.45 4.35 4.28 4.47 4.47 4.17 4.25 4.50 4.61 4.47 4.29 4.67 4.99 4.86 5.25 5.87 5.77 5.43 5.45 5.62 5.71 5.55 5.11
4.72 4.88 5.02 4.72 4.32 4.25 4.87 5.25 4.92 4.94 5.39 5.63 5.64 5.38 5.12 4.82 4.64 4.72 4.83 4.81 4.68 4.73 4.96 5.03 4.78 4.47 4.42 4.64 5.00 5.15 5.17 5.27 5.05 4.85 5.27 5.66 5.42 5.05 4.97 5.11 5.17 4.80 4.65 4.94 4.81 4.58 4.68 4.73 4.70 4.74 4.81 4.87 4.90 4.90 4.89 4.90 4.90 4.76 4.57 4.51 4.55 4.56 4.45 4.20 4.45 5.00 4.90 4.84 5.28 5.58 5.32 4.73 4.99 5.51 5.32 4.97 5.39 5.89 5.62 5.11 4.96 5.17 5.41 5.38
4.20 4.32 4.75 4.96 4.89 4.79 4.75 4.72 4.58 4.48 4.57 4.85 5.20 5.32 5.35 5.16 4.82 4.79 4.93 5.10 5.16 5.13 5.21 5.30 5.33 5.24 4.94 4.75 4.82 4.90 4.93 5.03 5.10 4.97 5.02 5.44 5.63 5.30 4.92 4.80 5.00 4.92 4.49 4.58 4.79 4.67 4.65 4.73 4.76 4.80 4.84 4.86 4.89 4.91 4.92 4.91 5.03 5.19 5.02 4.90 5.09 5.25 5.44 5.37 5.58 6.40 6.82 6.79 6.69 6.62 6.58 6.24 5.67 5.35 5.17 4.65 4.36 4.79 5.21 5.19 5.04 5.14 5.39 5.48
4.16 4.02 4.14 4.66 4.99 5.18 5.31 4.89 4.45 4.55 4.57 4.70 4.98 4.94 5.02 5.25 5.10 4.91 5.05 5.34 5.58 5.48 5.19 5.03 4.89 4.89 4.85 4.74 4.70 4.65 4.77 4.86 4.81 4.82 4.85 5.08 5.39 5.37 5.05 4.73 4.87 5.08 4.77 4.58 4.73 4.81 4.82 4.85 4.84 4.83 4.84 4.86 4.89 4.91 4.89 4.85 4.92 5.32 5.50 5.30 5.45 5.78 6.28 6.70 6.68 6.50 6.25 5.97 5.84 5.65 5.48 5.46 5.11 4.74 4.84 4.84 4.55 4.50 4.79 5.07 5.04 4.95 5.14 5.27
4.39 4.22 4.01 4.15 4.53 4.88 5.37 5.33 4.80 4.78 4.71 4.58 4.89 5.04 4.86 4.91 5.00 4.94 4.99 5.05 5.06 5.06 4.83 4.83 4.93 4.78 4.62 4.57 4.74 4.78 4.88 5.16 5.10 4.88 4.76 4.83 5.09 5.31 5.39 5.11 4.82 5.06 5.11 4.87 4.82 4.84 4.86 4.89 4.90 4.88 4.88 4.90 4.92 4.98 4.99 5.01 5.00 5.16 5.66 5.91 6.11 6.28 6.22 6.00 5.50 5.07 4.97 4.96 4.96 5.08 5.06 5.08 5.18 4.99 4.97 5.21 5.22 4.99 4.85 4.84 4.88 4.89 4.88 4.96
4.63 4.57 4.37 4.14 4.16 4.58 5.37 5.69 5.08 4.71 4.67 4.44 4.41 4.72 4.86 4.84 4.88 4.90 4.78 4.58 4.50 4.79 4.92 4.95 5.25 5.33 5.15 4.89 4.86 4.89 4.84 5.00 5.08 4.95 4.73 4.59 4.79 5.10 5.31 5.34 4.96 4.82 5.02 4.98 4.89 4.89 4.87 4.89 4.90 4.89 4.88 4.88 4.92 5.10 5.24 5.23 5.37 5.62 5.89 6.09 6.10 5.86 5.44 5.03 4.62 4.58 4.86 5.05 5.00 5.07 5.26 5.31 5.47 5.54 5.34 5.20 5.18 5.02 4.88 4.83 4.77 4.77 4.74 4.80
