windninja/SE045_results/maria_elevation_tif_point_11-01-2019_0300_500m_vel.asc
ncols	128
nrows	92
xllcorner	280654.681342
yllcorner	3772085.885776
cellsize	500.000000
NODATA_value	-32768.000000
[rows 38 to 75 of 92, columns 0 to 83 of 128]
4.71 4.66 4.53 4.35 4.17 4.20 4.83 5.72 5.55 4.87 4.70 4.69 4.57 4.54 4.73 4.88 4.85 4.78 4.76 4.65 4.44 4.69 4.96 4.86 4.89 4.98 5.08 4.98 4.72 4.69 4.77 4.84 4.83 4.95 5.10 5.00 4.92 5.01 5.05 5.25 5.34 5.08 4.98 4.99 4.94 4.91 4.91 4.91 4.91 4.90 4.88 4.89 4.87 4.99 5.21 5.10 4.89 4.93 4.98 4.67 4.49 4.58 4.76 5.04 4.89 4.69 4.83 4.95 4.96 4.94 5.05 5.09 5.07 5.13 5.08 4.91 4.85 4.86 4.83 4.86 4.79 4.76 4.82 4.81
4.78 4.74 4.65 4.55 4.36 4.11 4.29 5.30 6.11 5.88 5.40 5.31 5.33 5.11 4.87 4.87 4.83 4.74 4.91 5.20 5.07 4.89 4.84 4.71 4.74 4.73 4.81 5.00 4.81 4.58 4.78 5.10 5.05 4.97 5.13 5.13 4.95 4.96 5.02 5.03 5.15 5.15 5.04 5.00 4.97 4.94 4.93 4.93 4.93 4.93 4.88 4.75 4.57 4.66 5.13 5.37 5.00 4.53 4.46 4.37 4.25 4.38 4.51 4.89 5.03 4.76 4.77 4.96 5.05 5.01 4.99 5.01 4.91 4.79 4.77 4.80 4.82 4.92 5.01 5.01 4.93 4.83 4.86 4.87
4.80 4.77 4.71 4.64 4.51 4.28 4.19 4.62 5.58 6.25 6.11 5.66 5.45 5.34 5.11 4.95 4.92 4.87 4.99 5.39 5.47 5.15 4.90 4.89 5.08 5.09 4.98 5.26 5.42 5.06 4.86 5.14 5.26 5.04 4.95 4.96 4.90 4.86 4.88 4.85 4.85 4.90 4.96 4.98 4.98 4.97 4.96 4.95 4.95 4.93 4.96 4.90 4.48 4.12 4.35 4.85 5.14 4.98 4.84 4.86 4.77 4.70 4.63 4.73 4.97 4.87 4.73 4.81 4.92 4.99 4.93 4.89 4.91 4.90 4.89 4.96 5.02 4.98 5.00 5.07 5.09 4.98 4.92 4.93
4.83 4.81 4.76 4.70 4.62 4.45 4.17 4.06 4.40 5.12 5.65 5.46 5.14 5.05 5.03 4.97 5.03 5.12 5.19 5.35 5.49 5.31 5.00 5.00 5.20 5.20 4.93 4.90 5.13 5.13 4.80 4.73 4.96 5.08 5.06 4.96 4.91 4.82 4.74 4.78 4.83 4.84 4.86 4.90 4.93 4.95 4.96 4.96 4.95 4.85 4.72 4.95 5.09 4.49 4.11 4.25 4.60 4.90 4.98 4.93 4.82 4.83 4.87 4.82 4.90 4.92 4.80 4.79 4.80 4.83 4.90 4.93 4.92 4.99 5.07 5.03 5.00 4.89 4.79 4.81 4.86 4.84 4.77 4.79
4.84 4.83 4.79 4.75 4.69 4.59 4.39 4.12 3.97 4.20 4.84 5.18 5.10 4.97 4.97 5.02 5.13 5.17 5.06 5.11 5.42 5.68 5.41 4.92 4.92 5.10 5.01 4.92 4.89 4.97 4.98 4.87 4.84 4.94 5.05 4.97 4.88 4.86 4.83 4.82 4.82 4.82 4.84 4.87 4.90 4.92 4.94 4.96 4.98 5.04 4.85 4.85 5.49 5.70 5.35 5.14 4.97 4.78 4.76 4.84 4.85 4.79 4.80 4.82 4.88 4.94 4.86 4.86 4.97 4.90 4.87 5.02 5.02 4.93 4.98 4.92 4.85 4.85 4.77 4.73 4.76 4.80 4.80 4.75
4.87 4.85 4.82 4.79 4.74 4.68 4.58 4.42 4.21 4.12 4.40 4.85 5.04 4.96 4.90 4.92 4.99 4.95 4.77 4.71 4.87 5.27 5.47 5.19 5.01 5.00 4.95 5.05 5.10 5.04 5.04 5.06 4.94 4.82 4.86 4.90 4.89 4.88 4.89 4.89 4.88 4.86 4.86 4.88 4.90 4.92 4.95 5.03 5.21 5.55 5.76 5.54 5.43 5.59 5.43 5.17 5.09 4.89 4.72 4.71 4.73 4.69 4.67 4.68 4.73 4.84 4.88 4.88 5.03 5.13 5.02 5.01 5.04 4.86 4.80 4.87 4.87 4.87 4.86 4.82 4.79 4.79 4.84 4.86
4.88 4.86 4.84 4.82 4.79 4.75 4.69 4.62 4.53 4.42 4.40 4.58 4.80 4.88 4.82 4.68 4.59 4.60 4.58 4.52 4.45 4.54 4.81 4.97 5.01 4.96 4.84 4.80 4.84 4.83 4.75 4.77 4.83 4.82 4.83 4.88 4.91 4.93 4.94 4.96 4.97 4.95 4.92 4.90 4.90 4.90 4.93 5.06 5.29 5.49 5.58 5.40 5.05 4.98 4.98 4.87 4.89 4.94 4.86 4.77 4.75 4.74 4.74 4.73 4.75 4.78 4.79 4.76 4.79 4.89 4.93 4.88 4.89 4.87 4.81 4.85 4.87 4.87 4.86 4.84 4.80 4.71 4.74 4.91
4.89 4.88 4.86 4.84 4.82 4.79 4.76 4.72 4.69 4.67 4.65 4.65 4.72 4.80 4.76 4.63 4.53 4.52 4.55 4.55 4.51 4.49 4.49 4.53 4.67 4.76 4.75 4.72 4.72 4.73 4.70 4.70 4.79 4.86 4.89 4.91 4.91 4.92 4.93 4.96 4.97 4.97 4.95 4.91 4.89 4.89 4.87 4.86 4.82 4.77 4.87 4.97 4.87 4.85 4.94 4.94 4.88 4.88 4.88 4.85 4.84 4.84 4.83 4.80 4.78 4.78 4.76 4.73 4.75 4.74 4.75 4.79 4.81 4.82 4.81 4.85 4.87 4.86 4.87 4.91 4.95 4.89 4.75 4.73
4.90 4.89 4.88 4.86 4.85 4.83 4.81 4.79 4.78 4.76 4.76 4.77 4.77 4.77 4.75 4.70 4.64 4.59 4.61 4.64 4.66 4.68 4.64 4.58 4.62 4.68 4.71 4.74 4.78 4.82 4.82 4.80 4.84 4.89 4.92 4.93 4.94 4.92 4.91 4.91 4.92 4.93 4.93 4.92 4.89 4.89 4.85 4.69 4.54 4.52 4.67 4.85 4.84 4.78 4.80 4.84 4.85 4.87 4.89 4.87 4.85 4.84 4.84 4.80 4.75 4.75 4.75 4.73 4.73 4.74 4.74 4.76 4.80 4.79 4.76 4.79 4.85 4.87 4.87 4.90 4.95 4.95 4.79 4.63
4.90 4.90 4.89 4.88 4.87 4.85 4.84 4.83 4.82 4.82 4.82 4.81 4.80 4.79 4.77 4.75 4.70 4.64 4.62 4.64 4.68 4.73 4.73 4.69 4.69 4.74 4.76 4.77 4.78 4.82 4.84 4.84 4.85 4.86 4.88 4.91 4.93 4.94 4.92 4.90 4.88 4.87 4.88 4.90 4.89 4.87 4.83 4.74 4.63 4.58 4.64 4.71 4.73 4.71 4.72 4.77 4.80 4.81 4.82 4.80 4.77 4.75 4.75 4.75 4.71 4.69 4.71 4.73 4.75 4.77 4.82 4.84 4.85 4.84 4.79 4.77 4.79 4.78 4.74 4.69 4.66 4.70 4.72 4.64
4.91 4.90 4.90 4.89 4.88 4.87 4.87 4.86 4.85 4.85 4.84 4.84 4.84 4.83 4.82 4.80 4.78 4.75 4.71 4.68 4.67 4.71 4.75 4.75 4.74 4.76 4.79 4.80 4.81 4.83 4.85 4.85 4.85 4.87 4.88 4.89 4.91 4.93 4.94 4.93 4.89 4.87 4.87 4.87 4.87 4.85 4.82 4.79 4.73 4.65 4.68 4.76 4.76 4.75 4.75 4.76 4.79 4.80 4.81 4.79 4.75 4.71 4.68 4.67 4.66 4.64 4.64 4.65 4.69 4.74 4.79 4.84 4.89 4.92 4.87 4.81 4.78 4.75 4.66 4.56 4.50 4.49 4.55 4.62
4.91 4.91 4.90 4.90 4.89 4.89 4.88 4.88 4.87 4.87 4.87 4.86 4.86 4.85 4.84 4.83 4.82 4.80 4.78 4.76 4.74 4.74 4.76 4.78 4.78 4.79 4.81 4.83 4.84 4.85 4.86 4.88 4.91 4.91 4.91 4.89 4.89 4.91 4.91 4.91 4.91 4.89 4.89 4.89 4.89 4.88 4.86 4.83 4.78 4.72 4.72 4.77 4.80 4.81 4.82 4.83 4.83 4.82 4.81 4.79 4.73 4.65 4.59 4.53 4.50 4.49 4.56 4.67 4.74 4.79 4.84 4.84 4.81 4.80 4.77 4.73 4.68 4.60 4.47 4.42 4.51 4.59 4.65 4.82
4.91 4.91 4.91 4.90 4.90 4.90 4.89 4.89 4.89 4.89 4.88 4.88 4.88 4.87 4.87 4.86 4.85 4.84 4.82 4.80 4.79 4.78 4.78 4.78 4.79 4.80 4.82 4.83 4.84 4.86 4.86 4.88 4.91 4.93 4.92 4.90 4.88 4.87 4.87 4.88 4.91 4.91 4.90 4.90 4.90 4.89 4.87 4.86 4.82 4.76 4.76 4.83 4.85 4.86 4.85 4.82 4.81 4.81 4.80 4.78 4.77 4.78 4.87 4.90 4.86 4.80 4.80 4.94 5.05 4.99 4.92 4.87 4.81 4.74 4.68 4.64 4.69 4.83 4.93 5.00 5.07 5.10 5.02 5.00
4.92 4.92 4.91 4.91 4.91 4.90 4.90 4.90 4.90 4.90 4.89 4.89 4.89 4.88 4.88 4.87 4.86 4.86 4.84 4.83 4.82 4.82 4.82 4.81 4.80 4.81 4.83 4.84 4.84 4.85 4.86 4.84 4.84 4.87 4.89 4.88 4.87 4.87 4.88 4.90 4.92 4.92 4.91 4.90 4.88 4.87 4.87 4.87 4.85 4.81 4.80 4.85 4.89 4.90 4.89 4.86 4.81 4.82 4.87 4.99 5.17 5.31 5.50 5.69 5.74 5.62 5.34 5.10 5.04 5.00 4.94 4.93 4.91 4.88 4.92 5.03 5.25 5.61 5.83 5.83 5.72 5.61 5.41 5.13
4.92 4.92 4.91 4.91 4.91 4.91 4.91 4.91 4.91 4.90 4.90 4.90 4.90 4.89 4.89 4.89 4.88 4.87 4.87 4.85 4.84 4.83 4.82 4.83 4.82 4.82 4.83 4.84 4.84 4.83 4.83 4.83 4.82 4.84 4.86 4.87 4.87 4.89 4.89 4.88 4.89 4.91 4.91 4.91 4.90 4.89 4.88 4.87 4.86 4.84 4.84 4.87 4.89 4.92 5.00 5.06 5.03 5.02 5.14 5.33 5.51 5.53 5.44 5.44 5.50 5.52 5.36 5.06 4.91 4.90 4.93 5.00 5.13 5.23 5.36 5.49 5.49 5.41 5.42 5.49 5.54 5.61 5.68 5.59
4.92 4.92 4.92 4.92 4.91 4.91 4.91 4.91 4.91 4.91 4.91 4.91 4.90 4.90 4.90 4.89 4.89 4.88 4.88 4.87 4.86 4.86 4.86 4.84 4.83 4.83 4.83 4.83 4.84 4.84 4.84 4.84 4.83 4.83 4.85 4.87 4.88 4.89 4.89 4.88 4.89 4.90 4.91 4.92 4.92 4.91 4.90 4.89 4.88 4.87 4.86 4.87 4.90 4.94 5.01 5.14 5.24 5.24 5.21 5.16 5.13 5.06 4.91 4.79 4.77 4.84 4.91 4.92 4.91 4.93 4.95 5.06 5.26 5.38 5.33 5.17 4.96 4.79 4.76 4.82 4.89 4.96 5.16 5.38
4.92 4.92 4.92 4.92 4.92 4.92 4.91 4.91 4.91 4.91 4.91 4.91 4.91 4.91 4.90 4.90 4.90 4.90 4.89 4.88 4.88 4.88 4.89 4.87 4.84 4.83 4.83 4.82 4.80 4.79 4.81 4.83 4.84 4.84 4.86 4.89 4.90 4.91 4.92 4.91 4.91 4.91 4.90 4.90 4.91 4.90 4.90 4.90 4.89 4.86 4.84 4.84 4.81 4.76 4.76 4.85 5.01 5.06 4.93 4.73 4.65 4.67 4.68 4.66 4.67 4.73 4.81 4.87 4.90 4.97 4.99 4.94 4.91 4.87 4.81 4.74 4.65 4.59 4.54 4.50 4.50 4.48 4.46 4.55
4.92 4.92 4.92 4.92 4.92 4.92 4.92 4.92 4.92 4.91 4.91 4.91 4.91 4.91 4.91 4.91 4.90 4.90 4.90 4.89 4.88 4.87 4.87 4.87 4.87 4.86 4.86 4.86 4.86 4.83 4.82 4.84 4.87 4.89 4.89 4.89 4.91 4.92 4.92 4.92 4.91 4.90 4.89 4.88 4.88 4.89 4.89 4.88 4.88 4.88 4.87 4.83 4.74 4.63 4.59 4.62 4.68 4.76 4.78 4.71 4.67 4.68 4.70 4.71 4.76 4.82 4.87 4.88 4.85 4.86 4.89 4.80 4.68 4.60 4.58 4.62 4.63 4.57 4.49 4.43 4.44 4.48 4.41 4.29
4.92 4.92 4.92 4.92 4.92 4.92 4.92 4.92 4.92 4.92 4.92 4.92 4.91 4.91 4.91 4.91 4.91 4.91 4.90 4.90 4.89 4.89 4.89 4.89 4.87 4.87 4.88 4.90 4.96 4.97 4.95 4.92 4.90 4.90 4.90 4.90 4.91 4.92 4.92 4.91 4.91 4.91 4.90 4.89 4.88 4.88 4.88 4.88 4.88 4.88 4.92 5.03 5.10 5.03 4.95 4.90 4.80 4.75 4.78 4.79 4.76 4.75 4.76 4.79 4.82 4.84 4.85 4.86 4.85 4.80 4.77 4.74 4.74 4.73 4.65 4.57 4.51 4.44 4.37 4.38 4.36 4.34 4.40 4.34
4.92 4.92 4.92 4.92 4.92 4.92 4.92 4.92 4.92 4.92 4.92 4.92 4.92 4.92 4.91 4.91 4.91 4.91 4.91 4.90 4.90 4.91 4.92 4.91 4.90 4.89 4.88 4.88 4.89 4.92 4.93 4.92 4.92 4.91 4.92 4.92 4.92 4.91 4.92 4.93 4.93 4.93 4.92 4.91 4.90 4.89 4.89 4.89 4.88 4.87 4.90 5.04 5.25 5.28 5.14 5.02 4.94 4.84 4.80 4.81 4.80 4.81 4.81 4.83 4.85 4.87 4.88 4.89 4.90 4.90 4.90 4.87 4.88 4.87 4.80 4.65 4.55 4.46 4.26 4.14 4.16 4.23 4.47 4.76
4.92 4.92 4.92 4.92 4.92 4.92 4.92 4.92 4.92 4.92 4.92 4.92 4.92 4.92 4.92 4.92 4.91 4.91 4.91 4.91 4.90 4.90 4.91 4.93 4.93 4.92 4.91 4.89 4.88 4.89 4.91 4.92 4.92 4.93 4.93 4.93 4.93 4.93 4.93 4.93 4.93 4.93 4.93 4.92 4.91 4.91 4.90 4.89 4.89 4.87 4.81 4.75 4.79 4.87 4.86 4.80 4.83 4.85 4.84 4.85 4.86 4.86 4.86 4.86 4.87 4.89 4.88 4.88 4.87 4.88 4.94 4.91 4.85 4.88 4.92 4.87 4.84 4.77 4.58 4.43 4.44 4.61 4.78 5.15
4.92 4.92 4.92 4.92 4.92 4.92 4.92 4.92 4.92 4.92 4.92 4.92 4.92 4.92 4.92 4.92 4.91 4.91 4.91 4.91 4.90 4.89 4.90 4.92 4.93 4.92 4.91 4.91 4.91 4.91 4.92 4.93 4.93 4.93 4.92 4.92 4.92 4.92 4.91 4.91 4.91 4.92 4.92 4.92 4.91 4.90 4.90 4.89 4.88 4.86 4.79 4.70 4.66 4.70 4.76 4.78 4.82 4.86 4.88 4.90 4.93 4.92 4.91 4.90 4.87 4.88 4.89 4.85 4.80 4.75 4.73 4.77 4.80 4.98 5.21 5.33 5.51 5.49 5.36 5.38 5.35 5.29 5.19 5.19
4.92 4.92 4.92 4.92 4.92 4.92 4.92 4.92 4.92 4.92 4.92 4.92 4.92 4.92 4.92 4.92 4.92 4.92 4.91 4.91 4.91 4.90 4.89 4.90 4.91 4.91 4.90 4.91 4.91 4.90 4.90 4.91 4.92 4.92 4.92 4.91 4.91 4.91 4.91 4.91 4.91 4.91 4.92 4.92 4.91 4.90 4.90 4.89 4.88 4.86 4.84 4.82 4.80 4.80 4.82 4.84 4.85 4.87 4.88 4.88 4.91 4.94 4.93 4.92 4.88 4.85 4.84 4.83 4.79 4.76 4.75 4.74 4.67 4.81 5.20 5.40 5.63 5.88 5.75 5.42 5.24 5.10 4.91 4.77
4.92 4.92 4.92 4.92 4.92 4.92 4.92 4.92 4.92 4.92 4.92 4.92 4.92 4.92 4.92 4.92 4.92 4.92 4.91 4.91 4.91 4.91 4.90 4.90 4.92 4.92 4.91 4.90 4.90 4.90 4.90 4.90 4.91 4.91 4.91 4.91 4.91 4.91 4.91 4.92 4.92 4.91 4.91 4.92 4.92 4.91 4.90 4.90 4.89 4.88 4.86 4.85 4.84 4.85 4.86 4.86 4.86 4.87 4.87 4.85 4.84 4.86 4.88 4.89 4.89 4.86 4.86 4.85 4.83 4.80 4.76 4.80 4.70 4.43 4.38 4.52 4.68 4.94 5.10 4.84 4.61 4.50 4.35 4.22
4.92 4.92 4.92 4.92 4.92 4.92 4.92 4.92 4.92 4.92 4.92 4.92 4.92 4.92 4.92 4.92 4.92 4.92 4.92 4.91 4.91 4.91 4.90 4.90 4.91 4.92 4.91 4.90 4.90 4.91 4.90 4.90 4.90 4.91 4.92 4.92 4.92 4.92 4.91 4.91 4.91 4.91 4.91 4.92 4.93 4.93 4.91 4.90 4.90 4.89 4.88 4.88 4.87 4.87 4.88 4.88 4.87 4.87 4.88 4.88 4.86 4.86 4.87 4.88 4.90 4.89 4.87 4.87 4.86 4.86 4.80 4.74 4.71 4.50 4.22 4.07 4.03 4.28 4.67 4.62 4.53 4.65 4.75 4.63
4.92 4.92 4.92 4.92 4.92 4.92 4.92 4.92 4.92 4.92 4.92 4.92 4.92 4.92 4.92 4.92 4.92 4.92 4.92 4.91 4.91 4.91 4.91 4.90 4.90 4.92 4.91 4.91 4.92 4.92 4.91 4.91 4.91 4.91 4.92 4.93 4.93 4.93 4.92 4.91 4.91 4.91 4.91 4.91 4.91 4.91 4.92 4.91 4.90 4.90 4.90 4.89 4.88 4.88 4.88 4.88 4.89 4.89 4.89 4.90 4.90 4.89 4.88 4.88 4.88 4.89 4.91 4.91 4.88 4.89 4.80 4.50 4.32 4.39 4.49 4.38 4.20 4.46 5.05 5.11 4.82 4.82 4.94 4.99
4.92 4.92 4.92 4.92 4.92 4.92 4.92 4.92 4.92 4.92 4.92 4.92 4.92 4.92 4.92 4.92 4.92 4.92 4.92 4.92 4.91 4.91 4.91 4.90 4.91 4.93 4.93 4.91 4.91 4.92 4.92 4.92 4.93 4.92 4.93 4.93 4.93 4.93 4.92 4.92 4.92 4.92 4.91 4.91 4.91 4.90 4.91 4.91 4.91 4.90 4.90 4.90 4.90 4.90 4.89 4.89 4.89 4.89 4.89 4.89 4.90 4.90 4.90 4.90 4.89 4.84 4.77 4.78 4.88 4.99 5.00 4.57 3.81 3.46 3.84 4.41 4.62 4.74 5.23 5.64 5.48 5.23 5.08 5.03
4.92 4.92 4.92 4.92 4.92 4.92 4.92 4.92 4.92 4.92 4.92 4.92 4.92 4.92 4.92 4.92 4.92 4.92 4.92 4.92 4.92 4.91 4.91 4.91 4.90 4.92 4.93 4.91 4.90 4.92 4.92 4.92 4.92 4.91 4.91 4.91 4.91 4.92 4.92 4.92 4.92 4.92 4.92 4.92 4.92 4.92 4.91 4.91 4.91 4.91 4.90 4.90 4.90 4.90 4.90 4.89 4.88 4.89 4.90 4.90 4.90 4.90 4.90 4.90 4.91 4.94 4.85 4.72 4.75 5.00 5.66 5.92 5.06 4.05 3.94 4.41 4.66 4.58 4.68 5.08 5.31 5.28 5.16 5.06
4.92 4.92 4.92 4.92 4.92 4.92 4.92 4.92 4.92 4.92 4.92 4.92 4.92 4.92 4.92 4.92 4.92 4.92 4.92 4.92 4.92 4.91 4.91 4.91 4.89 4.91 4.93 4.92 4.91 4.91 4.91 4.91 4.90 4.90 4.90 4.91 4.91 4.91 4.92 4.92 4.92 4.92 4.91 4.91 4.92 4.92 4.91 4.91 4.91 4.91 4.90 4.89 4.89 4.89 4.89 4.89 4.89 4.89 4.90 4.89 4.89 4.88 4.89 4.90 4.90 5.00 5.04 4.77 4.57 4.55 5.15 6.26 6.73 6.58 5.97 5.50 5.21 4.78 4.54 4.63 4.76 4.84 4.87 4.87
4.92 4.92 4.92 4.92 4.92 4.92 4.92 4.92 4.92 4.92 4.92 4.92 4.92 4.92 4.92 4.92 4.92 4.92 4.92 4.92 4.92 4.92 4.91 4.91 4.90 4.91 4.95 4.94 4.91 4.91 4.92 4.92 4.91 4.91 4.91 4.91 4.92 4.92 4.93 4.93 4.92 4.92 4.91 4.91 4.91 4.91 4.91 4.91 4.91 4.90 4.90 4.89 4.89 4.90 4.90 4.90 4.89 4.89 4.89 4.91 4.92 4.92 4.88 4.84 4.78 4.73 4.87 4.80 4.46 4.11 3.99 4.35 5.17 6.03 6.19 5.84 5.44 5.03 4.77 4.69 4.69 4.69 4.68 4.68
4.92 4.92 4.92 4.92 4.92 4.92 4.92 4.92 4.92 4.92 4.92 4.92 4.92 4.92 4.92 4.92 4.92 4.92 4.92 4.92 4.92 4.92 4.91 4.91 4.90 4.90 4.92 4.94 4.92 4.91 4.92 4.93 4.93 4.93 4.92 4.92 4.92 4.91 4.92 4.92 4.92 4.92 4.91 4.91 4.91 4.91 4.91 4.91 4.91 4.90 4.90 4.90 4.89 4.90 4.91 4.90 4.89 4.89 4.90 4.91 4.94 4.99 5.04 4.98 4.88 4.81 4.86 4.97 4.72 4.28 4.09 4.05 4.19 4.58 4.89 5.08 5.10 4.95 4.86 4.80 4.75 4.73 4.68 4.63
4.92 4.92 4.92 4.92 4.92 4.92 4.92 4.92 4.92 4.92 4.92 4.92 4.92 4.92 4.92 4.92 4.92 4.92 4.92 4.92 4.92 4.92 4.91 4.91 4.90 4.89 4.90 4.92 4.92 4.91 4.91 4.91 4.92 4.92 4.92 4.91 4.92 4.91 4.91 4.92 4.92 4.92 4.92 4.92 4.92 4.92 4.92 4.92 4.92 4.92 4.91 4.91 4.91 4.90 4.90 4.91 4.91 4.90 4.89 4.90 4.91 4.94 5.08 5.19 5.12 4.99 5.00 5.34 5.62 5.31 4.80 4.59 4.50 4.38 4.42 4.68 4.97 4.96 4.85 4.81 4.79 4.80 4.77 4.66
4.92 4.92 4.92 4.92 4.92 4.92 4.92 4.92 4.92 4.92 4.92 4.92 4.92 4.92 4.92 4.92 4.92 4.92 4.92 4.92 4.92 4.92 4.92 4.91 4.91 4.90 4.90 4.92 4.93 4.92 4.91 4.91 4.91 4.91 4.92 4.91 4.92 4.92 4.92 4.92 4.93 4.93 4.93 4.93 4.93 4.93 4.92 4.92 4.93 4.93 4.92 4.91 4.91 4.90 4.90 4.90 4.91 4.91 4.89 4.82 4.81 4.87 4.96 5.19 5.47 5.51 5.56 5.82 6.10 6.08 5.55 4.92 4.65 4.56 4.47 4.49 4.67 4.87 4.95 4.94 4.96 4.97 4.88 4.74
4.92 4.92 4.92 4.92 4.92 4.92 4.92 4.92 4.92 4.92 4.92 4.92 4.92 4.92 4.92 4.92 4.92 4.92 4.92 4.92 4.92 4.92 4.92 4.91 4.91 4.91 4.90 4.90 4.91 4.92 4.90 4.91 4.92 4.92 4.92 4.91 4.92 4.92 4.92 4.92 4.92 4.93 4.93 4.93 4.93 4.93 4.93 4.92 4.92 4.93 4.93 4.92 4.91 4.91 4.91 4.90 4.89 4.91 4.99 4.96 4.83 4.90 5.02 5.14 5.45 5.61 5.33 5.01 4.98 5.31 5.64 5.55 5.29 5.22 5.10 4.92 4.82 4.86 5.08 5.12 5.03 5.07 5.19 5.22
4.92 4.92 4.92 4.92 4.92 4.92 4.92 4.92 4.92 4.92 4.92 4.92 4.92 4.92 4.92 4.92 4.92 4.92 4.92 4.92 4.92 4.92 4.92 4.92 4.91 4.91 4.90 4.90 4.91 4.93 4.92 4.91 4.92 4.93 4.92 4.91 4.92 4.93 4.92 4.92 4.93 4.93 4.93 4.92 4.92 4.93 4.93 4.92 4.91 4.92 4.92 4.93 4.92 4.91 4.91 4.91 4.91 4.89 4.99 5.12 5.01 4.86 4.87 4.83 4.74 4.76 4.63 4.40 4.27 4.31 4.75 5.27 5.38 5.40 5.45 5.39 5.22 4.93 4.83 4.88 4.81 4.79 5.01 5.27
4.92 4.92 4.92 4.92 4.92 4.92 4.92 4.92 4.92 4.92 4.92 4.92 4.92 4.92 4.92 4.92 4.92 4.92 4.92 4.92 4.92 4.92 4.92 4.92 4.91 4.91 4.91 4.91 4.91 4.93 4.94 4.92 4.92 4.92 4.92 4.92 4.92 4.92 4.92 4.91 4.91 4.92 4.92 4.92 4.91 4.92 4.92 4.92 4.91 4.91 4.91 4.91 4.91 4.90 4.91 4.90 4.90 4.85 4.78 4.83 4.79 4.57 4.40 4.44 4.63 4.80 4.89 4.92 4.94 4.77 4.61 4.86 5.09 5.04 4.99 4.96 4.94 4.85 4.73 4.73 4.73 4.70 4.66 4.66
4.92 4.92 4.92 4.92 4.92 4.92 4.92 4.92 4.92 4.92 4.92 4.92 4.92 4.92 4.92 4.92 4.92 4.92 4.92 4.92 4.92 4.92 4.92 4.92 4.92 4.91 4.91 4.91 4.90 4.90 4.92 4.92 4.93 4.93 4.92 4.92 4.92 4.91 4.91 4.91 4.91 4.91 4.92 4.92 4.92 4.91 4.92 4.92 4.92 4.92 4.91 4.92 4.91 4.91 4.90 4.89 4.86 4.82 4.77 4.77 4.79 4.70 4.51 4.45 4.63 4.83 4.96 5.06 5.21 5.23 5.04 5.03 5.23 5.30 5.22 5.09 4.95 4.93 4.92 4.83 4.76 4.85 4.82 4.55
4.92 4.92 4.92 4.92 4.92 4.92 4.92 4.92 4.92 4.92 4.92 4.92 4.92 4.92 4.92 4.92 4.92 4.92 4.92 4.92 4.92 4.92 4.92 4.92 4.92 4.92 4.91 4.91 4.90 4.89 4.90 4.91 4.92 4.95 4.95 4.92 4.91 4.91 4.91 4.92 4.92 4.92 4.92 4.92 4.92 4.92 4.92 4.92 4.93 4.92 4.92 4.93 4.92 4.90 4.89 4.88 4.86 4.85 4.86 4.93 5.09 5.21 5.14 4.93 4.69 4.62 4.74 4.79 4.79 4.80 4.69 4.71 4.96 5.21 5.43 5.56 5.41 5.15 5.07 5.10 4.92 4.72 4.56 4.30
