data/cocos/out/_FlameLength.asc
NCOLS 842
NROWS 592
XLLCORNER 473534.000000
YLLCORNER 3652732.000000
CELLSIZE 30.000000
NODATA_VALUE -9999.0
[rows 232 to 260 of 592, columns 335 to 401 of 842]
-9999.0 03.89 02.90 03.37 01.77 02.16 04.77 04.16 00.98 01.64 00.88 00.91 00.87 00.74 00.30 00.33 00.73 02.35 00.86 00.90 00.91 01.25 01.76 00.84 00.85 01.38 02.52 00.57 00.71 00.71 00.74 01.42 00.39 00.76 00.86 01.04 00.31 01.00 01.13 01.38 01.48 01.04 -9999.0 00.37 01.45 01.63 01.92 01.93 01.86 00.57 00.30 00.93 01.46 01.49 01.47 01.40 01.00 01.03 02.59 03.11 02.28 00.88 01.06 01.44 01.53 01.60 02.88
-9999.0 -9999.0 04.80 03.76 04.22 04.61 04.21 02.64 00.92 00.91 00.85 01.60 00.96 01.45 00.54 00.64 00.74 01.36 00.89 01.40 00.93 02.38 02.66 02.51 00.84 00.84 02.38 00.61 00.59 00.80 02.73 00.99 01.25 00.72 00.76 00.91 00.70 00.30 01.96 01.44 01.39 01.10 01.27 01.11 01.52 01.69 01.57 01.92 01.31 01.11 00.96 00.88 01.35 01.35 01.14 00.91 00.84 01.03 02.18 03.36 00.82 01.74 00.91 01.30 01.41 01.43 03.32
-9999.0 -9999.0 02.59 03.89 04.47 03.55 02.60 01.00 00.87 00.79 01.26 02.33 01.63 01.04 00.91 00.73 00.72 00.71 02.99 01.97 01.99 02.80 02.69 02.00 02.23 00.96 00.60 00.99 00.53 00.62 00.81 01.42 00.25 00.72 00.78 00.82 00.32 00.47 01.62 01.56 01.46 00.96 01.42 00.76 01.60 01.67 01.69 01.51 01.53 01.31 01.12 00.95 01.38 01.42 01.03 00.73 00.87 00.97 02.08 03.63 01.00 02.53 03.45 01.01 01.29 01.32 00.39
-9999.0 -9999.0 -9999.0 -9999.0 01.03 01.06 01.20 01.01 00.85 00.92 00.91 01.15 01.79 00.87 00.97 00.87 00.70 01.43 00.82 02.46 01.94 01.15 02.48 01.11 03.00 03.35 00.74 03.28 00.64 00.57 00.53 00.67 00.49 00.54 00.68 00.43 00.14 -9999.0 01.23 01.74 00.58 01.67 01.33 00.41 -9999.0 01.63 01.62 01.60 01.46 01.32 01.15 01.03 01.32 01.33 00.88 00.86 00.96 01.26 01.09 02.83 01.12 02.54 00.92 00.49 02.48 02.87 00.82
-9999.0 -9999.0 -9999.0 -9999.0 -9999.0 -9999.0 01.05 01.09 00.96 00.79 00.81 01.00 01.42 00.79 00.99 00.69 00.68 02.20 02.53 00.81 00.87 02.15 01.82 00.98 01.04 02.81 01.40 01.73 01.35 00.73 00.71 00.54 00.68 00.73 00.60 00.74 00.20 -9999.0 00.84 01.18 01.73 01.61 01.17 -9999.0 -9999.0 00.33 00.49 01.55 01.43 01.22 01.19 01.06 00.85 00.86 00.83 00.69 01.26 01.06 01.12 01.06 01.42 01.11 01.00 -9999.0 00.18 00.49 00.94
-9999.0 -9999.0 -9999.0 -9999.0 -9999.0 -9999.0 01.10 01.11 00.94 00.83 00.64 00.66 00.89 00.74 00.53 00.41 00.66 00.73 01.58 00.85 00.93 01.15 01.02 00.91 01.80 01.70 03.28 03.16 00.77 00.85 00.96 00.79 00.59 00.85 00.55 00.24 -9999.0 -9999.0 01.39 00.97 01.51 01.47 -9999.0 -9999.0 -9999.0 00.89 01.27 01.25 01.37 01.28 01.20 01.13 00.78 00.80 00.66 01.21 01.03 01.07 01.05 00.93 00.83 00.74 00.79 02.28 -9999.0 02.37 01.87
-9999.0 -9999.0 -9999.0 -9999.0 -9999.0 -9999.0 -9999.0 -9999.0 00.91 00.90 00.76 00.64 00.66 00.62 00.69 00.38 -9999.0 00.62 01.38 00.71 00.80 00.82 00.86 00.83 00.91 00.98 02.80 02.97 00.77 00.84 01.21 00.99 00.66 00.93 00.71 00.52 -9999.0 -9999.0 00.45 01.22 00.79 -9999.0 -9999.0 -9999.0 00.72 01.48 01.54 01.58 01.44 01.29 01.21 01.21 00.80 00.70 01.17 01.00 01.07 01.23 01.51 01.55 01.36 01.12 01.11 04.01 -9999.0 -9999.0 -9999.0
-9999.0 -9999.0 -9999.0 -9999.0 -9999.0 -9999.0 -9999.0 -9999.0 -9999.0 01.03 00.99 00.76 00.65 00.43 00.16 -9999.0 00.54 00.63 02.43 01.79 00.80 00.77 00.79 00.82 00.79 00.75 02.64 02.98 01.22 00.85 00.64 00.44 00.26 00.97 01.08 -9999.0 00.67 00.51 -9999.0 -9999.0 -9999.0 -9999.0 -9999.0 -9999.0 -9999.0 01.67 01.63 01.58 01.37 01.27 01.25 00.83 00.78 00.66 01.06 01.07 01.17 01.42 01.44 01.43 01.40 01.30 02.14 01.88 00.89 01.73 00.91
-9999.0 -9999.0 -9999.0 -9999.0 -9999.0 -9999.0 -9999.0 -9999.0 -9999.0 -9999.0 00.91 00.75 00.70 -9999.0 -9999.0 -9999.0 00.46 00.57 02.44 01.57 00.81 00.77 00.76 00.77 00.80 00.86 00.92 01.85 02.82 00.75 00.82 00.97 00.55 00.95 -9999.0 01.04 00.91 00.62 00.66 01.15 -9999.0 -9999.0 -9999.0 -9999.0 -9999.0 01.75 01.71 02.86 03.14 01.30 00.88 00.82 00.79 01.03 01.00 01.13 01.31 01.37 01.40 01.40 01.53 01.73 01.87 01.78 01.63 00.81 01.04
-9999.0 -9999.0 -9999.0 -9999.0 -9999.0 -9999.0 -9999.0 -9999.0 -9999.0 -9999.0 -9999.0 -9999.0 -9999.0 -9999.0 -9999.0 -9999.0 -9999.0 00.26 00.63 01.68 00.79 00.77 00.74 00.76 00.79 00.81 00.90 00.89 00.92 02.07 00.98 00.87 00.12 -9999.0 -9999.0 01.03 00.96 01.00 00.81 01.10 02.97 -9999.0 -9999.0 -9999.0 00.22 01.40 03.15 05.00 01.32 00.99 01.09 00.80 00.84 00.91 01.07 01.25 01.35 01.41 01.40 01.65 01.80 01.71 01.71 01.45 01.38 01.42 01.60
-9999.0 -9999.0 -9999.0 -9999.0 -9999.0 -9999.0 -9999.0 -9999.0 -9999.0 -9999.0 -9999.0 -9999.0 -9999.0 -9999.0 -9999.0 -9999.0 -9999.0 -9999.0 -9999.0 00.64 00.71 00.73 00.74 00.75 00.78 00.80 00.81 00.84 00.87 00.92 01.03 01.07 -9999.0 -9999.0 -9999.0 00.94 00.87 00.95 01.04 01.01 00.73 01.05 -9999.0 00.64 00.79 01.74 04.41 04.32 01.36 01.03 00.84 00.82 01.12 00.97 01.19 01.35 01.44 05.73 01.72 01.78 01.69 01.64 01.04 01.42 01.38 01.64 01.70
-9999.0 -9999.0 -9999.0 -9999.0 -9999.0 -9999.0 -9999.0 -9999.0 -9999.0 -9999.0 -9999.0 -9999.0 -9999.0 -9999.0 -9999.0 -9999.0 -9999.0 00.89 00.59 00.24 00.56 00.59 00.67 00.72 00.75 00.79 00.81 00.82 00.52 00.24 -9999.0 -9999.0 -9999.0 -9999.0 00.21 00.89 00.87 00.92 01.00 01.88 00.73 01.05 00.40 00.88 00.93 01.72 02.76 01.62 01.03 01.10 00.90 00.96 00.82 01.13 01.38 01.46 03.84 04.33 01.74 01.61 01.48 01.64 01.48 01.42 01.61 01.73 01.70
-9999.0 -9999.0 -9999.0 -9999.0 -9999.0 -9999.0 -9999.0 -9999.0 -9999.0 -9999.0 -9999.0 -9999.0 -9999.0 -9999.0 -9999.0 -9999.0 01.02 03.17 00.60 00.63 00.34 00.58 00.53 01.30 00.71 00.75 00.76 00.84 00.75 01.82 -9999.0 -9999.0 -9999.0 00.71 00.50 00.86 00.87 00.88 00.95 01.07 00.89 01.02 00.73 00.78 01.29 01.61 01.76 01.23 02.27 00.73 00.86 01.17 00.92 01.17 01.41 01.51 01.57 01.71 01.62 01.54 01.67 01.74 01.51 01.51 01.72 01.46 01.47
-9999.0 -9999.0 -9999.0 -9999.0 -9999.0 -9999.0 -9999.0 -9999.0 -9999.0 -9999.0 -9999.0 -9999.0 -9999.0 -9999.0 -9999.0 -9999.0 00.95 02.71 01.27 00.82 00.78 00.55 00.57 00.57 02.20 02.00 02.03 02.45 02.27 02.01 -9999.0 -9999.0 -9999.0 00.93 00.78 00.83 00.84 00.84 00.89 00.97 00.89 00.98 00.80 00.70 01.08 01.23 01.43 02.04 03.65 00.76 00.99 00.87 03.27 01.15 01.38 01.49 03.47 01.58 01.59 01.64 01.77 01.65 01.57 01.62 01.65 01.20 01.92
-9999.0 -9999.0 -9999.0 -9999.0 -9999.0 -9999.0 -9999.0 -9999.0 -9999.0 -9999.0 -9999.0 -9999.0 -9999.0 -9999.0 -9999.0 -9999.0 00.84 02.94 02.15 00.77 00.77 00.67 00.49 00.52 00.57 00.52 00.49 00.47 00.56 01.02 -9999.0 -9999.0 -9999.0 00.88 00.86 00.85 00.85 00.83 00.83 00.83 00.85 00.95 00.85 00.75 00.75 01.19 01.51 03.22 04.00 00.89 01.11 02.57 01.06 01.20 01.36 01.41 01.55 01.59 01.60 01.76 01.81 01.56 01.45 01.58 01.13 01.64 01.92
-9999.0 -9999.0 -9999.0 -9999.0 -9999.0 -9999.0 -9999.0 -9999.0 -9999.0 -9999.0 -9999.0 -9999.0 -9999.0 -9999.0 -9999.0 -9999.0 -9999.0 00.67 03.22 02.65 01.89 00.60 00.53 00.48 00.53 00.51 00.55 01.66 02.93 03.36 -9999.0 -9999.0 00.92 00.71 00.83 00.84 00.83 00.85 00.54 00.83 00.70 00.88 00.89 00.97 01.02 00.89 00.76 00.82 00.91 00.64 01.01 01.84 01.07 01.26 01.99 01.41 02.44 01.52 01.55 01.68 01.69 01.35 01.46 01.51 01.70 01.83 01.34
-9999.0 -9999.0 -9999.0 -9999.0 -9999.0 -9999.0 -9999.0 -9999.0 -9999.0 -9999.0 -9999.0 -9999.0 -9999.0 -9999.0 -9999.0 -9999.0 -9999.0 -9999.0 00.57 00.66 00.81 00.54 -9999.0 00.50 00.52 00.44 00.66 02.41 02.71 04.05 -9999.0 -9999.0 00.67 00.72 00.44 00.85 00.49 00.88 00.49 00.20 00.15 00.82 00.89 00.80 01.15 01.16 00.99 00.97 01.14 00.90 00.91 00.94 01.12 01.26 03.84 01.18 03.89 01.47 01.44 01.57 01.72 01.27 01.45 01.55 01.63 01.12 01.49
-9999.0 -9999.0 -9999.0 -9999.0 -9999.0 -9999.0 -9999.0 -9999.0 -9999.0 -9999.0 -9999.0 -9999.0 -9999.0 -9999.0 -9999.0 -9999.0 -9999.0 -9999.0 -9999.0 -9999.0 -9999.0 -9999.0 -9999.0 -9999.0 00.45 00.58 00.58 00.51 01.65 03.02 -9999.0 00.87 00.58 00.38 -9999.0 -9999.0 -9999.0 00.41 00.21 02.69 01.75 00.74 00.82 00.85 01.58 01.38 01.34 01.55 00.89 00.95 01.10 01.23 02.45 01.15 02.05 01.98 05.14 01.24 01.37 03.22 01.24 01.34 01.38 01.49 01.45 01.50 01.61
-9999.0 -9999.0 -9999.0 -9999.0 -9999.0 -9999.0 -9999.0 -9999.0 -9999.0 -9999.0 -9999.0 -9999.0 -9999.0 -9999.0 -9999.0 -9999.0 -9999.0 -9999.0 -9999.0 -9999.0 -9999.0 -9999.0 -9999.0 -9999.0 00.55 00.61 00.41 00.68 00.77 00.44 00.91 00.87 00.26 -9999.0 -9999.0 00.22 00.76 00.62 00.55 00.73 00.80 00.79 00.77 00.79 02.61 02.54 02.44 00.93 01.07 01.44 01.26 01.35 01.38 01.49 01.60 01.46 01.26 01.25 01.59 01.20 01.32 01.41 01.48 01.47 01.47 01.44 01.38
-9999.0 -9999.0 -9999.0 -9999.0 -9999.0 -9999.0 -9999.0 -9999.0 -9999.0 -9999.0 -9999.0 -9999.0 -9999.0 -9999.0 -9999.0 -9999.0 -9999.0 -9999.0 -9999.0 -9999.0 -9999.0 -9999.0 -9999.0 -9999.0 -9999.0 00.53 00.40 00.19 00.24 00.72 00.30 00.64 00.33 00.18 00.73 00.52 00.87 00.85 00.85 00.86 00.83 00.77 00.77 00.77 00.79 00.83 00.88 01.06 01.68 07.14 01.29 01.32 01.35 01.12 03.85 01.51 01.20 02.60 02.80 03.04 01.33 01.41 01.38 01.37 01.31 01.39 01.39
-9999.0 -9999.0 -9999.0 -9999.0 -9999.0 -9999.0 -9999.0 -9999.0 -9999.0 -9999.0 -9999.0 -9999.0 -9999.0 -9999.0 -9999.0 -9999.0 -9999.0 -9999.0 -9999.0 -9999.0 -9999.0 -9999.0 -9999.0 -9999.0 -9999.0 -9999.0 00.56 00.46 -9999.0 00.86 00.55 00.79 00.69 00.49 00.81 00.78 00.77 00.79 00.84 00.81 00.83 00.77 00.74 00.77 00.74 00.83 00.92 01.99 02.04 01.06 01.07 01.15 02.37 01.16 01.07 01.07 01.13 01.50 01.10 01.12 01.21 01.25 01.28 01.26 01.29 01.33 01.38
-9999.0 -9999.0 -9999.0 -9999.0 -9999.0 -9999.0 -9999.0 -9999.0 -9999.0 -9999.0 -9999.0 -9999.0 -9999.0 -9999.0 -9999.0 -9999.0 -9999.0 -9999.0 -9999.0 -9999.0 -9999.0 -9999.0 -9999.0 -9999.0 -9999.0 -9999.0 -9999.0 -9999.0 00.85 00.79 00.75 00.78 00.83 00.79 00.77 00.77 00.76 00.75 00.83 00.83 00.82 00.85 00.80 00.74 00.75 00.76 00.79 00.80 00.78 00.86 00.94 01.00 00.97 00.96 00.99 01.02 01.03 01.03 00.99 01.05 01.08 01.12 01.16 01.17 01.23 01.33 01.38
-9999.0 -9999.0 -9999.0 -9999.0 -9999.0 -9999.0 -9999.0 -9999.0 -9999.0 -9999.0 -9999.0 -9999.0 -9999.0 -9999.0 -9999.0 -9999.0 -9999.0 -9999.0 -9999.0 -9999.0 -9999.0 -9999.0 -9999.0 -9999.0 -9999.0 -9999.0 -9999.0 00.85 00.73 00.76 00.79 00.79 00.81 00.83 00.78 00.76 00.77 00.78 00.77 00.85 00.88 00.86 00.86 00.77 00.78 00.72 00.72 00.75 00.78 00.80 00.82 00.84 00.85 00.87 00.91 00.95 01.02 01.04 01.04 00.99 01.00 01.01 01.09 01.14 01.19 01.15 01.17
-9999.0 -9999.0 -9999.0 -9999.0 -9999.0 -9999.0 -9999.0 -9999.0 -9999.0 -9999.0 -9999.0 -9999.0 -9999.0 -9999.0 -9999.0 -9999.0 -9999.0 -9999.0 -9999.0 -9999.0 -9999.0 -9999.0 -9999.0 -9999.0 -9999.0 00.49 02.09 01.64 00.46 00.64 00.71 00.78 00.81 00.80 00.80 00.82 00.77 00.81 00.65 00.83 00.91 00.93 00.91 00.78 00.66 00.77 00.72 00.74 00.80 00.82 00.83 00.84 00.81 00.85 00.88 00.90 00.92 01.01 01.04 00.91 00.93 00.86 00.78 00.90 01.00 01.08 01.14
-9999.0 -9999.0 -9999.0 -9999.0 -9999.0 -9999.0 -9999.0 -9999.0 -9999.0 -9999.0 -9999.0 -9999.0 -9999.0 -9999.0 -9999.0 -9999.0 -9999.0 -9999.0 -9999.0 -9999.0 -9999.0 00.64 00.71 00.67 00.99 00.91 01.54 01.50 00.55 00.47 00.63 00.76 00.77 00.79 00.80 00.82 00.85 00.89 00.61 00.35 00.40 00.96 00.93 00.90 00.83 00.77 00.74 00.73 00.73 00.72 00.88 00.76 00.81 00.87 00.80 00.78 00.82 00.86 00.90 00.95 01.00 00.94 00.93 00.92 00.98 01.08 01.11
-9999.0 -9999.0 -9999.0 -9999.0 -9999.0 -9999.0 -9999.0 -9999.0 -9999.0 -9999.0 -9999.0 -9999.0 -9999.0 -9999.0 -9999.0 -9999.0 -9999.0 -9999.0 -9999.0 -9999.0 00.38 00.49 00.50 01.49 01.07 01.02 01.03 00.91 00.60 00.51 00.69 00.64 00.74 00.78 00.79 00.76 00.83 00.89 01.03 00.94 -9999.0 00.18 00.75 00.97 00.96 00.90 00.81 00.78 00.79 00.79 00.80 00.83 00.89 00.94 00.87 00.80 00.82 00.89 00.97 00.99 01.01 01.01 00.87 00.94 00.96 01.01 01.11
-9999.0 -9999.0 -9999.0 -9999.0 -9999.0 -9999.0 -9999.0 -9999.0 -9999.0 -9999.0 -9999.0 -9999.0 -9999.0 -9999.0 -9999.0 -9999.0 -9999.0 -9999.0 -9999.0 -9999.0 00.46 00.46 00.61 02.63 00.39 02.17 01.02 00.83 00.58 00.59 00.79 00.74 00.67 00.73 00.77 00.77 00.76 00.89 00.86 00.46 00.97 -9999.0 00.69 00.93 00.97 00.98 00.96 00.84 00.82 00.79 00.80 00.83 00.85 00.86 00.86 00.89 00.87 00.89 00.91 00.94 00.86 00.66 00.68 00.69 00.94 01.07 01.12
-9999.0 -9999.0 -9999.0 -9999.0 -9999.0 -9999.0 -9999.0 -9999.0 -9999.0 -9999.0 -9999.0 -9999.0 -9999.0 -9999.0 -9999.0 -9999.0 -9999.0 -9999.0 -9999.0 -9999.0 00.37 00.41 00.80 00.87 00.48 00.31 02.75 00.70 00.61 00.60 00.65 00.77 00.72 00.72 00.73 00.75 00.80 00.81 00.79 00.98 01.31 00.37 00.83 00.92 00.97 00.97 00.95 00.95 00.76 00.78 00.78 00.82 00.84 00.87 00.95 01.06 01.13 00.92 00.91 00.91 00.87 00.74 00.75 00.89 00.96 01.02 01.06
-9999.0 -9999.0 -9999.0 -9999.0 -9999.0 -9999.0 -9999.0 -9999.0 -9999.0 -9999.0 -9999.0 -9999.0 -9999.0 -9999.0 -9999.0 -9999.0 -9999.0 -9999.0 -9999.0 -9999.0 -9999.0 00.44 00.62 00.69 -9999.0 -9999.0 -9999.0 00.84 00.70 00.63 00.60 00.67 00.75 00.73 00.71 00.73 00.72 00.78 00.83 00.82 00.72 00.71 00.91 00.95 00.95 00.96 00.95 00.94 00.93 01.28 00.76 00.79 00.81 00.82 00.84 00.92 01.00 00.95 00.90 00.86 00.81 00.83 00.69 00.90 01.02 01.06 01.05
