data/cocos/out/_FlameLength.asc
NCOLS 842
NROWS 592
XLLCORNER 473534.000000
YLLCORNER 3652732.000000
CELLSIZE 30.000000
NODATA_VALUE -9999.0
[rows 203 to 231 of 592, columns 402 to 468 of 842]
01.74 01.77 01.76 01.72 01.83 01.73 01.50 01.50 01.57 01.58 01.22 01.39 00.82 -9999.0 -9999.0 -9999.0 -9999.0 -9999.0 -9999.0 00.33 01.17 00.52 00.21 -9999.0 -9999.0 -9999.0 -9999.0 -9999.0 -9999.0 -9999.0 -9999.0 -9999.0 00.65 00.57 00.61 00.78 00.41 00.34 01.03 01.10 01.15 01.13 01.19 01.03 01.28 01.54 01.57 01.05 01.66 01.33 01.09 01.16 01.26 01.36 01.36 01.11 01.09 01.35 00.88 01.03 01.25 01.41 01.48 01.44 01.41 01.59 01.19
01.68 01.67 01.62 01.63 01.58 01.42 01.35 01.45 01.45 00.30 00.16 00.19 -9999.0 01.16 02.10 -9999.0 -9999.0 -9999.0 -9999.0 -9999.0 00.94 01.33 00.20 01.59 -9999.0 -9999.0 -9999.0 -9999.0 -9999.0 -9999.0 -9999.0 -9999.0 -9999.0 00.64 00.57 00.60 00.38 -9999.0 00.98 01.06 01.02 01.19 01.57 00.86 01.27 00.99 01.18 01.08 01.16 01.29 01.07 00.95 01.08 01.38 01.30 01.48 00.65 00.75 00.62 01.06 01.32 01.41 01.40 01.36 01.60 01.49 00.53
01.57 01.49 01.24 01.24 01.26 01.25 01.32 01.35 01.27 01.84 00.91 01.57 01.99 01.87 -9999.0 00.14 00.17 00.16 00.19 00.85 00.85 00.64 00.21 01.52 -9999.0 -9999.0 -9999.0 -9999.0 -9999.0 -9999.0 -9999.0 -9999.0 -9999.0 -9999.0 -9999.0 -9999.0 -9999.0 -9999.0 00.90 01.03 01.06 01.39 01.64 00.71 00.68 01.11 00.77 00.81 01.08 01.47 01.64 01.58 01.05 01.56 01.77 01.81 00.24 00.40 00.50 00.98 01.35 01.32 01.31 01.27 01.98 00.74 00.97
01.24 00.75 00.83 01.12 01.11 01.18 01.46 01.31 01.38 01.58 01.61 01.64 01.53 01.48 00.06 00.31 01.10 00.53 01.25 00.69 00.92 00.60 02.27 01.91 -9999.0 -9999.0 -9999.0 -9999.0 -9999.0 -9999.0 -9999.0 -9999.0 01.25 00.50 -9999.0 -9999.0 -9999.0 -9999.0 00.82 00.94 01.06 01.26 00.75 00.53 01.20 00.73 00.62 00.95 01.46 00.94 01.36 01.52 01.45 01.02 01.66 01.81 01.98 02.06 01.94 02.09 01.19 01.23 01.67 01.30 00.43 00.53 01.16
00.90 00.29 01.02 01.49 01.01 01.77 01.84 01.25 00.60 00.79 01.14 01.24 01.27 00.55 00.75 00.73 01.13 01.05 00.87 01.62 01.58 01.71 01.82 01.17 -9999.0 -9999.0 -9999.0 -9999.0 -9999.0 -9999.0 -9999.0 -9999.0 01.32 01.61 00.99 -9999.0 -9999.0 -9999.0 -9999.0 00.93 01.07 01.05 01.18 01.23 01.44 01.56 01.82 01.32 01.84 01.81 01.62 01.42 02.01 01.61 01.17 01.65 01.83 01.89 02.06 01.82 01.29 02.08 01.28 00.78 -9999.0 00.74 00.85
01.18 01.50 00.80 00.44 00.96 01.58 00.95 02.08 00.21 00.69 01.03 01.08 01.02 00.29 00.86 01.10 01.22 01.30 01.53 01.57 01.29 01.60 01.24 01.85 01.67 -9999.0 -9999.0 -9999.0 -9999.0 -9999.0 00.39 00.04 01.00 01.53 01.77 01.91 01.37 -9999.0 01.14 00.96 01.10 01.20 01.02 01.29 01.41 01.67 01.76 02.00 01.92 01.76 01.64 01.69 01.24 01.48 01.30 01.17 01.20 01.76 01.94 01.62 01.64 01.78 01.32 -9999.0 -9999.0 -9999.0 00.50
01.41 00.60 00.90 01.62 00.98 02.32 02.15 00.22 00.10 00.91 00.15 -9999.0 -9999.0 -9999.0 00.84 00.64 02.41 01.45 01.47 01.53 01.55 01.58 01.57 01.46 00.87 -9999.0 -9999.0 -9999.0 -9999.0 -9999.0 00.58 01.09 00.94 01.52 01.61 01.74 01.85 00.66 01.35 00.91 01.05 00.96 01.03 01.26 01.55 01.62 01.76 01.85 01.76 01.26 01.35 01.49 01.24 01.19 01.07 01.08 01.47 01.42 01.06 01.26 01.23 01.07 01.96 -9999.0 -9999.0 -9999.0 -9999.0
00.94 01.95 01.56 01.54 01.86 02.48 01.71 00.23 -9999.0 -9999.0 -9999.0 -9999.0 -9999.0 00.16 00.18 00.17 00.69 01.06 01.46 01.44 01.47 01.49 01.49 01.52 01.56 01.64 01.74 01.83 01.79 01.05 -9999.0 01.01 01.29 01.14 01.40 01.50 01.67 01.19 00.85 00.86 01.00 00.74 00.99 01.80 01.95 01.78 01.71 01.82 01.86 01.45 01.24 01.32 01.12 00.99 00.99 01.01 01.50 00.50 01.13 01.59 01.62 01.41 01.98 01.67 -9999.0 -9999.0 -9999.0
01.82 02.10 02.26 02.33 02.40 02.31 01.31 00.23 -9999.0 -9999.0 -9999.0 -9999.0 -9999.0 00.75 01.08 01.67 01.81 01.41 01.40 01.36 01.31 01.39 01.45 01.51 01.59 01.69 01.78 01.80 01.02 01.55 -9999.0 00.78 00.93 01.38 01.69 01.31 01.46 01.51 01.03 00.54 00.69 00.51 01.80 01.92 02.06 02.15 01.71 01.71 01.57 01.47 01.48 01.23 01.09 01.23 01.29 01.02 01.38 01.25 00.97 01.11 01.27 01.20 01.38 01.05 00.65 -9999.0 -9999.0
01.85 02.00 02.14 02.27 02.34 02.13 01.29 02.07 02.50 02.08 01.88 -9999.0 00.44 00.78 01.18 01.65 01.43 01.32 01.30 01.35 01.45 01.58 01.61 01.64 01.64 01.78 01.85 01.77 00.47 -9999.0 -9999.0 00.47 00.99 01.39 00.91 00.82 01.23 01.22 00.33 -9999.0 00.16 00.93 01.86 02.11 02.07 01.75 01.59 01.56 01.62 01.52 01.28 01.16 01.52 01.44 01.18 00.99 01.03 00.51 00.62 01.01 01.04 00.75 00.69 00.80 00.54 -9999.0 -9999.0
01.84 01.93 02.05 02.16 02.13 01.96 01.54 01.96 02.16 01.77 -9999.0 -9999.0 00.30 01.64 01.21 01.71 01.30 01.28 01.37 01.46 01.62 01.71 01.74 01.74 01.79 01.59 01.81 01.80 00.73 03.80 01.58 00.17 00.96 00.91 00.18 00.39 00.79 -9999.0 -9999.0 -9999.0 01.94 02.21 02.42 02.16 02.11 01.27 01.12 01.36 01.37 01.35 01.26 01.44 01.19 01.35 01.25 01.52 01.20 00.01 00.57 01.08 01.18 00.26 00.32 00.77 01.23 -9999.0 -9999.0
01.47 01.65 01.89 01.98 01.92 01.78 01.82 01.92 01.62 01.49 -9999.0 -9999.0 01.78 01.49 01.41 01.31 01.34 01.40 01.45 01.70 01.86 01.95 02.02 01.91 01.87 01.43 01.80 01.88 01.83 04.26 06.06 00.56 01.52 02.03 00.75 00.19 -9999.0 -9999.0 -9999.0 01.76 02.15 02.34 02.29 02.28 02.05 00.86 01.49 01.85 01.84 01.37 01.34 01.03 01.04 01.13 01.12 01.16 01.23 01.22 00.70 01.00 01.18 01.20 00.71 01.15 01.32 01.76 01.35
01.77 01.58 01.76 01.78 01.73 01.57 01.71 01.69 01.50 00.75 01.05 01.81 01.23 01.17 01.32 01.34 01.37 01.48 01.73 02.02 02.09 02.12 02.09 02.04 01.94 01.80 01.83 01.90 01.93 02.06 02.05 01.09 01.34 01.21 01.48 01.42 00.86 -9999.0 00.95 02.10 02.19 02.24 02.24 02.06 01.59 01.25 01.75 01.74 01.60 01.43 01.52 01.16 01.24 01.00 01.24 01.14 01.13 01.10 01.03 01.26 01.07 01.08 01.10 01.13 01.63 01.74 01.77
01.57 01.54 01.59 01.59 01.46 01.58 01.62 01.44 01.04 01.38 01.73 00.62 00.56 01.19 01.26 01.29 01.38 01.55 01.92 02.12 02.24 02.77 02.09 02.07 01.95 01.93 01.94 01.93 01.94 02.03 00.33 00.84 01.08 01.08 01.61 01.87 02.12 00.90 01.97 02.29 02.22 02.08 01.89 01.59 01.06 01.01 01.28 01.73 01.36 01.32 00.99 01.16 01.41 01.29 01.06 01.56 01.57 01.20 01.07 01.32 00.97 00.96 00.69 00.91 01.12 01.24 01.34
01.50 01.45 01.43 01.29 01.45 01.50 01.74 00.22 00.43 00.15 01.73 -9999.0 01.07 01.09 01.18 01.26 01.37 04.05 05.13 03.16 02.72 04.90 02.06 02.02 01.98 01.94 01.96 01.95 01.91 01.48 00.43 00.63 00.66 01.16 01.91 02.23 01.70 02.37 02.29 02.19 01.94 01.66 01.45 01.46 01.66 01.29 01.66 01.72 01.30 01.21 01.03 01.39 01.53 01.51 01.45 01.64 01.87 01.25 01.21 01.20 00.96 00.19 00.62 00.70 01.03 01.19 01.26
01.42 01.29 01.15 01.29 01.38 01.29 01.28 01.63 00.98 01.71 01.40 -9999.0 00.90 01.20 01.18 01.33 03.47 04.98 05.66 05.61 03.00 05.62 04.63 02.67 02.43 01.96 01.98 01.99 02.01 02.03 -9999.0 00.54 00.59 01.44 02.10 01.96 02.20 02.19 02.03 01.47 01.31 01.28 01.41 01.53 01.24 00.99 01.06 01.12 01.16 01.37 01.50 01.64 01.76 01.64 01.23 01.34 01.78 01.07 01.17 01.24 01.00 01.39 02.08 01.77 01.14 01.09 01.12
01.14 01.07 01.26 01.13 00.87 01.14 01.21 01.23 01.17 01.22 -9999.0 -9999.0 -9999.0 00.94 01.22 01.48 01.58 01.80 01.41 07.78 02.95 06.08 02.15 04.66 04.62 02.29 01.95 01.94 02.01 01.98 00.66 01.19 01.78 01.94 01.89 01.93 01.91 01.82 01.58 00.78 00.83 01.31 01.48 01.69 01.71 01.38 00.59 00.58 00.88 01.19 01.17 01.55 01.95 02.10 01.83 01.64 01.52 00.91 01.05 01.07 01.08 01.16 01.87 01.67 01.04 01.14 00.97
01.17 00.31 -9999.0 00.57 00.73 01.01 01.12 01.16 01.05 01.53 -9999.0 00.88 -9999.0 00.54 01.29 01.53 01.81 01.89 01.79 01.93 02.55 03.91 04.37 05.81 05.30 05.39 06.66 01.82 03.64 01.58 01.41 01.61 01.82 01.90 01.95 01.85 02.15 01.81 01.05 01.16 01.18 01.41 01.58 01.71 01.64 01.17 00.67 00.70 00.92 01.42 01.25 01.40 01.48 02.02 01.73 01.42 00.92 00.83 00.94 00.99 01.07 01.10 01.23 01.33 01.18 01.07 00.80
01.19 00.54 01.55 02.10 02.41 01.54 01.45 01.42 01.46 01.46 -9999.0 01.49 02.18 00.66 01.13 01.76 01.93 01.85 01.80 01.79 02.12 01.72 04.10 05.11 05.41 05.74 02.14 01.60 02.64 01.31 01.05 01.77 01.92 01.82 01.76 01.41 01.53 01.49 01.37 01.81 01.07 01.37 01.65 01.57 01.38 01.43 00.72 01.03 02.02 01.18 01.37 01.26 01.92 01.89 01.31 00.70 00.68 00.72 00.89 01.07 01.14 01.08 01.14 00.78 00.34 00.54 00.90
01.59 01.05 01.58 02.23 01.95 00.91 01.29 01.31 01.03 -9999.0 00.72 02.52 02.00 00.39 01.15 01.90 01.76 01.77 01.66 01.64 01.75 01.56 02.59 03.17 01.33 01.19 00.73 01.84 05.26 05.21 01.82 03.38 01.68 01.58 02.01 02.07 00.88 01.23 00.66 00.70 00.95 01.37 01.54 01.67 01.55 01.60 00.83 01.01 01.07 01.26 01.23 00.89 01.23 00.51 00.52 00.66 00.67 01.11 00.15 00.14 00.98 01.11 00.96 00.57 00.36 00.19 00.11
01.39 01.67 01.67 01.62 00.18 00.17 00.13 -9999.0 00.72 01.58 02.58 01.79 01.70 01.14 02.01 01.60 01.31 01.49 01.44 01.48 01.42 01.36 01.23 01.26 01.25 01.32 01.26 01.34 01.09 02.90 02.81 01.02 04.23 02.92 01.98 01.64 01.80 00.94 01.60 00.65 01.86 02.07 02.23 02.18 02.11 02.05 00.52 00.81 01.10 01.58 02.21 00.64 00.49 00.30 00.35 00.74 00.93 00.52 00.25 00.37 00.31 00.96 01.11 00.49 01.07 00.12 00.11
01.30 01.38 01.43 00.09 -9999.0 -9999.0 -9999.0 04.33 02.57 02.27 01.92 01.58 01.47 01.63 -9999.0 00.59 01.06 01.15 01.23 01.28 01.26 01.25 01.26 01.40 01.10 01.23 01.31 01.43 01.55 01.66 00.31 00.93 01.58 01.93 01.80 01.72 01.56 00.62 01.62 01.59 01.80 02.08 02.10 01.77 01.59 02.05 00.20 00.77 01.28 02.16 02.45 00.76 01.15 00.13 00.52 00.33 00.09 00.11 -9999.0 -9999.0 -9999.0 -9999.0 -9999.0 -9999.0 -9999.0 -9999.0 -9999.0
01.25 00.71 00.52 00.68 00.65 00.88 04.07 06.51 01.72 01.59 01.49 01.82 01.36 01.22 01.11 -9999.0 00.67 00.95 01.11 01.17 01.21 01.44 01.47 01.05 01.16 01.37 01.53 01.68 01.78 01.72 01.61 00.98 01.22 01.66 01.97 01.64 00.76 00.29 00.69 01.48 01.70 01.49 01.36 01.68 01.33 01.41 00.61 00.72 01.14 02.05 01.88 01.66 01.63 -9999.0 -9999.0 -9999.0 -9999.0 -9999.0 -9999.0 -9999.0 -9999.0 -9999.0 -9999.0 -9999.0 -9999.0 -9999.0 -9999.0
00.91 01.34 01.10 01.42 01.78 01.73 01.63 01.45 01.50 01.42 01.71 01.59 01.18 01.55 01.56 -9999.0 -9999.0 00.96 01.05 01.10 01.16 01.05 01.36 01.08 01.40 01.56 01.72 01.84 01.82 01.73 01.75 01.30 01.34 01.55 00.92 01.01 00.64 00.58 01.48 01.87 02.16 01.45 01.74 01.71 01.56 01.58 01.54 01.44 01.27 01.09 01.11 00.68 00.99 -9999.0 -9999.0 -9999.0 -9999.0 -9999.0 -9999.0 -9999.0 -9999.0 -9999.0 -9999.0 -9999.0 -9999.0 -9999.0 -9999.0
00.81 00.92 01.08 01.24 01.39 01.33 01.36 01.35 01.28 01.60 01.83 02.39 02.35 01.24 01.89 00.88 00.50 00.76 00.78 01.02 01.25 01.01 01.02 01.64 01.79 01.91 02.02 01.79 01.78 01.74 01.76 01.70 01.60 01.69 01.73 01.81 00.43 01.10 01.73 02.08 01.79 01.69 01.71 01.63 01.61 01.09 01.13 00.97 00.55 00.56 00.70 00.92 -9999.0 -9999.0 -9999.0 -9999.0 -9999.0 -9999.0 -9999.0 -9999.0 -9999.0 -9999.0 -9999.0 -9999.0 -9999.0 -9999.0 -9999.0
-9999.0 00.76 00.94 01.05 01.14 01.41 01.50 01.05 01.13 01.64 02.15 02.43 04.27 01.11 01.89 02.11 01.65 00.59 00.43 01.05 01.41 01.49 01.72 01.92 02.06 02.13 01.95 01.73 01.78 01.76 01.75 01.75 01.55 01.52 01.69 01.78 01.67 01.84 01.66 01.63 01.51 01.60 01.61 01.61 00.54 01.09 01.55 01.89 01.36 01.40 00.88 -9999.0 -9999.0 -9999.0 -9999.0 -9999.0 -9999.0 -9999.0 -9999.0 -9999.0 -9999.0 -9999.0 -9999.0 -9999.0 -9999.0 -9999.0 -9999.0
-9999.0 -9999.0 00.73 00.89 01.10 01.49 01.70 01.54 01.55 01.65 01.77 02.33 02.53 01.67 01.82 02.12 02.04 01.44 -9999.0 01.02 01.53 01.73 01.96 02.20 02.11 01.93 01.84 01.87 01.93 01.90 01.71 01.22 01.07 01.49 01.59 01.64 01.40 01.07 01.34 01.40 01.50 01.52 01.27 01.40 01.22 01.63 01.66 01.09 01.17 01.15 01.28 -9999.0 -9999.0 -9999.0 -9999.0 -9999.0 -9999.0 -9999.0 -9999.0 -9999.0 -9999.0 -9999.0 -9999.0 -9999.0 -9999.0 -9999.0 -9999.0
-9999.0 -9999.0 00.59 00.64 01.15 01.30 01.43 01.59 01.74 01.85 01.85 02.08 02.43 04.20 01.74 02.04 02.06 01.81 -9999.0 01.47 01.80 02.01 02.18 02.07 01.87 01.74 01.63 02.00 02.05 01.97 01.97 00.69 00.87 01.07 01.40 00.95 01.03 01.15 01.07 00.69 00.43 00.45 00.75 00.88 00.88 00.90 00.94 00.97 01.27 01.40 -9999.0 -9999.0 -9999.0 -9999.0 -9999.0 -9999.0 -9999.0 -9999.0 -9999.0 -9999.0 -9999.0 -9999.0 -9999.0 -9999.0 -9999.0 -9999.0 -9999.0
01.93 -9999.0 00.83 00.29 01.09 01.35 01.73 02.11 02.33 01.88 01.89 01.90 02.23 02.49 01.41 01.95 01.79 01.03 01.39 01.66 01.91 01.99 01.89 01.81 01.64 02.11 02.16 02.15 02.00 01.99 01.96 01.12 00.67 00.94 01.45 01.74 01.88 00.48 00.45 00.77 00.53 00.48 00.60 00.83 01.05 01.18 01.20 00.99 00.38 -9999.0 -9999.0 -9999.0 -9999.0 -9999.0 -9999.0 -9999.0 -9999.0 -9999.0 -9999.0 -9999.0 -9999.0 -9999.0 -9999.0 -9999.0 -9999.0 -9999.0 -9999.0
