data/cocos/out/_HeatPerUnitArea.asc
NCOLS 842
NROWS 592
XLLCORNER 473534.000000
YLLCORNER 3652732.000000
CELLSIZE 30.000000
NODATA_VALUE -9999.0
[rows 232 to 260 of 592, columns 335 to 401 of 842]
-9999.0 31269.130 23730.689 26912.346 10787.780 13475.702 31360.169 30637.084 07193.317 18221.256 07251.297 07291.804 07291.835 07228.109 05518.969 05931.619 07471.821 29825.727 07586.249 07631.705 07465.764 10620.229 22715.486 07888.832 08009.831 17626.708 31966.216 08075.685 08309.533 08452.231 08580.072 33884.982 06765.726 08660.250 08652.353 08644.455 08626.196 08647.716 08594.211 07179.192 08517.971 08589.002 -9999.0 08621.436 08009.870 08008.495 08369.418 08363.747 08315.747 05940.728 08615.318 06410.408 08575.554 08576.829 08619.926 08619.286 08585.963 08629.365 35421.343 35155.333 32761.558 06752.387 08657.052 08658.423 08657.383 08657.013 19868.455
-9999.0 -9999.0 31267.410 29461.215 27568.284 29585.012 31358.339 26861.099 07218.073 07251.563 07297.542 15384.600 06679.472 22255.751 05259.948 07320.112 07483.950 20802.545 07614.707 15713.487 07681.154 26457.531 30332.994 31450.448 07988.014 08088.696 30442.240 08077.944 08244.695 08470.487 36316.448 08675.395 30391.051 08655.445 08629.930 08646.548 08645.947 05142.953 08595.897 08110.538 08548.298 07657.743 08619.392 08596.153 08531.465 08284.711 07514.552 08256.603 07557.250 06153.305 06265.743 07002.988 06459.556 07083.847 07926.510 08624.485 08631.786 11410.553 27881.668 35670.515 08647.133 20836.843 06665.302 08656.610 08657.508 08660.142 25441.787
-9999.0 -9999.0 23318.909 28452.552 29730.929 26421.106 22044.067 07189.264 07247.009 07182.302 05554.698 21873.263 19057.993 05580.673 05655.826 06745.843 07463.980 08318.087 31107.193 23718.014 23159.481 30319.552 31688.056 24141.673 22766.654 08013.287 07909.870 11952.823 08141.766 08251.349 08212.868 30380.809 02685.694 08655.429 08647.579 08650.002 04886.684 08643.586 08564.171 08595.947 08598.955 08622.107 08620.614 08600.165 08571.382 08486.204 08326.821 07274.642 07749.507 07079.776 07243.026 08615.659 07907.105 08466.369 08628.054 08638.861 08630.451 08634.877 28152.628 35613.217 08646.043 31495.180 36142.248 08653.994 08657.565 08662.182 08666.148
-9999.0 -9999.0 -9999.0 -9999.0 07096.038 07109.781 07143.720 07191.393 07242.166 06051.020 06111.915 05554.752 22346.877 06107.423 05700.328 05827.309 07446.434 22272.226 07618.473 29021.851 23015.703 11224.961 29937.042 09454.826 31907.099 32037.162 07838.280 31894.439 07957.837 08095.190 07558.970 08075.790 07715.748 07993.735 08657.877 06378.776 02657.232 -9999.0 06512.419 08601.969 06628.038 08623.472 08624.578 08641.824 -9999.0 08524.151 08459.262 08409.808 07885.030 08563.326 08216.670 08623.044 08272.809 08237.992 08637.135 08642.591 08634.925 08633.888 08638.784 33908.590 08646.149 31789.071 06817.302 08654.621 36608.824 30636.965 08667.995
-9999.0 -9999.0 -9999.0 -9999.0 -9999.0 -9999.0 07127.276 07161.045 07214.224 07036.722 05560.335 05556.394 13802.865 06950.807 05547.912 05558.424 07439.925 30037.634 31732.155 07616.510 07665.151 27175.956 23220.304 07974.744 07933.616 26680.736 13894.915 21719.140 23058.798 07578.147 07707.247 05599.972 07777.833 08527.985 08678.536 08030.348 02675.197 -9999.0 06624.472 06620.223 08628.248 08637.482 08641.826 -9999.0 -9999.0 08606.505 08562.582 08519.720 08545.507 08613.614 08619.307 08631.996 08638.901 08637.050 08642.518 08632.740 08634.170 08637.764 08640.567 08643.951 18479.925 12300.408 08650.274 -9999.0 02650.208 07285.833 08671.201
-9999.0 -9999.0 -9999.0 -9999.0 -9999.0 -9999.0 07062.509 06864.798 06645.037 06180.670 05549.907 05561.556 05557.517 06279.271 07290.382 05547.052 07435.977 10470.225 23919.114 08563.107 09512.317 11696.289 10535.401 08025.397 13122.669 16738.060 32221.857 33424.302 06246.358 06559.232 06368.886 07806.003 06266.263 06698.648 06698.673 06698.726 -9999.0 -9999.0 06624.559 06961.096 08638.531 08639.934 -9999.0 -9999.0 -9999.0 08295.541 07730.009 08570.105 08609.500 08625.971 08629.329 08634.907 08638.498 08644.112 08642.649 08640.399 08641.230 08644.341 08651.582 08651.408 08648.322 08649.824 08647.403 36584.609 -9999.0 35955.375 23819.612
-9999.0 -9999.0 -9999.0 -9999.0 -9999.0 -9999.0 -9999.0 -9999.0 05603.802 05521.381 05533.128 05546.264 05561.919 05560.592 05559.647 05560.142 -9999.0 07406.945 23619.504 07545.893 07610.824 07683.825 07360.191 07759.717 03071.846 06154.429 30198.762 32556.352 06171.503 07984.254 06003.202 07853.287 07597.263 06745.001 06698.301 08677.258 -9999.0 -9999.0 08640.151 08635.553 08643.722 -9999.0 -9999.0 -9999.0 08605.893 06960.615 07412.363 08609.224 08624.420 08627.892 08635.708 08630.983 08639.661 08647.046 08645.065 08648.610 08653.218 08650.472 08651.873 08654.493 08654.171 08651.257 08654.972 36603.071 -9999.0 -9999.0 -9999.0
-9999.0 -9999.0 -9999.0 -9999.0 -9999.0 -9999.0 -9999.0 -9999.0 -9999.0 05513.142 05518.573 05530.368 05543.514 05544.915 05544.743 -9999.0 06787.635 06515.103 32113.455 23434.771 07322.512 07480.121 05764.511 06723.568 06590.813 02889.969 29285.105 33590.958 21027.158 07851.021 06983.160 05178.496 02800.172 06694.510 08676.876 -9999.0 06676.908 06674.510 -9999.0 -9999.0 -9999.0 -9999.0 -9999.0 -9999.0 -9999.0 08376.287 08072.784 08618.655 08623.583 08636.367 08630.177 08631.443 08642.702 08648.531 08648.562 08653.516 08654.113 08652.921 08657.121 08657.444 09815.470 08654.841 12693.206 08665.595 08670.961 08673.659 01276.642
-9999.0 -9999.0 -9999.0 -9999.0 -9999.0 -9999.0 -9999.0 -9999.0 -9999.0 -9999.0 05507.892 05514.210 05519.519 -9999.0 -9999.0 -9999.0 05556.589 05600.058 32118.401 17401.881 05914.870 06126.599 05982.994 05865.743 06086.765 06698.799 06034.268 19721.047 33466.367 07873.608 07908.311 07607.591 07814.451 06313.629 -9999.0 06676.679 07299.303 08666.211 08661.161 08675.320 -9999.0 -9999.0 -9999.0 -9999.0 -9999.0 08602.861 08608.956 22461.742 27299.979 08630.470 08630.939 08639.392 08639.180 08650.852 08653.934 08654.236 08654.755 08657.250 08659.168 08655.265 08658.441 08659.889 08664.819 08666.048 08670.979 02381.280 08676.304
-9999.0 -9999.0 -9999.0 -9999.0 -9999.0 -9999.0 -9999.0 -9999.0 -9999.0 -9999.0 -9999.0 -9999.0 -9999.0 -9999.0 -9999.0 -9999.0 -9999.0 05571.028 06489.564 22622.299 05647.189 05667.983 05724.703 05804.751 05949.849 06148.457 06017.721 06089.350 06081.124 21052.038 06512.881 06953.741 02265.371 -9999.0 -9999.0 06750.280 08664.630 08662.156 08675.151 08673.129 36616.828 -9999.0 -9999.0 -9999.0 08603.905 06529.375 20119.086 35733.759 08616.082 08619.016 08636.470 08631.093 08645.467 08655.523 08654.474 08657.339 08658.455 08659.231 08657.967 08660.272 08654.826 08662.249 08665.486 04693.884 08673.421 08675.635 08676.862
-9999.0 -9999.0 -9999.0 -9999.0 -9999.0 -9999.0 -9999.0 -9999.0 -9999.0 -9999.0 -9999.0 -9999.0 -9999.0 -9999.0 -9999.0 -9999.0 -9999.0 -9999.0 -9999.0 05984.120 05913.420 05650.959 05680.702 05775.500 05885.291 05945.426 06044.367 06094.075 06170.844 06251.813 06003.709 05851.988 -9999.0 -9999.0 -9999.0 07544.182 08667.322 08667.273 08674.173 08665.888 08641.655 08633.221 -9999.0 08602.990 07320.778 07486.318 27507.126 30745.081 08616.203 08623.263 08641.634 08637.917 08649.629 08657.205 08659.979 08661.374 08658.962 35709.814 08659.640 08660.124 08657.283 08666.116 02151.302 08671.734 06348.226 08676.328 08677.117
-9999.0 -9999.0 -9999.0 -9999.0 -9999.0 -9999.0 -9999.0 -9999.0 -9999.0 -9999.0 -9999.0 -9999.0 -9999.0 -9999.0 -9999.0 -9999.0 -9999.0 07121.264 07145.666 07303.908 05600.657 05630.384 05663.577 05796.221 06433.350 05834.450 06398.785 05960.711 05926.081 05833.967 -9999.0 -9999.0 -9999.0 -9999.0 03984.891 08680.218 08674.961 08675.376 08670.806 21045.044 08639.000 08630.333 08629.734 08574.181 06806.742 08531.926 17495.524 08610.200 08615.852 08631.775 08638.103 08643.455 08649.996 08658.808 08661.128 08661.817 28746.614 28487.430 08660.527 08660.426 08666.886 08671.485 08671.601 08674.820 08675.795 08676.515 08677.485
-9999.0 -9999.0 -9999.0 -9999.0 -9999.0 -9999.0 -9999.0 -9999.0 -9999.0 -9999.0 -9999.0 -9999.0 -9999.0 -9999.0 -9999.0 -9999.0 07144.784 31373.468 07204.348 07312.031 07297.475 06315.086 05629.429 17309.924 06842.230 07632.414 07766.999 05830.741 05861.849 24797.095 -9999.0 -9999.0 -9999.0 06711.880 08688.391 08681.054 08678.581 08673.582 08665.059 08659.478 08652.607 08635.601 08623.135 08590.107 07025.651 08308.205 08593.907 08605.027 24192.291 08629.763 08640.513 08643.459 08654.767 08659.841 08660.641 08662.722 08663.600 08661.751 08661.141 08666.153 08670.166 08670.626 08673.052 08674.326 08676.073 08397.152 08484.543
-9999.0 -9999.0 -9999.0 -9999.0 -9999.0 -9999.0 -9999.0 -9999.0 -9999.0 -9999.0 -9999.0 -9999.0 -9999.0 -9999.0 -9999.0 -9999.0 07146.049 29877.868 15748.044 07303.474 07300.683 07288.066 06571.028 05644.479 29784.374 30918.045 28262.999 31374.733 28784.202 29268.057 -9999.0 -9999.0 -9999.0 08688.994 08687.261 08681.937 08676.261 08671.483 08660.059 08654.090 08654.920 08642.806 08632.701 08609.979 07653.350 07812.017 08551.328 20655.009 33007.601 08631.925 08648.316 08651.864 34742.267 08658.655 08659.923 08662.157 27462.262 08662.081 08661.191 08667.337 08669.188 08670.992 08672.516 08674.335 08674.477 07495.800 08677.479
-9999.0 -9999.0 -9999.0 -9999.0 -9999.0 -9999.0 -9999.0 -9999.0 -9999.0 -9999.0 -9999.0 -9999.0 -9999.0 -9999.0 -9999.0 -9999.0 07148.273 30336.982 25387.410 07260.956 07300.717 07289.295 07238.391 07305.445 07063.492 07430.067 07451.220 07471.406 07548.663 10653.590 -9999.0 -9999.0 -9999.0 08682.605 08684.760 08680.606 08675.592 08669.652 08660.131 08658.443 08654.692 08651.846 08639.925 08624.263 08627.469 08625.541 12095.386 29433.752 35006.674 08640.609 08649.832 31132.973 08657.295 08658.928 08660.011 08661.511 08660.312 08660.458 08663.588 08667.278 08668.537 08670.117 08672.946 08673.038 07355.148 08296.429 08500.670
-9999.0 -9999.0 -9999.0 -9999.0 -9999.0 -9999.0 -9999.0 -9999.0 -9999.0 -9999.0 -9999.0 -9999.0 -9999.0 -9999.0 -9999.0 -9999.0 -9999.0 07154.377 31053.063 29111.645 24241.486 07222.643 07231.364 07235.582 07207.752 07241.682 07232.354 26979.595 29264.948 28835.302 -9999.0 -9999.0 08649.589 08690.682 08677.519 08677.346 08674.695 08671.395 07861.107 08658.449 06973.391 08642.581 08650.658 08633.937 08629.375 08639.772 08638.934 08635.273 08640.350 08643.862 08649.258 22921.323 08658.708 08657.603 16291.619 08661.907 19017.696 08659.958 08661.876 08666.534 08668.635 08671.118 08672.819 08604.560 08674.320 08676.113 07855.583
-9999.0 -9999.0 -9999.0 -9999.0 -9999.0 -9999.0 -9999.0 -9999.0 -9999.0 -9999.0 -9999.0 -9999.0 -9999.0 -9999.0 -9999.0 -9999.0 -9999.0 -9999.0 07108.136 07165.203 07194.540 07115.749 -9999.0 07127.933 07206.796 06702.556 07327.484 31465.419 31609.123 32039.415 -9999.0 -9999.0 06722.486 08685.693 08690.666 08676.289 08674.944 08675.122 07148.488 02634.755 02659.656 07821.372 07707.700 08650.935 08634.163 08637.552 08640.560 08644.506 08647.006 08650.746 08653.281 08658.067 08657.243 08655.901 33931.336 07004.838 33075.326 08660.148 08639.868 08667.710 12724.486 08671.259 08672.684 08673.732 08675.721 07092.710 08620.148
-9999.0 -9999.0 -9999.0 -9999.0 -9999.0 -9999.0 -9999.0 -9999.0 -9999.0 -9999.0 -9999.0 -9999.0 -9999.0 -9999.0 -9999.0 -9999.0 -9999.0 -9999.0 -9999.0 -9999.0 -9999.0 -9999.0 -9999.0 -9999.0 07040.944 07287.224 07284.739 07435.679 25276.540 32644.379 -9999.0 06675.332 06675.771 07062.556 -9999.0 -9999.0 -9999.0 07229.986 04319.643 36447.811 35326.143 08535.934 08656.506 08652.397 23651.270 08638.089 08641.914 22103.960 08655.201 08654.407 08655.364 08656.095 23078.379 08653.056 21326.341 20027.972 28859.086 07685.792 08582.020 34868.796 08670.345 08672.102 08673.228 08674.161 08480.779 08520.930 08677.969
-9999.0 -9999.0 -9999.0 -9999.0 -9999.0 -9999.0 -9999.0 -9999.0 -9999.0 -9999.0 -9999.0 -9999.0 -9999.0 -9999.0 -9999.0 -9999.0 -9999.0 -9999.0 -9999.0 -9999.0 -9999.0 -9999.0 -9999.0 -9999.0 07103.885 07298.421 02581.339 07364.294 07648.336 07628.422 32646.756 08688.931 08606.940 -9999.0 -9999.0 08688.240 08538.181 08226.315 07950.983 06526.877 08664.123 08659.807 08653.365 08374.872 34372.888 34331.143 33011.198 08656.680 07217.317 11375.534 07750.992 07974.655 08120.047 08361.330 14798.865 08663.795 07552.582 09549.244 14442.727 08667.923 08669.641 08672.332 08673.445 08674.929 08676.017 08677.509 08679.424
-9999.0 -9999.0 -9999.0 -9999.0 -9999.0 -9999.0 -9999.0 -9999.0 -9999.0 -9999.0 -9999.0 -9999.0 -9999.0 -9999.0 -9999.0 -9999.0 -9999.0 -9999.0 -9999.0 -9999.0 -9999.0 -9999.0 -9999.0 -9999.0 -9999.0 07200.162 07261.505 01037.377 07403.315 07819.366 07991.615 08573.590 08545.051 08662.879 08682.253 08686.851 08668.006 08673.041 08680.872 08680.562 08074.410 08669.380 08664.340 08653.416 08648.946 08651.236 08653.866 07220.980 12799.568 34275.300 06843.777 07381.805 07820.750 08292.070 34351.361 08660.530 08667.325 29891.774 25591.148 29370.247 08671.710 08672.974 08673.981 08675.190 08676.593 08679.328 08680.214
-9999.0 -9999.0 -9999.0 -9999.0 -9999.0 -9999.0 -9999.0 -9999.0 -9999.0 -9999.0 -9999.0 -9999.0 -9999.0 -9999.0 -9999.0 -9999.0 -9999.0 -9999.0 -9999.0 -9999.0 -9999.0 -9999.0 -9999.0 -9999.0 -9999.0 -9999.0 07064.829 07013.055 -9999.0 07943.786 08256.856 08510.625 08520.192 08651.747 08684.861 08686.483 08681.060 08675.717 08678.432 08681.965 08683.163 08671.211 08664.782 08664.748 08657.907 08652.865 08649.462 24204.399 23203.811 08656.745 07661.837 07327.230 30740.272 08662.236 08665.718 08665.954 08665.781 15007.724 08671.842 08675.599 08674.984 08674.849 08675.428 08676.181 08677.696 08678.843 08679.624
-9999.0 -9999.0 -9999.0 -9999.0 -9999.0 -9999.0 -9999.0 -9999.0 -9999.0 -9999.0 -9999.0 -9999.0 -9999.0 -9999.0 -9999.0 -9999.0 -9999.0 -9999.0 -9999.0 -9999.0 -9999.0 -9999.0 -9999.0 -9999.0 -9999.0 -9999.0 -9999.0 -9999.0 07610.128 07795.439 08073.657 08401.727 08533.766 08649.886 08690.522 08687.769 08684.971 08677.604 08685.891 08684.970 08682.774 08682.851 08672.489 08661.606 08660.642 08661.738 08658.306 08656.749 08661.190 08664.227 08665.322 08666.317 08667.210 08667.457 08668.777 08667.313 08670.470 08673.361 08675.386 08680.290 08677.486 08677.016 08678.024 08679.635 08678.319 08678.677 08681.671
-9999.0 -9999.0 -9999.0 -9999.0 -9999.0 -9999.0 -9999.0 -9999.0 -9999.0 -9999.0 -9999.0 -9999.0 -9999.0 -9999.0 -9999.0 -9999.0 -9999.0 -9999.0 -9999.0 -9999.0 -9999.0 -9999.0 -9999.0 -9999.0 -9999.0 -9999.0 -9999.0 31633.497 07599.260 07732.674 08091.225 08361.472 08525.410 08619.008 08685.675 08680.600 08686.988 08680.695 08679.599 08687.762 08680.615 08683.030 08677.682 08669.085 08664.514 08664.456 08663.381 08664.693 08666.558 08668.204 08669.801 08670.756 08671.199 08671.717 08670.986 08670.604 08672.973 08673.519 08673.703 08682.584 08683.196 08683.202 08683.171 08683.576 08680.694 08681.569 08683.038
-9999.0 -9999.0 -9999.0 -9999.0 -9999.0 -9999.0 -9999.0 -9999.0 -9999.0 -9999.0 -9999.0 -9999.0 -9999.0 -9999.0 -9999.0 -9999.0 -9999.0 -9999.0 -9999.0 -9999.0 -9999.0 -9999.0 -9999.0 -9999.0 -9999.0 07234.192 31624.628 28526.996 07467.736 07647.938 07854.286 08238.329 08490.271 08582.316 08667.108 08608.339 08679.148 08682.046 08681.018 08687.504 08684.317 08677.704 08684.088 08672.862 08670.389 08672.786 08673.673 08673.376 08673.730 08673.828 08673.971 08674.563 08675.434 08673.774 08672.192 08671.947 08674.968 08674.284 08675.962 08676.964 08682.728 06353.665 01860.640 02498.942 03554.754 08686.547 08686.925
-9999.0 -9999.0 -9999.0 -9999.0 -9999.0 -9999.0 -9999.0 -9999.0 -9999.0 -9999.0 -9999.0 -9999.0 -9999.0 -9999.0 -9999.0 -9999.0 -9999.0 -9999.0 -9999.0 -9999.0 -9999.0 04220.210 06140.551 07249.661 05608.106 06853.948 20674.490 23091.121 07315.288 07534.800 07708.912 08063.115 08436.437 08532.321 08625.697 08679.940 08637.153 08682.896 08680.114 08690.716 08688.983 08679.980 08683.000 08686.133 08683.110 08678.794 08674.710 08673.661 08676.720 08677.145 08678.535 08677.482 08676.854 08676.364 08675.059 08677.224 08680.889 08681.327 08684.610 08686.170 08687.771 08688.285 08687.939 08687.403 08687.664 08687.807 08689.681
-9999.0 -9999.0 -9999.0 -9999.0 -9999.0 -9999.0 -9999.0 -9999.0 -9999.0 -9999.0 -9999.0 -9999.0 -9999.0 -9999.0 -9999.0 -9999.0 -9999.0 -9999.0 -9999.0 -9999.0 01151.539 01617.864 01859.222 18294.239 07267.259 07166.953 07235.931 08204.040 07286.991 07502.854 07648.410 07801.845 08309.309 08530.215 08597.569 08661.397 08681.693 08667.925 08684.556 08690.784 -9999.0 08574.301 08635.154 08666.070 08690.074 08688.064 08681.642 08679.569 08681.852 08679.747 08683.194 08685.177 08681.969 08680.186 08682.873 08685.586 08683.216 08678.804 08675.116 08683.447 08690.188 08689.607 05822.358 08690.087 08690.118 08690.601 08690.852
-9999.0 -9999.0 -9999.0 -9999.0 -9999.0 -9999.0 -9999.0 -9999.0 -9999.0 -9999.0 -9999.0 -9999.0 -9999.0 -9999.0 -9999.0 -9999.0 -9999.0 -9999.0 -9999.0 -9999.0 01032.200 01534.182 02801.511 27069.378 05882.289 21288.347 07262.748 07284.601 07324.193 07500.145 07593.702 07761.296 07929.550 08371.976 08649.225 08645.534 08664.306 08671.624 08686.234 08677.180 08512.073 -9999.0 08589.444 08636.751 08667.371 08691.875 08686.871 08685.190 08681.545 08685.429 08688.442 08685.596 08684.873 08686.512 08688.250 08690.509 08684.923 08680.922 08680.068 08685.988 04193.125 01360.220 02830.258 01415.047 04200.089 08225.763 08691.832
-9999.0 -9999.0 -9999.0 -9999.0 -9999.0 -9999.0 -9999.0 -9999.0 -9999.0 -9999.0 -9999.0 -9999.0 -9999.0 -9999.0 -9999.0 -9999.0 -9999.0 -9999.0 -9999.0 -9999.0 01031.624 01032.685 05052.868 06963.025 06276.211 04305.410 27060.121 07295.679 07279.406 07417.222 07538.263 07601.765 07792.616 08056.589 08304.156 08608.681 08651.094 08667.186 08612.236 08615.890 08515.018 08677.628 08570.374 08576.842 08569.560 08645.899 08688.904 08687.067 08691.673 08692.759 08694.196 08687.098 08684.688 08686.045 08681.484 08682.088 08676.800 08676.355 08682.139 08685.311 08692.204 02738.572 02353.852 06555.384 08692.302 08692.182 08691.952
-9999.0 -9999.0 -9999.0 -9999.0 -9999.0 -9999.0 -9999.0 -9999.0 -9999.0 -9999.0 -9999.0 -9999.0 -9999.0 -9999.0 -9999.0 -9999.0 -9999.0 -9999.0 -9999.0 -9999.0 -9999.0 01286.908 03549.932 07033.872 -9999.0 -9999.0 -9999.0 07299.306 07166.732 07337.439 07443.402 07563.011 07632.089 07813.737 08015.449 08269.286 08470.140 08650.855 08603.228 08547.229 08637.320 08632.777 08406.578 08501.482 08456.328 08508.751 08582.622 08668.120 08688.347 08695.468 08694.942 08692.598 08689.640 08689.493 08689.328 08681.821 08676.252 08683.063 08680.239 08688.548 08695.259 08693.062 01432.273 03875.613 07072.288 08694.072 08691.435
