data/cocos/out/_HeatPerUnitArea.asc
NCOLS 842
NROWS 592
XLLCORNER 473534.000000
YLLCORNER 3652732.000000
CELLSIZE 30.000000
NODATA_VALUE -9999.0
[rows 232 to 260 of 592, columns 402 to 468 of 842]
-9999.0 -9999.0 -9999.0 -9999.0 08683.400 08682.092 08682.520 08682.196 08681.732 08679.888 08679.913 08680.505 08679.839 08676.394 08636.612 08677.317 07638.031 08635.093 08678.140 07388.379 08342.233 08000.484 07937.805 08599.567 08689.697 08689.737 08689.129 08690.903 08689.974 08689.704 08692.190 08694.184 08593.507 06971.114 06777.025 06709.801 06959.472 06571.968 05358.538 06269.694 08581.763 07348.840 05636.979 01347.227 01281.188 02032.533 02381.933 06700.611 06706.233 -9999.0 -9999.0 -9999.0 -9999.0 -9999.0 -9999.0 -9999.0 -9999.0 -9999.0 -9999.0 -9999.0 -9999.0 -9999.0 -9999.0 -9999.0 -9999.0 -9999.0 -9999.0
-9999.0 -9999.0 -9999.0 -9999.0 08681.059 08681.890 08681.829 08681.972 08682.213 08681.839 08680.277 08680.281 08679.992 08677.182 15079.874 07690.354 07200.783 07896.377 08476.137 08677.614 07319.362 06706.163 07877.563 08455.544 08685.892 08687.352 08686.366 08689.450 08689.685 08689.812 08693.000 08694.113 08693.021 07142.266 06713.363 06704.175 08590.660 08011.831 06277.293 03189.192 08602.608 08601.290 08678.097 02003.178 02258.703 06698.269 04894.219 08673.387 -9999.0 -9999.0 -9999.0 -9999.0 -9999.0 -9999.0 -9999.0 -9999.0 -9999.0 -9999.0 -9999.0 -9999.0 -9999.0 -9999.0 -9999.0 -9999.0 -9999.0 -9999.0 -9999.0
-9999.0 -9999.0 08681.848 08680.649 08681.086 08680.215 08680.465 08681.359 08681.818 08682.441 08681.325 08679.835 08650.955 08192.589 25688.778 07351.143 08675.093 08674.970 08676.360 08677.986 07655.714 07410.425 08488.560 08679.641 08683.957 08669.350 08523.139 08685.739 08684.749 08689.764 08691.347 08690.015 08199.022 07219.234 07067.934 08642.496 08689.749 08163.901 07891.191 05107.582 08650.598 08586.757 05344.931 05760.205 08591.757 08606.780 08668.726 31469.113 -9999.0 -9999.0 -9999.0 -9999.0 -9999.0 -9999.0 -9999.0 -9999.0 -9999.0 -9999.0 -9999.0 -9999.0 -9999.0 -9999.0 -9999.0 -9999.0 -9999.0 -9999.0 -9999.0
08670.748 -9999.0 08679.579 08680.660 30657.780 27922.392 08679.046 08680.484 08681.232 08682.317 08682.343 08681.022 07046.858 07137.992 28704.713 08186.765 08678.269 08676.477 08677.233 08677.771 07011.339 06778.908 08679.138 08679.599 08681.952 07994.365 08241.215 08321.709 08688.796 08688.225 08686.751 08687.780 08625.231 08478.571 08526.487 08100.948 08697.261 07195.371 06893.823 08694.045 08691.439 08592.697 06524.424 06370.149 08363.954 08559.354 08536.837 -9999.0 -9999.0 -9999.0 -9999.0 -9999.0 -9999.0 -9999.0 -9999.0 -9999.0 -9999.0 -9999.0 -9999.0 -9999.0 -9999.0 -9999.0 -9999.0 -9999.0 -9999.0 -9999.0 -9999.0
08672.355 08677.438 08676.152 08679.222 08680.294 27039.240 08678.099 08679.794 08680.594 08682.268 08682.639 08344.336 04280.758 05617.314 27848.132 30669.789 16975.716 04007.116 08679.004 08434.010 08398.021 07318.146 08679.098 08679.532 08659.277 06610.459 08657.031 08619.607 08686.495 08688.736 08692.946 08691.402 08672.900 08658.818 08667.900 08693.306 08638.832 04240.313 08180.653 08535.983 08689.746 08628.090 08281.189 06393.186 07412.135 08431.524 -9999.0 -9999.0 -9999.0 -9999.0 -9999.0 -9999.0 -9999.0 -9999.0 -9999.0 -9999.0 -9999.0 -9999.0 -9999.0 -9999.0 -9999.0 -9999.0 -9999.0 -9999.0 -9999.0 -9999.0 -9999.0
08667.984 08670.013 08676.215 08677.460 08679.982 21984.766 08677.887 08679.857 08680.136 08682.655 08683.087 07215.020 05003.752 08683.188 13801.488 16114.636 24090.233 01710.713 06449.143 04801.542 08544.752 06970.880 08632.321 08610.026 06680.963 06634.564 07528.014 07781.913 08645.404 08630.255 08690.137 08689.337 08684.706 08671.405 08675.894 08668.892 08617.395 07773.121 08674.347 08693.017 08682.241 08688.309 08686.440 08665.010 08377.195 08662.033 -9999.0 -9999.0 -9999.0 -9999.0 -9999.0 -9999.0 -9999.0 -9999.0 -9999.0 -9999.0 -9999.0 -9999.0 -9999.0 -9999.0 -9999.0 -9999.0 -9999.0 -9999.0 -9999.0 -9999.0 -9999.0
-9999.0 08668.921 08672.445 08674.283 08679.645 08677.606 08678.992 08680.644 08680.760 08680.995 08385.329 06585.509 08683.519 08683.276 04268.433 03584.715 03235.071 06014.681 02030.796 01877.758 08661.383 08460.553 07381.610 07153.058 06676.768 06647.119 06632.510 06777.031 08600.712 08677.216 08619.094 08678.535 08678.348 08658.931 08660.274 08647.862 08647.131 08671.392 08693.326 08693.569 08691.831 08691.888 08687.486 08686.696 08680.924 -9999.0 -9999.0 -9999.0 -9999.0 -9999.0 -9999.0 -9999.0 -9999.0 -9999.0 -9999.0 -9999.0 -9999.0 -9999.0 -9999.0 -9999.0 -9999.0 -9999.0 -9999.0 -9999.0 -9999.0 -9999.0 -9999.0
-9999.0 08674.919 08675.909 08676.716 08679.613 08678.514 08681.086 08681.477 08678.905 08680.721 08681.832 08682.340 08682.790 08682.741 04733.976 03849.976 04262.027 08687.010 08683.142 08686.376 08671.469 08631.310 08671.720 07419.365 08644.738 06623.941 08627.759 06697.174 08165.359 08602.691 08557.206 08661.896 08645.586 08649.996 08641.588 08630.107 08637.694 08635.196 08688.732 08693.308 08692.691 08309.444 08689.491 08674.954 -9999.0 -9999.0 -9999.0 -9999.0 -9999.0 -9999.0 -9999.0 -9999.0 -9999.0 -9999.0 -9999.0 -9999.0 -9999.0 -9999.0 -9999.0 -9999.0 -9999.0 -9999.0 -9999.0 -9999.0 -9999.0 -9999.0 -9999.0
08677.457 08676.305 08677.523 08673.953 08680.311 08679.647 08681.967 08676.859 08679.303 12190.085 08681.050 08682.402 08681.571 08556.099 08683.560 08685.208 21332.997 32059.607 08686.076 08687.005 08682.213 08683.214 08678.312 08661.292 08654.742 07111.171 08608.513 06663.511 06528.653 08544.724 08567.632 08618.313 08592.104 08629.220 08576.514 08616.882 08608.315 08601.061 07929.425 08684.081 07499.578 08688.518 08687.651 08674.859 -9999.0 -9999.0 -9999.0 -9999.0 -9999.0 -9999.0 -9999.0 -9999.0 -9999.0 -9999.0 -9999.0 -9999.0 -9999.0 -9999.0 -9999.0 -9999.0 -9999.0 -9999.0 -9999.0 -9999.0 -9999.0 -9999.0 -9999.0
08677.602 08677.978 08678.365 08677.876 08679.976 08680.623 08679.728 08683.710 36362.295 09004.834 12818.702 08680.442 12566.823 08680.093 08682.121 11073.063 24612.909 08686.692 08685.234 08687.388 08688.052 08689.856 08686.689 08686.933 08668.378 08233.896 08594.461 08554.660 06502.767 08520.624 08534.559 08551.230 08517.597 08602.129 08563.733 08501.377 08591.819 07191.545 08132.590 06674.178 08365.511 08664.352 08675.542 06254.509 -9999.0 -9999.0 -9999.0 -9999.0 -9999.0 -9999.0 -9999.0 -9999.0 -9999.0 -9999.0 -9999.0 -9999.0 -9999.0 -9999.0 -9999.0 -9999.0 -9999.0 -9999.0 -9999.0 -9999.0 -9999.0 -9999.0 -9999.0
08677.730 08678.472 08679.538 08680.672 08681.163 08681.932 08677.097 23781.766 29456.261 34383.967 08680.533 21785.662 24508.901 08679.860 08681.718 08687.857 08685.657 08686.580 08684.038 08685.795 08686.347 08686.126 08686.586 08689.011 08683.851 08644.544 -9999.0 -9999.0 06582.983 06873.635 08544.226 08554.459 08548.261 08506.048 08590.899 07353.123 08178.207 06685.555 06534.360 07075.577 08576.566 07990.825 05898.834 07508.839 -9999.0 -9999.0 -9999.0 -9999.0 -9999.0 -9999.0 -9999.0 -9999.0 -9999.0 -9999.0 -9999.0 -9999.0 -9999.0 -9999.0 -9999.0 -9999.0 -9999.0 -9999.0 -9999.0 -9999.0 -9999.0 -9999.0 -9999.0
08678.281 08679.260 08680.367 08681.020 08681.740 08681.004 08680.645 09273.469 14174.546 08682.926 08681.611 31145.222 07122.199 08190.468 29603.731 23577.715 08683.109 08684.803 08683.549 08683.989 08685.367 08686.001 08687.018 08691.672 08676.386 08690.483 -9999.0 06696.819 07301.022 08568.581 08587.123 08543.183 08434.741 08481.041 08570.044 08517.646 07937.365 07434.665 08544.087 07375.254 06570.714 06570.669 06567.377 -9999.0 -9999.0 -9999.0 -9999.0 -9999.0 -9999.0 -9999.0 -9999.0 -9999.0 -9999.0 -9999.0 -9999.0 -9999.0 -9999.0 -9999.0 -9999.0 -9999.0 -9999.0 -9999.0 -9999.0 -9999.0 -9999.0 -9999.0 -9999.0
08678.896 08679.971 08679.942 08680.857 08682.108 08682.208 08681.710 08685.134 08681.675 08685.333 08682.230 29669.483 04886.811 35955.729 35220.409 33069.901 29946.532 19023.191 23915.397 21437.641 08684.917 08685.223 08688.438 08688.914 08691.230 08693.417 08687.501 08689.398 08687.531 08685.823 08623.699 08685.671 08270.867 08323.279 08378.342 08394.459 08438.852 08497.664 06216.881 01945.091 06832.973 06722.759 07097.159 -9999.0 -9999.0 -9999.0 -9999.0 -9999.0 -9999.0 -9999.0 -9999.0 -9999.0 -9999.0 -9999.0 -9999.0 -9999.0 -9999.0 -9999.0 -9999.0 -9999.0 -9999.0 -9999.0 -9999.0 -9999.0 -9999.0 -9999.0 -9999.0
08677.362 08673.678 08674.194 08681.642 08683.829 08682.418 08684.529 08684.944 08685.192 08684.993 08682.797 23105.838 05079.188 08403.591 33618.605 33120.323 36734.031 32603.387 28704.471 33488.457 08685.886 08685.750 08686.257 08688.014 08691.599 08693.589 08693.352 08693.862 08694.536 08688.601 08682.497 08687.020 -9999.0 -9999.0 08299.404 07571.210 08518.485 07558.915 06231.451 06342.801 05542.953 07300.377 08328.897 -9999.0 -9999.0 -9999.0 -9999.0 -9999.0 -9999.0 -9999.0 -9999.0 -9999.0 -9999.0 -9999.0 -9999.0 -9999.0 -9999.0 -9999.0 -9999.0 -9999.0 -9999.0 -9999.0 -9999.0 -9999.0 -9999.0 -9999.0 -9999.0
08675.765 08659.235 08682.491 08682.408 08681.034 08679.651 08679.001 08685.001 20351.185 08682.903 09953.985 08649.822 08687.027 08687.926 14950.988 16596.324 14630.724 08686.215 16015.823 33064.763 34880.991 08685.548 08687.133 08688.645 10514.679 08691.997 08690.838 08692.678 08694.135 08695.371 08693.297 08690.842 08692.200 -9999.0 08345.281 08550.141 08171.363 06833.058 06247.261 03053.490 01515.863 08646.732 08153.197 -9999.0 -9999.0 -9999.0 -9999.0 -9999.0 -9999.0 -9999.0 -9999.0 -9999.0 -9999.0 -9999.0 -9999.0 -9999.0 -9999.0 -9999.0 -9999.0 -9999.0 -9999.0 -9999.0 -9999.0 -9999.0 -9999.0 -9999.0 -9999.0
08672.192 08678.525 08679.749 08681.280 08677.832 08677.103 08683.234 25463.698 20963.701 17807.992 08684.672 08684.310 08687.595 08688.900 08689.045 08689.081 16637.699 17733.430 08689.923 08686.419 08685.747 28708.489 26385.109 26981.050 30897.207 24384.657 11963.228 08690.810 08694.059 08694.064 08694.285 08695.487 08693.434 08304.035 08562.544 08004.891 07146.339 06503.222 06493.908 07880.323 02517.285 08591.872 -9999.0 -9999.0 -9999.0 -9999.0 -9999.0 -9999.0 -9999.0 -9999.0 -9999.0 -9999.0 -9999.0 -9999.0 -9999.0 -9999.0 -9999.0 -9999.0 -9999.0 -9999.0 -9999.0 -9999.0 -9999.0 -9999.0 -9999.0 -9999.0 -9999.0
08678.844 08679.542 08680.264 08679.843 08679.188 08679.217 31174.062 17140.438 22935.348 08678.890 08679.685 08684.868 08686.397 08690.028 08688.440 08690.468 08690.784 08691.004 08693.428 08692.172 08689.619 21868.474 33360.107 36510.584 24358.030 23490.540 20596.701 08691.844 08692.661 08692.603 08696.205 08699.293 08695.344 08697.008 08672.649 06334.461 06966.209 06500.348 04150.424 07563.884 04706.569 08541.612 -9999.0 -9999.0 -9999.0 -9999.0 -9999.0 -9999.0 -9999.0 -9999.0 -9999.0 -9999.0 -9999.0 -9999.0 -9999.0 -9999.0 -9999.0 -9999.0 -9999.0 -9999.0 -9999.0 -9999.0 -9999.0 -9999.0 -9999.0 -9999.0 -9999.0
08679.622 08680.475 08681.613 08680.991 16663.122 16705.021 08680.483 25599.618 08680.088 08680.385 08684.239 08683.653 28420.938 08684.821 08689.255 08690.118 08690.575 08692.772 08693.248 08694.269 08693.536 26761.273 30220.943 33224.308 36007.053 35874.054 34693.042 08693.340 08693.042 08694.104 09757.573 08698.314 08697.623 08683.848 08693.281 08693.186 06501.897 01271.759 02148.462 06513.660 07475.946 -9999.0 -9999.0 -9999.0 -9999.0 -9999.0 -9999.0 -9999.0 -9999.0 -9999.0 -9999.0 -9999.0 -9999.0 -9999.0 -9999.0 -9999.0 -9999.0 -9999.0 -9999.0 -9999.0 -9999.0 -9999.0 -9999.0 -9999.0 -9999.0 -9999.0 -9999.0
08680.702 08681.359 08681.046 27113.225 08673.052 08684.500 08684.340 08683.647 08683.857 08683.466 08680.901 31548.181 08681.667 08682.995 08689.182 08690.005 08691.576 11450.426 08678.976 08666.882 08694.489 08691.248 07057.667 08443.679 14444.142 08672.078 11823.172 07635.592 32848.190 34514.840 20657.780 08697.101 08694.864 08695.216 08694.916 08693.201 02189.306 01282.481 04369.329 02769.917 01619.883 01915.906 -9999.0 -9999.0 -9999.0 -9999.0 -9999.0 -9999.0 -9999.0 -9999.0 -9999.0 -9999.0 -9999.0 -9999.0 -9999.0 -9999.0 -9999.0 -9999.0 -9999.0 -9999.0 -9999.0 -9999.0 -9999.0 -9999.0 -9999.0 -9999.0 -9999.0
08680.955 06716.697 07283.540 08554.164 08686.897 08687.336 08687.314 08686.651 08683.433 08684.573 08682.049 08682.095 08681.205 08649.054 11153.289 29547.173 28639.188 28663.013 08651.926 08636.451 08679.909 08682.623 07862.213 08065.649 08648.410 06520.915 06315.735 11613.930 08658.740 08666.457 29834.456 30683.975 08689.520 17926.527 08694.573 05788.279 08694.860 07819.918 04204.379 02224.346 01959.424 -9999.0 -9999.0 -9999.0 -9999.0 -9999.0 -9999.0 -9999.0 -9999.0 -9999.0 -9999.0 -9999.0 -9999.0 -9999.0 -9999.0 -9999.0 -9999.0 -9999.0 -9999.0 -9999.0 -9999.0 -9999.0 -9999.0 -9999.0 -9999.0 -9999.0 -9999.0
08681.364 08682.099 06930.346 08685.790 08687.151 08205.864 08688.977 08690.257 08689.169 08690.961 08682.716 07930.822 15402.479 08378.449 21954.792 33096.378 36229.230 31100.467 08628.446 08605.933 08675.843 08684.261 08687.567 07137.482 08405.020 06477.383 08008.564 16441.683 08486.164 08629.039 24671.518 34152.656 36144.764 35571.511 36740.222 36767.802 08694.622 08694.644 03594.607 02050.929 01274.073 -9999.0 -9999.0 -9999.0 -9999.0 -9999.0 -9999.0 -9999.0 -9999.0 -9999.0 -9999.0 -9999.0 -9999.0 -9999.0 -9999.0 -9999.0 -9999.0 -9999.0 -9999.0 -9999.0 -9999.0 -9999.0 -9999.0 -9999.0 -9999.0 -9999.0 -9999.0
08682.191 08191.298 08684.598 08685.618 07173.498 07891.809 08688.766 08689.615 08690.902 08690.445 08679.042 08670.620 08655.939 08657.454 08676.501 08676.635 08443.327 08657.145 08593.498 08580.790 08601.348 08639.131 08663.783 06726.117 06709.993 06771.357 08624.164 08592.432 23661.937 35463.686 35446.499 28469.019 21536.302 36699.190 34595.726 34959.881 36767.285 06992.988 01274.194 08652.178 08627.165 -9999.0 -9999.0 -9999.0 -9999.0 -9999.0 -9999.0 -9999.0 -9999.0 -9999.0 -9999.0 -9999.0 -9999.0 -9999.0 -9999.0 -9999.0 -9999.0 -9999.0 -9999.0 -9999.0 -9999.0 -9999.0 -9999.0 -9999.0 -9999.0 -9999.0 -9999.0
08683.782 08685.170 08685.927 08092.188 07232.317 08687.472 08689.252 08691.136 08690.688 08687.070 08682.400 08674.076 08594.170 08641.283 08685.720 08634.311 08570.139 08573.964 08531.207 08542.587 15255.728 08558.101 08224.923 08567.483 07210.778 08661.030 10725.476 20472.166 08661.152 08556.037 08378.938 19526.339 08380.296 07884.818 07179.672 06505.133 06419.110 01201.806 08594.260 08484.221 08489.248 -9999.0 -9999.0 -9999.0 -9999.0 -9999.0 -9999.0 -9999.0 -9999.0 -9999.0 -9999.0 -9999.0 -9999.0 -9999.0 -9999.0 -9999.0 -9999.0 -9999.0 -9999.0 -9999.0 -9999.0 -9999.0 -9999.0 -9999.0 -9999.0 -9999.0 -9999.0
08687.550 08688.194 08688.598 08688.248 08688.641 08688.964 08689.686 08689.858 08691.129 08690.489 08687.314 08684.838 20886.737 27165.160 08682.237 08680.867 08594.669 08325.790 10052.234 33679.264 08522.637 08571.331 08594.677 07879.986 08543.348 08660.097 08663.761 08689.291 08425.088 08573.793 08480.836 08341.428 07198.294 06081.924 06310.130 03455.818 01823.385 08607.247 06277.575 08289.663 -9999.0 -9999.0 -9999.0 -9999.0 -9999.0 -9999.0 -9999.0 -9999.0 -9999.0 -9999.0 -9999.0 -9999.0 -9999.0 -9999.0 -9999.0 -9999.0 -9999.0 -9999.0 -9999.0 -9999.0 -9999.0 -9999.0 -9999.0 -9999.0 -9999.0 -9999.0 -9999.0
08690.135 08690.518 08690.539 08689.232 08689.125 08689.440 08689.272 08691.392 08691.348 08690.195 08688.233 31922.309 35756.081 26051.158 22379.226 20490.391 08638.511 07452.189 08623.075 08565.603 08465.231 08483.145 08442.304 08421.496 08557.522 08669.436 08687.623 08692.611 06579.035 08693.557 08597.756 08239.587 07295.536 06021.148 06101.143 06297.438 06267.341 06471.348 06272.431 06155.115 08288.582 -9999.0 -9999.0 -9999.0 -9999.0 -9999.0 -9999.0 -9999.0 -9999.0 -9999.0 -9999.0 -9999.0 -9999.0 -9999.0 -9999.0 -9999.0 -9999.0 -9999.0 -9999.0 -9999.0 -9999.0 -9999.0 -9999.0 -9999.0 -9999.0 -9999.0 -9999.0
08690.794 08690.847 08690.982 08689.065 08690.209 08688.578 08687.941 08679.405 08683.888 08688.250 15644.528 12483.689 30491.900 25417.212 08681.979 08248.902 06827.506 08908.298 08618.309 08535.606 08456.280 08384.024 08417.325 08439.319 08360.914 08426.664 08577.473 08589.019 08503.852 08642.137 08543.261 08438.248 06083.376 08225.200 08183.056 08197.123 08189.145 07067.436 06508.065 06179.073 29621.990 -9999.0 -9999.0 -9999.0 -9999.0 -9999.0 -9999.0 -9999.0 -9999.0 -9999.0 -9999.0 -9999.0 -9999.0 -9999.0 -9999.0 -9999.0 -9999.0 -9999.0 -9999.0 -9999.0 -9999.0 -9999.0 -9999.0 -9999.0 -9999.0 -9999.0 -9999.0
08692.035 02056.183 03821.056 08689.634 08690.447 08689.493 08688.412 08689.587 08689.597 08689.179 08676.395 08682.539 08680.722 08677.283 08673.981 08668.554 07872.506 08045.873 08572.112 08499.374 08403.292 08486.782 08498.987 08544.894 08527.271 08492.997 08493.073 04831.963 06335.741 08523.383 08544.786 08161.232 08041.304 07795.756 08045.177 07558.647 08101.265 07280.418 05597.464 30704.183 07794.560 -9999.0 -9999.0 -9999.0 -9999.0 -9999.0 -9999.0 -9999.0 -9999.0 -9999.0 -9999.0 -9999.0 -9999.0 -9999.0 -9999.0 -9999.0 -9999.0 -9999.0 -9999.0 -9999.0 -9999.0 -9999.0 -9999.0 -9999.0 -9999.0 -9999.0 -9999.0
08691.636 08691.607 08691.523 08689.051 08688.790 08688.289 08678.253 08668.027 08644.548 08624.993 08623.514 08629.173 08651.795 08678.439 08679.602 08658.927 08594.680 08545.020 08443.329 08356.625 08325.759 08378.451 08525.662 08539.053 08524.904 08499.401 08318.784 06302.538 06368.504 06893.149 07007.971 07052.859 08246.693 04497.153 01355.629 07981.474 08005.097 08040.521 07872.619 12955.904 07699.359 -9999.0 -9999.0 -9999.0 -9999.0 -9999.0 -9999.0 -9999.0 -9999.0 -9999.0 -9999.0 -9999.0 -9999.0 -9999.0 -9999.0 -9999.0 -9999.0 -9999.0 -9999.0 -9999.0 -9999.0 -9999.0 -9999.0 -9999.0 -9999.0 -9999.0 -9999.0
08690.896 08690.362 08689.694 08688.624 08681.698 08660.658 08546.386 08478.249 08407.135 08527.657 08572.679 08601.655 08624.540 08639.523 08662.077 08572.823 08601.793 08542.143 08492.455 08410.867 08337.160 08199.183 08168.989 08345.135 08410.426 08371.365 08332.774 07487.890 06295.578 06648.172 06321.337 08174.149 05390.282 06558.514 06589.024 07990.831 07973.606 07760.424 08004.123 07962.689 07783.453 -9999.0 -9999.0 -9999.0 -9999.0 -9999.0 -9999.0 -9999.0 -9999.0 -9999.0 -9999.0 -9999.0 -9999.0 -9999.0 -9999.0 -9999.0 -9999.0 -9999.0 -9999.0 -9999.0 -9999.0 -9999.0 -9999.0 -9999.0 -9999.0 -9999.0 -9999.0
