data/cocos/out/_Intensity.asc
NCOLS 842
NROWS 592
XLLCORNER 473534.000000
YLLCORNER 3652732.000000
CELLSIZE 30.000000
NODATA_VALUE -9999.0
[rows 232 to 260 of 592, columns 335 to 401 of 842]
-9999.0 04986.720 02624.033 03654.613 00901.511 01385.589 07756.102 05756.008 00250.340 00759.782 00198.925 00211.967 00189.736 00135.618 00018.675 00023.740 00129.926 01666.649 00187.492 00205.866 00213.179 00423.161 00892.111 00179.529 00180.920 00520.532 01932.550 00077.900 00123.430 00124.497 00136.506 00557.775 00033.686 00143.401 00186.576 00281.644 00020.442 00262.351 00341.667 00524.551 00608.603 00280.782 -9999.0 00030.516 00584.300 00752.172 01072.416 01081.771 00996.043 00077.067 00019.478 00224.333 00593.942 00619.569 00601.013 00541.931 00260.557 00274.100 02051.034 03057.282 01559.793 00197.573 00294.592 00576.037 00652.927 00718.022 02582.727
-9999.0 -9999.0 07845.572 04618.450 05955.713 07195.127 05910.090 02142.667 00216.111 00213.206 00180.302 00717.751 00238.183 00584.468 00068.469 00099.442 00134.360 00506.974 00199.374 00542.349 00222.928 01709.930 02186.910 01919.784 00176.975 00177.872 01703.583 00088.054 00083.498 00161.698 02309.283 00253.064 00321.667 00128.802 00144.809 00212.964 00120.007 00019.407 00630.846 00575.217 00530.311 00319.748 00438.009 00327.991 00647.065 00808.325 00696.813 01071.553 00467.688 00324.656 00236.055 00195.434 00496.877 00499.569 00344.181 00212.636 00176.040 00274.662 01419.305 03614.611 00166.920 00869.097 00212.856 00460.476 00544.187 00563.014 03524.665
-9999.0 -9999.0 02058.222 04985.399 06747.179 04072.599 02072.961 00259.427 00194.026 00157.320 00431.745 01639.805 00755.457 00282.769 00210.704 00132.932 00125.922 00121.931 02815.364 01128.665 01158.369 02436.868 02240.725 01171.523 01484.083 00236.580 00084.922 00256.116 00065.413 00092.588 00164.428 00559.954 00013.134 00125.935 00152.378 00167.526 00021.697 00050.312 00739.055 00679.640 00595.577 00236.966 00553.116 00142.703 00722.846 00795.018 00813.946 00632.070 00654.685 00470.383 00329.696 00234.170 00526.854 00560.406 00279.678 00130.897 00194.062 00245.776 01275.222 04278.249 00260.155 01954.849 03839.758 00265.679 00448.476 00476.339 00032.854
-9999.0 -9999.0 -9999.0 -9999.0 00276.053 00292.375 00385.826 00265.876 00183.213 00218.523 00213.599 00353.303 00922.183 00193.011 00242.856 00194.282 00118.348 00564.897 00170.613 01832.937 01091.767 00349.374 01868.762 00322.909 02838.863 03599.495 00133.196 03430.640 00099.800 00077.853 00064.867 00110.514 00056.036 00068.673 00110.778 00040.860 00003.677 -9999.0 00404.187 00870.770 00080.493 00793.856 00479.211 00037.107 -9999.0 00750.751 00738.396 00716.882 00587.650 00478.177 00354.202 00276.346 00477.089 00485.727 00196.784 00189.283 00237.066 00427.473 00310.790 02493.321 00333.733 01964.229 00215.374 00054.176 01875.753 02573.621 00167.453
-9999.0 -9999.0 -9999.0 -9999.0 -9999.0 -9999.0 00291.678 00312.020 00238.670 00157.419 00165.164 00258.484 00552.977 00156.151 00256.011 00114.129 00111.821 01438.525 01949.888 00163.690 00191.410 01368.047 00958.799 00248.522 00285.699 02460.582 00537.912 00850.389 00499.211 00132.667 00122.035 00068.268 00113.539 00131.801 00087.018 00134.840 00008.143 -9999.0 00179.256 00369.872 00855.030 00728.734 00362.381 -9999.0 -9999.0 00022.765 00055.020 00673.422 00566.098 00399.194 00381.055 00294.986 00183.457 00189.106 00172.502 00116.854 00428.022 00296.163 00331.868 00294.252 00560.602 00324.611 00258.566 -9999.0 00006.366 00055.454 00225.041
-9999.0 -9999.0 -9999.0 -9999.0 -9999.0 -9999.0 00319.324 00323.169 00226.292 00171.798 00098.504 00105.285 00202.441 00133.631 00064.055 00037.906 00106.593 00132.403 00699.666 00182.189 00223.018 00352.696 00268.726 00210.866 00937.011 00826.899 03440.457 03160.785 00147.466 00181.589 00235.452 00154.787 00081.680 00181.714 00071.889 00011.700 -9999.0 -9999.0 00529.518 00242.264 00640.726 00603.207 -9999.0 -9999.0 -9999.0 00201.657 00434.927 00420.441 00512.001 00446.045 00388.546 00340.779 00152.057 00158.338 00104.385 00392.342 00276.814 00302.762 00291.131 00221.177 00173.714 00134.487 00154.380 01555.952 -9999.0 01691.901 01009.798
-9999.0 -9999.0 -9999.0 -9999.0 -9999.0 -9999.0 -9999.0 -9999.0 00211.181 00204.161 00144.071 00100.077 00106.687 00093.229 00117.408 00032.245 -9999.0 00092.292 00521.197 00123.409 00159.307 00166.867 00187.471 00175.482 00211.487 00249.691 02432.095 02762.189 00147.471 00180.023 00392.580 00251.929 00104.452 00223.384 00124.098 00063.947 -9999.0 -9999.0 00044.967 00401.770 00155.996 -9999.0 -9999.0 -9999.0 00126.305 00605.529 00665.917 00697.767 00574.931 00451.424 00392.706 00389.821 00158.999 00118.281 00366.274 00256.949 00298.460 00404.652 00632.273 00674.969 00505.004 00331.182 00323.102 05330.501 -9999.0 -9999.0 -9999.0
-9999.0 -9999.0 -9999.0 -9999.0 -9999.0 -9999.0 -9999.0 -9999.0 -9999.0 00274.717 00254.350 00143.703 00102.131 00042.287 00005.140 -9999.0 00067.604 00095.112 01793.081 00924.482 00161.627 00147.759 00156.681 00166.738 00156.892 00138.375 02147.706 02789.987 00400.196 00181.198 00099.389 00044.035 00014.160 00241.308 00304.580 -9999.0 00109.454 00059.618 -9999.0 -9999.0 -9999.0 -9999.0 -9999.0 -9999.0 -9999.0 00796.230 00747.310 00700.786 00516.832 00440.065 00425.292 00171.835 00149.754 00104.448 00294.343 00302.346 00363.623 00554.850 00576.667 00568.274 00537.342 00458.208 01361.016 01025.414 00202.355 00850.222 00212.375
-9999.0 -9999.0 -9999.0 -9999.0 -9999.0 -9999.0 -9999.0 -9999.0 -9999.0 -9999.0 00211.549 00139.851 00118.465 -9999.0 -9999.0 -9999.0 00049.061 00076.636 01813.751 00691.015 00163.689 00147.947 00143.943 00147.198 00161.923 00186.059 00214.750 00984.234 02464.495 00140.331 00170.757 00245.244 00071.395 00233.735 -9999.0 00283.889 00209.200 00091.602 00105.937 00352.302 -9999.0 -9999.0 -9999.0 -9999.0 -9999.0 00871.549 00836.204 02541.773 03128.203 00462.117 00195.775 00170.331 00155.472 00279.824 00260.614 00336.385 00469.086 00516.034 00539.776 00540.860 00657.064 00852.911 01016.527 00913.733 00750.307 00166.079 00282.958
-9999.0 -9999.0 -9999.0 -9999.0 -9999.0 -9999.0 -9999.0 -9999.0 -9999.0 -9999.0 -9999.0 -9999.0 -9999.0 -9999.0 -9999.0 -9999.0 -9999.0 00014.343 00094.682 00800.757 00154.336 00145.545 00133.086 00141.911 00153.649 00164.359 00207.121 00203.561 00217.886 01257.472 00247.280 00191.824 00002.777 -9999.0 -9999.0 00277.527 00236.408 00259.210 00162.667 00322.119 02765.528 -9999.0 -9999.0 -9999.0 00009.370 00536.588 03138.254 08584.453 00477.619 00255.463 00313.002 00159.903 00175.809 00210.461 00301.628 00419.641 00495.817 00549.181 00539.537 00767.665 00928.138 00833.058 00829.754 00579.805 00525.965 00559.023 00725.198
-9999.0 -9999.0 -9999.0 -9999.0 -9999.0 -9999.0 -9999.0 -9999.0 -9999.0 -9999.0 -9999.0 -9999.0 -9999.0 -9999.0 -9999.0 -9999.0 -9999.0 -9999.0 -9999.0 00097.479 00124.940 00131.497 00135.203 00137.061 00149.470 00159.382 00165.086 00180.051 00194.149 00216.068 00274.791 00301.249 -9999.0 -9999.0 -9999.0 00227.977 00190.949 00233.699 00285.722 00263.201 00130.413 00290.585 -9999.0 00098.982 00153.538 00862.883 06526.838 06262.555 00503.349 00277.823 00178.435 00170.315 00329.138 00241.128 00377.357 00502.302 00573.891 11566.095 00839.313 00912.947 00814.626 00759.703 00281.566 00553.998 00519.748 00763.801 00819.655
-9999.0 -9999.0 -9999.0 -9999.0 -9999.0 -9999.0 -9999.0 -9999.0 -9999.0 -9999.0 -9999.0 -9999.0 -9999.0 -9999.0 -9999.0 -9999.0 -9999.0 00202.712 00082.266 00011.339 00074.804 00082.976 00109.501 00127.211 00137.721 00156.370 00162.621 00170.474 00062.563 00011.812 -9999.0 -9999.0 -9999.0 -9999.0 00009.125 00200.437 00194.287 00214.872 00257.538 01020.423 00130.199 00289.280 00035.466 00195.046 00222.565 00843.756 02362.036 00746.170 00277.609 00319.729 00207.256 00237.893 00169.337 00336.705 00524.345 00588.020 04826.406 06282.991 00865.901 00733.837 00607.241 00761.527 00613.509 00557.060 00735.416 00851.739 00824.214
-9999.0 -9999.0 -9999.0 -9999.0 -9999.0 -9999.0 -9999.0 -9999.0 -9999.0 -9999.0 -9999.0 -9999.0 -9999.0 -9999.0 -9999.0 -9999.0 00273.598 03194.591 00085.811 00094.926 00024.733 00080.600 00065.212 00458.331 00122.616 00139.321 00142.410 00179.561 00138.192 00957.621 -9999.0 -9999.0 -9999.0 00122.069 00056.868 00186.557 00191.212 00195.789 00231.082 00298.842 00200.797 00269.842 00131.512 00152.528 00450.859 00726.853 00891.945 00405.482 01547.315 00131.085 00188.741 00364.655 00217.964 00362.044 00551.064 00639.944 00692.400 00831.107 00741.237 00660.607 00794.565 00861.894 00633.244 00632.464 00842.396 00594.323 00600.446
-9999.0 -9999.0 -9999.0 -9999.0 -9999.0 -9999.0 -9999.0 -9999.0 -9999.0 -9999.0 -9999.0 -9999.0 -9999.0 -9999.0 -9999.0 -9999.0 00232.507 02265.643 00438.244 00170.368 00151.636 00071.260 00076.552 00075.691 01445.984 01177.851 01208.554 01814.294 01544.626 01182.176 -9999.0 -9999.0 -9999.0 00221.442 00150.517 00172.209 00179.924 00177.507 00202.807 00241.292 00201.312 00248.640 00159.199 00119.251 00305.232 00405.105 00567.991 01219.878 04334.990 00144.391 00253.443 00189.603 03421.274 00350.106 00521.177 00613.667 03889.003 00702.979 00713.609 00763.673 00897.179 00771.447 00691.602 00736.956 00768.462 00388.085 01067.712
-9999.0 -9999.0 -9999.0 -9999.0 -9999.0 -9999.0 -9999.0 -9999.0 -9999.0 -9999.0 -9999.0 -9999.0 -9999.0 -9999.0 -9999.0 -9999.0 00175.970 02707.762 01367.275 00149.225 00148.861 00107.272 00055.539 00062.448 00075.747 00063.907 00055.203 00051.480 00073.796 00269.329 -9999.0 -9999.0 -9999.0 00195.169 00188.546 00181.813 00180.885 00173.079 00174.516 00174.255 00183.003 00234.023 00182.632 00138.691 00137.934 00379.178 00635.420 03310.154 05290.894 00202.563 00327.862 02026.767 00293.740 00388.997 00503.837 00551.021 00671.049 00707.966 00720.148 00884.047 00940.463 00679.826 00584.997 00699.494 00340.109 00762.262 01067.613
-9999.0 -9999.0 -9999.0 -9999.0 -9999.0 -9999.0 -9999.0 -9999.0 -9999.0 -9999.0 -9999.0 -9999.0 -9999.0 -9999.0 -9999.0 -9999.0 -9999.0 00109.364 03304.305 02163.017 01041.621 00086.432 00064.290 00052.964 00066.057 00059.298 00071.341 00779.384 02687.509 03613.257 -9999.0 -9999.0 00216.483 00122.837 00171.457 00178.969 00174.121 00183.644 00069.375 00171.322 00120.938 00195.430 00200.371 00240.414 00273.467 00200.916 00144.878 00170.574 00209.102 00098.952 00266.493 00977.490 00302.638 00428.962 01158.356 00549.780 01804.440 00645.658 00670.414 00798.783 00810.170 00502.452 00589.190 00633.443 00825.040 00967.016 00487.506
-9999.0 -9999.0 -9999.0 -9999.0 -9999.0 -9999.0 -9999.0 -9999.0 -9999.0 -9999.0 -9999.0 -9999.0 -9999.0 -9999.0 -9999.0 -9999.0 -9999.0 -9999.0 00075.620 00105.637 00162.329 00068.308 -9999.0 00058.496 00061.819 00042.817 00106.992 01755.212 02266.570 05428.302 -9999.0 -9999.0 00109.008 00126.809 00043.481 00180.679 00055.613 00194.951 00054.830 00007.953 00004.156 00168.795 00199.343 00157.830 00349.710 00361.597 00254.421 00245.172 00347.665 00204.448 00213.712 00229.225 00330.881 00432.522 04853.117 00374.993 04966.224 00595.781 00571.222 00689.017 00843.895 00438.114 00585.188 00668.958 00748.676 00329.213 00622.410
-9999.0 -9999.0 -9999.0 -9999.0 -9999.0 -9999.0 -9999.0 -9999.0 -9999.0 -9999.0 -9999.0 -9999.0 -9999.0 -9999.0 -9999.0 -9999.0 -9999.0 -9999.0 -9999.0 -9999.0 -9999.0 -9999.0 -9999.0 -9999.0 00044.885 00079.866 00079.817 00059.677 00770.735 02870.865 -9999.0 00192.874 00079.930 00032.393 -9999.0 -9999.0 -9999.0 00038.231 00008.913 02236.287 00878.139 00135.957 00169.722 00180.387 00704.813 00521.224 00494.081 00675.329 00199.990 00234.994 00317.824 00408.608 01823.051 00355.191 01237.545 01152.565 02680.793 00414.897 00515.431 03301.393 00411.661 00488.483 00524.239 00619.867 00582.906 00629.788 00728.896
-9999.0 -9999.0 -9999.0 -9999.0 -9999.0 -9999.0 -9999.0 -9999.0 -9999.0 -9999.0 -9999.0 -9999.0 -9999.0 -9999.0 -9999.0 -9999.0 -9999.0 -9999.0 -9999.0 -9999.0 -9999.0 -9999.0 -9999.0 -9999.0 00070.096 00089.167 00038.315 00113.729 00147.456 00043.421 00209.099 00189.730 00013.689 -9999.0 -9999.0 00009.708 00143.080 00091.471 00069.654 00131.432 00161.321 00154.756 00145.560 00155.380 02083.594 01962.715 01806.550 00220.475 00298.153 00569.953 00432.355 00502.028 00524.892 00616.749 00724.364 00593.503 00425.930 00419.117 00709.356 00384.013 00473.933 00552.305 00610.016 00596.203 00601.583 00573.485 00522.157
-9999.0 -9999.0 -9999.0 -9999.0 -9999.0 -9999.0 -9999.0 -9999.0 -9999.0 -9999.0 -9999.0 -9999.0 -9999.0 -9999.0 -9999.0 -9999.0 -9999.0 -9999.0 -9999.0 -9999.0 -9999.0 -9999.0 -9999.0 -9999.0 -9999.0 00064.603 00036.363 00006.632 00011.882 00126.290 00018.570 00098.933 00023.014 00005.898 00131.292 00061.732 00190.504 00180.305 00184.282 00186.241 00171.279 00149.072 00147.239 00146.232 00155.041 00172.283 00198.988 00295.133 00804.457 04387.397 00452.908 00473.887 00501.946 00333.847 04874.280 00639.525 00383.350 02078.255 02437.525 02905.027 00480.426 00548.365 00524.731 00514.120 00469.261 00531.932 00531.238
-9999.0 -9999.0 -9999.0 -9999.0 -9999.0 -9999.0 -9999.0 -9999.0 -9999.0 -9999.0 -9999.0 -9999.0 -9999.0 -9999.0 -9999.0 -9999.0 -9999.0 -9999.0 -9999.0 -9999.0 -9999.0 -9999.0 -9999.0 -9999.0 -9999.0 -9999.0 00073.681 00048.804 -9999.0 00189.263 00069.428 00156.547 00117.286 00055.710 00164.439 00149.455 00148.532 00156.723 00176.055 00165.609 00172.993 00149.101 00134.978 00146.452 00134.079 00172.024 00218.574 01164.722 01221.186 00297.329 00300.432 00350.216 01687.973 00360.474 00301.644 00302.053 00338.894 00630.838 00321.252 00331.664 00389.644 00422.193 00443.830 00428.681 00452.866 00483.126 00521.817
-9999.0 -9999.0 -9999.0 -9999.0 -9999.0 -9999.0 -9999.0 -9999.0 -9999.0 -9999.0 -9999.0 -9999.0 -9999.0 -9999.0 -9999.0 -9999.0 -9999.0 -9999.0 -9999.0 -9999.0 -9999.0 -9999.0 -9999.0 -9999.0 -9999.0 -9999.0 -9999.0 -9999.0 00181.092 00156.652 00138.510 00150.367 00171.801 00154.406 00146.911 00147.193 00144.024 00140.759 00171.503 00171.244 00168.927 00182.968 00158.036 00134.575 00139.649 00144.836 00157.237 00161.225 00153.113 00187.939 00227.791 00258.808 00244.230 00239.189 00252.275 00273.000 00279.079 00275.317 00255.155 00286.884 00304.785 00334.136 00358.081 00368.067 00408.608 00480.359 00520.718
-9999.0 -9999.0 -9999.0 -9999.0 -9999.0 -9999.0 -9999.0 -9999.0 -9999.0 -9999.0 -9999.0 -9999.0 -9999.0 -9999.0 -9999.0 -9999.0 -9999.0 -9999.0 -9999.0 -9999.0 -9999.0 -9999.0 -9999.0 -9999.0 -9999.0 -9999.0 -9999.0 00181.784 00130.765 00141.609 00156.679 00154.594 00162.820 00171.320 00152.771 00143.902 00145.321 00151.314 00148.210 00183.792 00199.066 00189.176 00188.833 00148.294 00152.668 00126.753 00126.560 00140.786 00151.832 00160.665 00169.538 00176.447 00182.995 00191.936 00212.079 00234.616 00270.086 00281.570 00285.249 00255.188 00257.450 00265.322 00312.429 00346.886 00378.466 00353.749 00364.708
-9999.0 -9999.0 -9999.0 -9999.0 -9999.0 -9999.0 -9999.0 -9999.0 -9999.0 -9999.0 -9999.0 -9999.0 -9999.0 -9999.0 -9999.0 -9999.0 -9999.0 -9999.0 -9999.0 -9999.0 -9999.0 -9999.0 -9999.0 -9999.0 -9999.0 00055.404 01291.201 00758.587 00047.267 00099.031 00124.596 00149.519 00164.234 00159.758 00162.083 00170.602 00148.258 00163.854 00102.086 00171.726 00209.974 00223.201 00209.315 00151.438 00106.069 00147.500 00126.993 00135.175 00161.740 00170.543 00175.045 00175.630 00165.867 00180.147 00197.777 00205.048 00218.209 00267.863 00284.138 00210.248 00223.510 00187.340 00151.573 00207.347 00261.692 00308.354 00347.996
-9999.0 -9999.0 -9999.0 -9999.0 -9999.0 -9999.0 -9999.0 -9999.0 -9999.0 -9999.0 -9999.0 -9999.0 -9999.0 -9999.0 -9999.0 -9999.0 -9999.0 -9999.0 -9999.0 -9999.0 -9999.0 00099.306 00122.889 00108.984 00253.928 00210.278 00668.078 00627.635 00070.486 00050.478 00096.203 00142.050 00148.254 00154.669 00162.028 00167.627 00182.422 00200.545 00088.498 00027.094 00035.028 00237.324 00221.639 00205.186 00171.822 00149.219 00136.459 00132.884 00130.087 00126.560 00195.817 00144.565 00162.271 00194.086 00160.861 00151.912 00169.799 00187.879 00206.936 00234.491 00257.881 00227.289 00223.434 00219.064 00247.361 00307.425 00326.117
-9999.0 -9999.0 -9999.0 -9999.0 -9999.0 -9999.0 -9999.0 -9999.0 -9999.0 -9999.0 -9999.0 -9999.0 -9999.0 -9999.0 -9999.0 -9999.0 -9999.0 -9999.0 -9999.0 -9999.0 00031.388 00054.735 00056.660 00614.910 00299.664 00268.300 00276.393 00212.068 00084.666 00059.312 00115.619 00098.654 00135.562 00151.711 00155.789 00145.053 00174.519 00200.658 00275.050 00225.300 -9999.0 00006.160 00137.116 00242.355 00240.360 00205.232 00165.977 00152.967 00155.904 00153.478 00161.403 00173.991 00201.496 00228.594 00192.670 00158.242 00166.853 00201.686 00244.440 00251.693 00265.689 00268.128 00189.537 00225.157 00235.592 00265.576 00326.392
-9999.0 -9999.0 -9999.0 -9999.0 -9999.0 -9999.0 -9999.0 -9999.0 -9999.0 -9999.0 -9999.0 -9999.0 -9999.0 -9999.0 -9999.0 -9999.0 -9999.0 -9999.0 -9999.0 -9999.0 00046.938 00048.305 00089.469 02131.010 00032.876 01396.313 00273.881 00172.890 00079.947 00082.272 00156.498 00136.149 00109.227 00131.993 00145.741 00148.478 00143.353 00199.756 00188.225 00047.592 00243.786 -9999.0 00114.748 00222.078 00244.499 00250.988 00239.941 00175.838 00170.387 00157.322 00159.756 00174.418 00182.120 00184.930 00188.628 00199.461 00193.931 00199.403 00211.249 00227.031 00187.374 00105.493 00113.146 00115.532 00228.190 00302.108 00329.794
-9999.0 -9999.0 -9999.0 -9999.0 -9999.0 -9999.0 -9999.0 -9999.0 -9999.0 -9999.0 -9999.0 -9999.0 -9999.0 -9999.0 -9999.0 -9999.0 -9999.0 -9999.0 -9999.0 -9999.0 00029.449 00037.603 00159.357 00191.205 00052.621 00020.522 02334.472 00120.732 00087.374 00084.806 00102.235 00147.418 00127.734 00127.768 00131.892 00137.243 00158.933 00165.421 00156.573 00248.571 00470.993 00030.579 00172.041 00217.232 00242.696 00241.749 00233.848 00233.530 00143.658 00152.082 00149.529 00168.449 00179.803 00190.012 00230.005 00293.102 00341.649 00216.101 00212.681 00213.807 00190.226 00133.189 00137.844 00199.198 00235.636 00268.987 00293.129
-9999.0 -9999.0 -9999.0 -9999.0 -9999.0 -9999.0 -9999.0 -9999.0 -9999.0 -9999.0 -9999.0 -9999.0 -9999.0 -9999.0 -9999.0 -9999.0 -9999.0 -9999.0 -9999.0 -9999.0 -9999.0 00043.608 00092.619 00114.686 -9999.0 -9999.0 -9999.0 00178.915 00119.314 00093.534 00085.220 00108.246 00137.089 00130.835 00124.930 00129.538 00128.778 00152.056 00171.797 00169.090 00127.979 00124.742 00212.739 00233.302 00234.355 00236.691 00233.137 00228.979 00223.095 00442.335 00144.316 00154.643 00162.772 00170.335 00179.530 00217.888 00259.303 00230.083 00205.350 00189.343 00165.385 00174.966 00114.241 00205.905 00272.721 00295.114 00290.727
