data/cocos/out/_Intensity.asc
NCOLS 842
NROWS 592
XLLCORNER 473534.000000
YLLCORNER 3652732.000000
CELLSIZE 30.000000
NODATA_VALUE -9999.0
[rows 232 to 260 of 592, columns 402 to 468 of 842]
-9999.0 -9999.0 -9999.0 -9999.0 00123.441 00927.569 01137.075 01518.560 01668.165 01497.233 01092.522 01074.711 01103.724 01765.222 01896.815 00920.225 00405.324 00701.126 00635.876 00874.256 01129.339 00480.655 00407.819 00718.885 01027.957 01292.704 01278.793 01218.376 01101.353 01031.941 00949.215 00899.052 00243.254 00340.675 00718.470 01049.770 00611.868 00526.413 00076.495 00179.777 01367.267 00157.766 00345.177 00221.877 00337.869 00263.461 00272.964 00440.753 00237.722 -9999.0 -9999.0 -9999.0 -9999.0 -9999.0 -9999.0 -9999.0 -9999.0 -9999.0 -9999.0 -9999.0 -9999.0 -9999.0 -9999.0 -9999.0 -9999.0 -9999.0 -9999.0
-9999.0 -9999.0 -9999.0 -9999.0 00807.164 00936.888 01103.019 01404.683 01627.179 01675.064 01187.832 01052.542 01030.123 01587.624 03431.904 00382.578 00297.949 00472.530 00783.172 00974.877 00869.412 00190.046 00414.629 00771.281 01150.799 01207.616 01133.428 01063.339 01001.603 00854.105 00736.420 00718.292 00710.378 00667.550 00741.976 00751.885 00294.819 00721.482 00204.703 00907.787 01037.298 00830.198 00930.424 00372.342 00313.906 00463.852 00342.027 00045.834 -9999.0 -9999.0 -9999.0 -9999.0 -9999.0 -9999.0 -9999.0 -9999.0 -9999.0 -9999.0 -9999.0 -9999.0 -9999.0 -9999.0 -9999.0 -9999.0 -9999.0 -9999.0 -9999.0
-9999.0 -9999.0 00281.805 00378.182 00779.903 01137.963 01296.174 01311.349 01581.914 01531.245 01255.284 01011.303 01002.555 01453.183 08108.132 00591.205 00962.490 01151.152 00995.255 00956.302 00861.641 00823.111 00960.455 00977.749 01046.010 01059.855 00728.266 00766.745 00713.470 00647.882 00627.339 00630.000 00593.345 00509.524 00433.397 00317.310 00486.372 00360.476 01529.124 00603.623 00620.226 00471.313 00315.805 00320.073 00354.739 00283.545 00344.907 01889.196 -9999.0 -9999.0 -9999.0 -9999.0 -9999.0 -9999.0 -9999.0 -9999.0 -9999.0 -9999.0 -9999.0 -9999.0 -9999.0 -9999.0 -9999.0 -9999.0 -9999.0 -9999.0 -9999.0
00131.639 -9999.0 00566.135 00638.815 08131.043 08012.180 01358.257 01371.994 01403.079 01301.330 01144.936 00975.962 00928.336 01444.857 10295.253 00496.452 00874.145 01093.844 01147.740 01043.199 00745.629 00828.100 00893.311 00874.856 00949.376 00359.991 00372.405 00382.236 00506.556 00523.765 00535.146 00493.447 00488.498 00201.898 00245.332 00400.263 00904.677 00577.737 00345.877 00633.765 01023.850 01133.821 00179.757 00188.533 00752.174 00423.465 00224.543 -9999.0 -9999.0 -9999.0 -9999.0 -9999.0 -9999.0 -9999.0 -9999.0 -9999.0 -9999.0 -9999.0 -9999.0 -9999.0 -9999.0 -9999.0 -9999.0 -9999.0 -9999.0 -9999.0 -9999.0
00077.695 00470.208 00551.378 01414.306 01304.751 07232.398 01347.907 01254.404 01187.324 01072.716 00967.356 00940.420 00735.765 01402.555 05581.957 05071.114 02230.291 01001.156 01153.797 01011.726 00905.519 00808.437 00787.370 00769.711 00846.485 00140.174 00574.459 00550.172 00431.000 00362.448 00366.283 00402.517 00377.401 00375.128 00447.671 00777.701 01049.367 00498.846 00746.352 00966.047 01150.940 01126.658 00585.683 00271.921 00398.022 00123.034 -9999.0 -9999.0 -9999.0 -9999.0 -9999.0 -9999.0 -9999.0 -9999.0 -9999.0 -9999.0 -9999.0 -9999.0 -9999.0 -9999.0 -9999.0 -9999.0 -9999.0 -9999.0 -9999.0 -9999.0 -9999.0
00173.924 00307.269 01133.236 01377.019 01283.790 04533.652 01231.507 01094.210 00981.436 00856.262 00900.983 00848.585 00861.992 00862.813 01814.728 04475.502 08572.640 00649.273 00820.888 00780.403 00825.925 00416.284 00396.666 00629.230 00301.070 00261.087 00260.257 00377.928 00553.618 00696.897 00481.142 00422.077 00646.010 00705.496 01148.919 01357.943 01094.058 00780.975 00964.353 01042.007 01087.418 00898.294 00926.719 01050.371 00856.081 01097.200 -9999.0 -9999.0 -9999.0 -9999.0 -9999.0 -9999.0 -9999.0 -9999.0 -9999.0 -9999.0 -9999.0 -9999.0 -9999.0 -9999.0 -9999.0 -9999.0 -9999.0 -9999.0 -9999.0 -9999.0 -9999.0
-9999.0 00371.918 01404.965 01127.596 01199.834 01135.191 00999.124 00890.949 00822.610 00845.049 00825.274 00729.867 01045.872 01299.419 00936.788 00952.707 00922.406 00736.447 00382.968 00436.368 00733.982 00139.211 00251.790 00512.415 00499.424 00478.419 00324.453 00255.616 00586.149 01011.393 00925.638 00865.942 00999.044 01040.812 01137.977 01175.533 01130.524 00922.859 00776.864 01009.881 01042.893 00864.335 00844.797 00911.676 00977.320 -9999.0 -9999.0 -9999.0 -9999.0 -9999.0 -9999.0 -9999.0 -9999.0 -9999.0 -9999.0 -9999.0 -9999.0 -9999.0 -9999.0 -9999.0 -9999.0 -9999.0 -9999.0 -9999.0 -9999.0 -9999.0 -9999.0
-9999.0 00801.553 01310.670 01155.279 01036.384 00937.293 00748.174 00784.061 00785.973 00867.832 01303.436 01614.636 01375.001 01258.310 00701.074 00512.264 00389.186 00367.733 00409.178 00416.643 00384.196 00351.986 00714.501 00713.676 00497.080 00378.519 00615.001 00391.748 00582.289 00807.230 00908.696 00917.594 00873.797 00917.089 01006.671 00999.707 00812.716 00912.238 00763.824 00965.272 00991.235 00775.455 00721.408 00750.683 -9999.0 -9999.0 -9999.0 -9999.0 -9999.0 -9999.0 -9999.0 -9999.0 -9999.0 -9999.0 -9999.0 -9999.0 -9999.0 -9999.0 -9999.0 -9999.0 -9999.0 -9999.0 -9999.0 -9999.0 -9999.0 -9999.0 -9999.0
00681.213 01137.400 01120.085 00894.321 00850.163 00720.988 00672.173 00848.550 01042.512 02025.148 01191.874 01340.808 01068.842 00842.258 00509.434 00425.007 01837.534 03659.399 00489.971 00467.508 00514.089 00573.120 00763.778 01043.541 00894.061 00653.726 00600.868 00509.385 00414.886 00698.603 00698.474 00692.770 00710.492 00742.052 00846.511 00845.506 00764.482 00788.120 00770.561 00776.735 00671.897 00640.279 00656.780 00619.091 -9999.0 -9999.0 -9999.0 -9999.0 -9999.0 -9999.0 -9999.0 -9999.0 -9999.0 -9999.0 -9999.0 -9999.0 -9999.0 -9999.0 -9999.0 -9999.0 -9999.0 -9999.0 -9999.0 -9999.0 -9999.0 -9999.0 -9999.0
00954.657 01029.773 00925.030 00780.127 00702.377 00618.388 01022.054 00864.026 10046.752 00915.512 01449.012 00805.968 01037.467 00571.199 00879.609 00685.864 01965.154 00362.964 01241.134 00979.708 01573.230 01455.303 01165.084 01064.069 00896.250 00723.538 00316.045 00329.894 00350.651 00334.414 00461.676 00519.195 00537.853 00583.194 00600.755 00604.201 00603.988 00557.808 00576.130 00556.527 00572.093 00580.710 00618.604 00010.687 -9999.0 -9999.0 -9999.0 -9999.0 -9999.0 -9999.0 -9999.0 -9999.0 -9999.0 -9999.0 -9999.0 -9999.0 -9999.0 -9999.0 -9999.0 -9999.0 -9999.0 -9999.0 -9999.0 -9999.0 -9999.0 -9999.0 -9999.0
00943.162 00822.239 00714.210 00743.085 00715.442 00843.543 00702.875 03061.485 04846.107 06236.160 00578.959 01630.097 05537.903 00617.700 00440.207 00355.409 01511.624 01815.557 01584.419 01714.023 01667.090 01447.880 00991.916 00913.615 00863.671 00705.409 -9999.0 -9999.0 00403.760 00787.238 00865.009 00392.316 00360.595 00501.224 00473.099 00432.856 00449.617 00510.754 00481.585 00504.978 00520.561 00562.365 00074.847 00077.494 -9999.0 -9999.0 -9999.0 -9999.0 -9999.0 -9999.0 -9999.0 -9999.0 -9999.0 -9999.0 -9999.0 -9999.0 -9999.0 -9999.0 -9999.0 -9999.0 -9999.0 -9999.0 -9999.0 -9999.0 -9999.0 -9999.0 -9999.0
00712.956 00624.039 00552.386 00821.093 00742.797 00638.958 00599.358 00557.147 00898.434 00417.886 01255.538 09726.144 00132.180 00204.770 06476.292 06806.812 01850.393 01534.110 01493.623 01408.905 01310.945 01072.039 00800.029 00735.110 00741.456 00596.086 -9999.0 00284.955 00701.927 00868.507 00934.068 00025.998 00184.225 00319.674 00359.185 00401.144 00372.630 00400.057 00413.648 00418.933 00462.497 00371.116 00460.815 -9999.0 -9999.0 -9999.0 -9999.0 -9999.0 -9999.0 -9999.0 -9999.0 -9999.0 -9999.0 -9999.0 -9999.0 -9999.0 -9999.0 -9999.0 -9999.0 -9999.0 -9999.0 -9999.0 -9999.0 -9999.0 -9999.0 -9999.0 -9999.0
00535.664 01465.831 00791.127 00649.473 00571.848 00526.911 00697.264 01444.256 01761.383 01703.377 01909.827 06886.181 00041.050 05261.922 13731.390 15997.080 09861.789 03040.744 03808.801 03303.853 00799.763 00720.148 00355.965 00783.572 00761.560 00807.037 00015.267 00333.790 00858.353 00976.089 00839.035 00408.467 00058.403 00234.202 00272.298 00521.936 00591.238 00756.616 00274.015 00140.105 00560.253 00495.474 00382.497 -9999.0 -9999.0 -9999.0 -9999.0 -9999.0 -9999.0 -9999.0 -9999.0 -9999.0 -9999.0 -9999.0 -9999.0 -9999.0 -9999.0 -9999.0 -9999.0 -9999.0 -9999.0 -9999.0 -9999.0 -9999.0 -9999.0 -9999.0 -9999.0
01347.794 00707.438 00441.413 00414.087 00481.888 00870.066 01019.387 01243.544 01594.734 01727.558 01422.994 03724.928 00056.140 00627.363 10876.921 08446.846 08628.214 05103.729 03945.880 04742.064 00409.968 00828.284 00995.174 01061.283 00562.210 00312.403 00565.259 00679.996 00979.159 01004.145 01014.903 01027.019 -9999.0 -9999.0 00312.229 00319.609 00997.885 00516.626 00262.682 00322.678 00747.869 00410.010 00183.715 -9999.0 -9999.0 -9999.0 -9999.0 -9999.0 -9999.0 -9999.0 -9999.0 -9999.0 -9999.0 -9999.0 -9999.0 -9999.0 -9999.0 -9999.0 -9999.0 -9999.0 -9999.0 -9999.0 -9999.0 -9999.0 -9999.0 -9999.0 -9999.0
00779.337 00261.483 00890.615 01524.943 01134.440 01169.464 01044.723 01108.498 04457.026 01286.345 01022.964 00691.836 00742.822 00876.947 01395.174 01270.289 00840.482 00373.810 00801.459 03452.379 04903.898 00585.802 00426.364 00521.714 01255.529 01051.427 01034.148 01014.892 00973.094 00967.954 00984.365 00946.746 00522.328 -9999.0 00384.352 00649.252 00586.041 00519.328 00250.747 00318.762 00321.150 01180.088 00035.179 -9999.0 -9999.0 -9999.0 -9999.0 -9999.0 -9999.0 -9999.0 -9999.0 -9999.0 -9999.0 -9999.0 -9999.0 -9999.0 -9999.0 -9999.0 -9999.0 -9999.0 -9999.0 -9999.0 -9999.0 -9999.0 -9999.0 -9999.0 -9999.0
00543.768 01143.755 01262.266 01175.940 01125.720 01055.050 01008.479 05235.826 03595.815 02301.877 00614.873 00632.630 00639.309 00656.426 00537.957 00541.768 01197.941 01148.250 00394.760 00378.893 00370.352 02300.509 02416.194 03262.416 05486.330 03593.351 01121.971 00794.025 00865.915 00922.628 00924.330 00866.638 00833.196 00012.954 00423.511 00576.725 00243.883 00591.838 00700.923 00881.335 00525.065 00981.921 -9999.0 -9999.0 -9999.0 -9999.0 -9999.0 -9999.0 -9999.0 -9999.0 -9999.0 -9999.0 -9999.0 -9999.0 -9999.0 -9999.0 -9999.0 -9999.0 -9999.0 -9999.0 -9999.0 -9999.0 -9999.0 -9999.0 -9999.0 -9999.0 -9999.0
00883.941 00954.729 00955.376 00845.942 00844.512 00851.097 05752.753 02094.749 02840.097 00542.629 00555.332 00580.673 00608.468 00528.758 00537.151 00503.963 00480.788 00442.950 00532.529 00354.404 00300.604 01139.836 03566.612 06652.111 02797.192 02784.394 01850.903 00683.090 00776.516 00876.631 00733.670 00463.752 00737.751 00173.604 00631.194 00088.664 00922.859 00685.962 00505.277 00707.356 00827.821 01053.261 -9999.0 -9999.0 -9999.0 -9999.0 -9999.0 -9999.0 -9999.0 -9999.0 -9999.0 -9999.0 -9999.0 -9999.0 -9999.0 -9999.0 -9999.0 -9999.0 -9999.0 -9999.0 -9999.0 -9999.0 -9999.0 -9999.0 -9999.0 -9999.0 -9999.0
00759.318 00741.905 00586.563 00679.354 01695.901 01618.216 00622.332 02540.951 00488.553 00503.925 00520.517 00467.872 02756.613 00463.936 00518.148 00470.316 00505.085 00540.615 00641.271 00968.289 00817.110 01400.615 02027.792 02939.655 04366.784 05286.020 05362.245 00573.374 00576.748 00494.778 00717.345 00583.220 00591.049 00725.305 00116.950 01223.369 00215.018 00107.308 00249.207 00582.937 00686.172 -9999.0 -9999.0 -9999.0 -9999.0 -9999.0 -9999.0 -9999.0 -9999.0 -9999.0 -9999.0 -9999.0 -9999.0 -9999.0 -9999.0 -9999.0 -9999.0 -9999.0 -9999.0 -9999.0 -9999.0 -9999.0 -9999.0 -9999.0 -9999.0 -9999.0 -9999.0
00511.554 00516.661 00608.230 03283.762 00576.128 00444.788 00422.558 00439.740 00455.829 00450.663 00387.002 03264.472 00410.162 00452.848 00471.428 00519.276 00545.278 01086.173 00886.004 00863.353 00898.233 00878.306 00603.604 00756.669 00567.542 00326.728 00611.191 00320.163 03339.062 04954.736 01541.744 00432.089 00540.669 00649.353 01237.503 00510.034 00098.632 00187.644 00789.504 00709.535 00550.336 00271.239 -9999.0 -9999.0 -9999.0 -9999.0 -9999.0 -9999.0 -9999.0 -9999.0 -9999.0 -9999.0 -9999.0 -9999.0 -9999.0 -9999.0 -9999.0 -9999.0 -9999.0 -9999.0 -9999.0 -9999.0 -9999.0 -9999.0 -9999.0 -9999.0 -9999.0
00565.300 00278.009 00330.247 00541.491 00482.565 00331.726 00461.768 00432.189 00389.443 00369.723 00359.719 00386.156 00383.920 00412.956 00622.212 03342.150 03749.579 04592.593 00805.747 00768.477 00749.343 00721.606 00676.230 00750.078 00560.840 00267.327 00207.074 00499.446 00367.964 00365.799 02440.158 03136.834 00478.789 01903.174 00979.085 00008.826 00266.965 00887.755 00680.682 00446.106 00294.593 -9999.0 -9999.0 -9999.0 -9999.0 -9999.0 -9999.0 -9999.0 -9999.0 -9999.0 -9999.0 -9999.0 -9999.0 -9999.0 -9999.0 -9999.0 -9999.0 -9999.0 -9999.0 -9999.0 -9999.0 -9999.0 -9999.0 -9999.0 -9999.0 -9999.0 -9999.0
00621.791 00714.275 00451.706 00632.256 00643.390 00314.690 00479.095 00430.471 00437.861 00436.853 00371.228 00292.980 00608.576 00312.051 01351.017 04205.225 07490.358 05536.316 00702.347 00672.567 00595.049 00637.165 00708.022 00672.636 00633.800 00265.102 00473.558 00778.186 00365.471 00391.937 01637.288 03870.700 05582.338 06134.483 00490.845 00796.039 00467.003 00941.020 00399.233 00177.167 00119.880 -9999.0 -9999.0 -9999.0 -9999.0 -9999.0 -9999.0 -9999.0 -9999.0 -9999.0 -9999.0 -9999.0 -9999.0 -9999.0 -9999.0 -9999.0 -9999.0 -9999.0 -9999.0 -9999.0 -9999.0 -9999.0 -9999.0 -9999.0 -9999.0 -9999.0 -9999.0
00561.418 00488.939 00532.035 00546.269 00166.824 00272.929 00378.597 00434.019 00419.989 00408.386 00404.883 00426.086 00444.516 00274.748 00291.290 00297.399 00334.605 00425.158 00424.130 00398.935 00504.007 00489.801 00480.878 00449.398 00477.035 00536.367 00629.957 00599.520 02439.087 07295.067 09854.442 02898.427 02166.740 03827.855 04269.248 04588.071 06358.756 00393.853 00004.498 00088.984 00045.388 -9999.0 -9999.0 -9999.0 -9999.0 -9999.0 -9999.0 -9999.0 -9999.0 -9999.0 -9999.0 -9999.0 -9999.0 -9999.0 -9999.0 -9999.0 -9999.0 -9999.0 -9999.0 -9999.0 -9999.0 -9999.0 -9999.0 -9999.0 -9999.0 -9999.0 -9999.0
00401.914 00411.508 00397.170 00268.705 00188.647 00436.245 00600.781 01022.657 00481.337 00421.781 00434.569 00447.629 00255.084 00575.253 01176.993 00266.073 00290.081 00334.433 00360.422 00390.617 00870.319 00458.620 00459.983 00431.355 00425.312 00376.304 00518.344 01404.327 00346.245 00349.525 00365.445 01187.119 00295.438 00198.644 00179.041 00165.947 00094.907 00030.794 00180.904 00136.593 00160.875 -9999.0 -9999.0 -9999.0 -9999.0 -9999.0 -9999.0 -9999.0 -9999.0 -9999.0 -9999.0 -9999.0 -9999.0 -9999.0 -9999.0 -9999.0 -9999.0 -9999.0 -9999.0 -9999.0 -9999.0 -9999.0 -9999.0 -9999.0 -9999.0 -9999.0 -9999.0
00332.131 00318.351 00346.655 00376.908 00437.348 00620.342 00428.582 00446.442 00492.610 00480.363 00469.992 00413.725 01676.630 05046.085 00990.347 01001.051 00985.050 00582.738 00381.893 03828.873 00400.572 00418.353 00460.753 00469.192 00485.623 00465.819 00435.388 00443.401 00238.107 00278.225 00290.093 00256.075 00242.664 00187.422 00205.706 00170.870 00159.024 00380.541 00028.167 00039.745 -9999.0 -9999.0 -9999.0 -9999.0 -9999.0 -9999.0 -9999.0 -9999.0 -9999.0 -9999.0 -9999.0 -9999.0 -9999.0 -9999.0 -9999.0 -9999.0 -9999.0 -9999.0 -9999.0 -9999.0 -9999.0 -9999.0 -9999.0 -9999.0 -9999.0 -9999.0 -9999.0
00317.708 00334.165 00336.889 00328.806 00351.368 00380.791 00397.391 00395.444 00407.224 00427.243 00398.977 03615.717 06759.808 03466.702 02729.901 02491.364 00565.764 00675.260 00437.753 00413.900 00377.364 00417.565 00443.951 00456.027 00501.697 00500.190 00488.249 00427.330 00377.672 00360.181 00322.242 00225.321 00106.542 00124.933 00113.581 00170.309 00275.781 00265.595 00128.433 00084.726 00426.160 -9999.0 -9999.0 -9999.0 -9999.0 -9999.0 -9999.0 -9999.0 -9999.0 -9999.0 -9999.0 -9999.0 -9999.0 -9999.0 -9999.0 -9999.0 -9999.0 -9999.0 -9999.0 -9999.0 -9999.0 -9999.0 -9999.0 -9999.0 -9999.0 -9999.0 -9999.0
00367.569 00366.520 00346.255 00328.172 00326.979 00325.788 00334.679 00315.726 00320.654 00356.839 00759.452 00553.523 02639.589 02047.358 00480.526 00504.802 00596.121 00588.831 00455.303 00504.003 00469.924 00358.944 00370.708 00380.581 00418.903 00433.537 00420.400 00411.934 00339.841 00320.678 00282.337 00285.359 00123.025 00239.443 00205.947 00197.693 00209.921 00222.108 00197.940 00199.413 03260.336 -9999.0 -9999.0 -9999.0 -9999.0 -9999.0 -9999.0 -9999.0 -9999.0 -9999.0 -9999.0 -9999.0 -9999.0 -9999.0 -9999.0 -9999.0 -9999.0 -9999.0 -9999.0 -9999.0 -9999.0 -9999.0 -9999.0 -9999.0 -9999.0 -9999.0 -9999.0
00340.112 00152.154 00276.619 00378.025 00285.415 00268.332 00254.764 00279.576 00294.571 00299.812 00319.372 00328.231 00327.868 00330.543 00339.141 00350.009 00376.371 00408.613 00429.016 00439.590 00440.184 00441.617 00357.576 00338.723 00351.423 00376.898 00408.212 00026.949 00325.462 00202.386 00308.937 00226.751 00328.707 00232.179 00404.970 00437.294 00192.344 00107.621 00055.892 03027.972 00048.783 -9999.0 -9999.0 -9999.0 -9999.0 -9999.0 -9999.0 -9999.0 -9999.0 -9999.0 -9999.0 -9999.0 -9999.0 -9999.0 -9999.0 -9999.0 -9999.0 -9999.0 -9999.0 -9999.0 -9999.0 -9999.0 -9999.0 -9999.0 -9999.0 -9999.0 -9999.0
00307.341 00303.799 00302.141 00269.918 00289.395 00326.626 00369.449 00297.076 00311.745 00343.794 00371.696 00367.057 00353.259 00340.554 00310.038 00291.258 00321.445 00351.555 00359.211 00364.191 00341.072 00291.752 00322.122 00336.859 00323.454 00316.647 00260.718 00434.549 00564.449 00405.405 00430.900 00345.091 00419.967 00236.576 00117.417 00333.312 00225.958 00257.511 00258.309 00429.273 00103.569 -9999.0 -9999.0 -9999.0 -9999.0 -9999.0 -9999.0 -9999.0 -9999.0 -9999.0 -9999.0 -9999.0 -9999.0 -9999.0 -9999.0 -9999.0 -9999.0 -9999.0 -9999.0 -9999.0 -9999.0 -9999.0 -9999.0 -9999.0 -9999.0 -9999.0 -9999.0
00281.550 00279.396 00294.728 00327.625 00363.053 00456.434 00482.587 00455.306 00497.839 00464.103 00431.427 00401.908 00393.057 00367.306 00354.375 00350.553 00281.009 00302.563 00323.734 00296.518 00282.518 00292.968 00222.044 00249.794 00262.544 00270.719 00293.288 00313.374 00363.432 00343.857 00312.061 00348.645 00126.821 00188.766 00220.036 01001.697 01227.444 00874.727 00700.175 00751.125 00250.017 -9999.0 -9999.0 -9999.0 -9999.0 -9999.0 -9999.0 -9999.0 -9999.0 -9999.0 -9999.0 -9999.0 -9999.0 -9999.0 -9999.0 -9999.0 -9999.0 -9999.0 -9999.0 -9999.0 -9999.0 -9999.0 -9999.0 -9999.0 -9999.0 -9999.0 -9999.0
