data/cocos/out/_Intensity.asc
NCOLS 842
NROWS 592
XLLCORNER 473534.000000
YLLCORNER 3652732.000000
CELLSIZE 30.000000
NODATA_VALUE -9999.0
[rows 203 to 231 of 592, columns 335 to 401 of 842]
-9999.0 -9999.0 -9999.0 -9999.0 -9999.0 -9999.0 -9999.0 -9999.0 00191.273 03272.852 00188.767 00140.308 00223.101 00079.576 00179.857 00086.488 00261.077 00298.171 00335.609 00436.701 00507.997 00334.056 00254.988 00023.592 00004.089 00190.238 00224.567 00233.272 00206.105 00109.363 00333.545 00696.703 00881.364 01071.454 00044.447 -9999.0 -9999.0 -9999.0 -9999.0 -9999.0 00173.749 00117.099 00065.467 00055.728 00099.546 00203.118 00202.909 00175.953 00780.453 00048.610 01850.915 02465.122 00069.673 00473.313 00371.964 00355.399 00700.628 00958.242 01063.263 01290.888 00633.088 00644.982 00622.926 00699.786 00819.055 00833.990 00799.057
-9999.0 -9999.0 -9999.0 -9999.0 -9999.0 -9999.0 -9999.0 -9999.0 01271.640 00176.573 00156.770 01470.496 00101.974 00108.082 00123.535 00146.015 00236.921 00272.759 00347.682 00449.358 00490.203 00523.592 00180.049 00597.577 00104.727 00590.480 00126.310 00272.804 00237.787 00016.725 00423.764 00688.117 00772.938 00271.942 00289.976 00404.041 00064.644 -9999.0 -9999.0 -9999.0 -9999.0 -9999.0 -9999.0 -9999.0 00282.551 00344.990 00346.841 00310.724 00298.156 00373.741 02013.802 02121.881 01573.223 00085.112 01783.952 01718.989 01213.585 01202.344 01028.378 01037.022 01095.479 00730.477 00555.186 00649.119 00757.427 00760.014 00756.851
-9999.0 -9999.0 -9999.0 -9999.0 -9999.0 -9999.0 -9999.0 -9999.0 00172.538 00134.656 00159.624 00157.774 00125.470 00101.935 00086.827 00224.141 00231.411 02848.802 00334.579 00435.748 00532.534 00484.486 00550.478 00361.993 00763.488 00180.504 00010.746 00252.525 00260.655 00223.886 00470.386 00678.363 00588.904 00342.919 00367.139 00374.996 00659.703 00294.548 -9999.0 -9999.0 -9999.0 -9999.0 -9999.0 -9999.0 00273.905 00239.224 00269.105 00291.121 00131.066 00145.710 00152.220 00139.853 00183.502 00161.189 01684.666 02082.834 01892.302 01717.138 02266.679 03095.397 00766.484 00492.754 00479.170 00648.864 00702.705 00694.581 00630.759
-9999.0 -9999.0 -9999.0 -9999.0 -9999.0 -9999.0 -9999.0 -9999.0 00140.612 00127.421 00176.125 00105.693 00105.048 00159.458 00111.975 00215.267 00217.382 00266.314 00395.458 00454.064 00537.688 00514.496 00545.545 00670.741 00541.589 04123.617 03955.658 00208.908 00187.169 00289.080 00501.069 00726.038 00748.723 00256.734 00390.319 00471.505 00358.555 00070.208 -9999.0 -9999.0 -9999.0 -9999.0 -9999.0 -9999.0 -9999.0 00226.964 00087.922 00087.398 00138.287 00176.484 00155.997 00151.080 00143.374 00136.292 00220.869 00499.761 00547.815 01911.712 03815.118 05918.081 00376.005 00481.273 00512.152 00598.973 00608.840 00511.076 00476.497
-9999.0 -9999.0 -9999.0 -9999.0 -9999.0 -9999.0 -9999.0 -9999.0 00095.556 00125.339 00137.536 00089.762 00090.788 00147.116 00091.458 00232.514 00797.566 00318.765 00398.871 00448.708 00578.646 00526.149 00588.039 00653.208 00866.773 00935.742 00833.612 00190.713 00166.190 00301.268 00478.283 00492.656 00476.237 00306.678 00323.953 00387.151 00549.688 00792.925 00189.645 -9999.0 -9999.0 -9999.0 -9999.0 -9999.0 00037.117 00105.164 00014.815 00013.113 00074.552 00170.798 00154.791 00141.506 00139.310 00139.763 00136.313 00120.889 00234.576 00421.063 02125.830 00199.651 00342.845 00427.942 00432.896 00462.521 00368.735 00338.065 00215.710
-9999.0 -9999.0 -9999.0 -9999.0 -9999.0 -9999.0 -9999.0 -9999.0 00117.364 00137.664 00124.901 00072.345 00100.966 00158.198 00186.630 00221.178 00238.812 00362.710 00405.742 00457.652 00638.897 00478.195 00578.515 00756.726 00997.851 01173.705 00885.454 00190.131 00169.069 00273.941 00416.892 00466.025 00406.268 00345.895 00286.210 00442.394 00613.643 00399.507 00049.582 -9999.0 -9999.0 -9999.0 00086.181 00174.183 00169.506 00149.993 00176.681 00147.377 00191.930 00175.429 00149.463 00144.193 00144.563 00136.557 00138.894 00144.525 00122.611 00129.595 00017.903 00057.698 00161.005 00336.160 00377.064 00291.592 00227.706 00291.641 00178.618
-9999.0 -9999.0 -9999.0 -9999.0 -9999.0 -9999.0 -9999.0 -9999.0 00154.540 00142.541 00130.649 00083.670 00103.197 00143.541 00208.681 00206.280 00271.679 00350.530 00405.019 00782.801 00354.940 00488.791 00623.002 00879.265 02824.125 10975.784 14187.472 00186.872 00170.339 00241.016 00379.930 00500.527 00424.579 00310.402 00326.419 00502.802 00664.362 00959.767 00911.518 -9999.0 -9999.0 00293.870 00213.205 00219.076 00203.575 00109.921 00186.066 00210.188 00147.336 01690.699 01391.888 00147.978 00140.596 00136.929 00152.577 00146.844 00140.036 00158.596 00130.064 00017.367 01575.865 00033.000 00159.095 00220.520 00256.409 00289.125 00381.364
-9999.0 -9999.0 -9999.0 -9999.0 -9999.0 -9999.0 -9999.0 -9999.0 00159.093 00135.266 00138.938 00085.417 00111.066 00115.234 00207.130 00212.580 00297.702 00335.846 00365.890 04650.008 00379.532 00491.008 00674.779 00974.859 01143.449 07992.549 12129.800 00184.930 00166.319 00241.407 00378.071 00367.143 00322.756 00291.820 00487.484 00591.064 00767.248 00910.133 00353.781 -9999.0 00364.828 00253.179 00257.025 00263.408 00195.965 01079.308 02202.582 00808.227 00159.796 00142.865 -9999.000 -9999.000 00149.606 00149.706 00165.173 00161.562 00151.753 00141.558 00154.569 00102.011 00017.341 01665.943 00133.532 00182.272 00191.151 00198.100 00373.903
-9999.0 -9999.0 -9999.0 -9999.0 -9999.0 -9999.0 -9999.0 -9999.0 00140.461 00132.370 00119.020 00075.330 00121.443 00112.307 00208.266 00223.205 00294.887 00303.478 01188.825 03273.791 00412.155 00490.620 00745.316 01046.024 03991.015 01513.739 04679.587 00187.095 00181.044 00215.278 00377.722 00304.173 00270.756 00285.366 00491.391 00593.693 00824.783 01138.678 01449.725 01002.661 00057.772 00296.187 00307.489 00292.018 00284.839 00134.929 03330.534 00589.842 00170.745 00562.578 -9999.0 -9999.000 00159.725 00136.334 00182.530 00173.312 00160.844 00164.119 00152.114 00146.018 00006.662 00017.895 00857.988 00169.521 00201.036 00243.721 00364.103
-9999.0 -9999.0 -9999.0 -9999.0 -9999.0 -9999.0 -9999.0 -9999.0 00129.852 00108.437 00106.372 00085.925 00082.129 00151.235 00209.311 00215.752 00281.999 00262.176 02039.611 01484.472 00471.660 00520.128 00883.547 02830.571 01126.896 01997.677 01294.362 00183.098 00214.621 00190.726 00276.554 00161.008 01301.140 00322.750 00498.477 00716.172 00938.671 01173.840 00895.861 00296.330 00321.992 00338.959 01085.716 00374.346 00265.557 00260.753 00295.006 00237.963 00223.280 06325.668 -9999.0 -9999.000 00182.921 00152.723 00186.588 00177.200 00175.026 00168.549 00152.387 00158.384 00168.959 00017.077 00021.551 00014.711 00132.970 00242.580 00787.282
-9999.0 -9999.0 -9999.0 -9999.0 -9999.0 -9999.0 -9999.0 -9999.0 00095.934 00114.372 00109.382 00116.231 00082.748 00186.014 00207.997 00206.527 00261.147 00228.010 00273.531 00511.534 00494.714 00635.260 00976.614 01035.989 06759.110 01147.486 00976.577 00162.292 00200.639 00178.507 00225.254 00063.442 00642.921 00354.613 00521.663 00665.138 00853.265 00591.440 00249.540 -9999.0 00362.581 03626.189 03806.080 00335.933 00445.718 00257.297 00309.981 00298.723 02307.660 05929.378 -9999.0 -9999.000 00206.738 00199.866 00196.283 00189.433 00188.888 00178.124 00153.208 00162.087 00150.070 00262.141 00219.194 00018.274 00042.179 00272.933 00515.470
-9999.0 -9999.0 -9999.0 -9999.0 -9999.0 -9999.0 -9999.0 00123.402 00106.645 00099.427 00226.570 00135.627 00089.103 00230.298 00229.250 00202.659 00293.837 00227.884 00651.635 00486.767 00483.881 00699.868 00839.109 08913.538 06510.513 07482.646 00250.549 00166.600 00185.444 00539.185 00081.220 00796.960 00192.685 00341.699 03438.236 01395.402 00816.565 00818.339 00865.955 -9999.0 00535.435 02499.651 02022.298 00249.374 00287.548 00370.835 00374.430 00389.016 07518.534 09304.991 00505.708 00270.236 00283.703 00263.963 00230.018 00203.517 00200.322 00185.921 00192.932 00164.459 00156.136 00182.293 00357.162 00464.716 00041.809 00321.196 00926.204
-9999.0 -9999.0 -9999.0 -9999.0 -9999.0 -9999.0 00144.218 00121.497 00087.640 00598.225 00107.892 00144.771 00095.990 00222.738 00226.691 00192.623 00234.431 00225.131 00283.064 00475.606 00431.369 00689.833 00297.053 03872.472 03574.999 00060.581 00208.497 00003.358 01247.940 00780.002 00171.137 00015.714 00061.580 02891.759 00575.793 00785.352 00838.054 00855.729 00768.959 00592.372 00870.617 01147.521 00866.314 00427.614 00177.712 00410.345 00434.408 00474.671 00519.100 00588.761 00473.687 00355.576 00336.460 00280.173 00275.168 00207.014 00212.528 00204.892 00193.911 00142.178 00189.517 00173.467 00328.519 00105.283 00043.621 00137.214 00350.873
-9999.0 -9999.0 -9999.0 -9999.0 -9999.0 -9999.0 00155.143 00109.054 00096.198 00571.188 01332.881 00450.744 00107.066 00215.825 00193.567 00174.046 00201.160 00218.743 00264.329 00920.808 00340.920 01050.020 00102.700 00267.780 -9999.0 -9999.0 -9999.0 -9999.0 -9999.0 00002.338 00000.259 -9999.0 00103.729 03850.515 05690.240 00745.463 00894.206 00693.812 00626.119 00864.330 01058.602 01029.700 00870.172 00258.910 00216.462 00502.200 00568.641 00552.918 00627.986 00596.887 00464.577 00375.941 00349.389 00335.280 00325.126 00208.924 00223.569 00214.213 00212.879 00173.409 00173.677 00129.968 00199.794 00357.795 05063.890 04883.877 00850.943
-9999.0 -9999.0 -9999.0 -9999.0 -9999.0 -9999.0 00122.000 00115.726 00095.201 00544.768 00310.851 01324.254 00158.908 00182.877 00170.601 00155.527 00170.869 00791.688 00229.608 03485.049 00276.694 04015.562 00970.244 03219.964 05456.349 09867.804 -9999.0 -9999.0 -9999.0 -9999.0 -9999.0 -9999.0 00758.022 04171.759 03699.744 00990.111 01604.477 00691.384 00041.177 00847.198 00862.315 00516.401 00406.057 00431.205 00304.274 00599.886 00692.435 00807.758 00696.920 00632.917 00497.283 00416.536 00371.980 00378.750 02262.495 00230.799 00234.054 00222.716 00218.761 01046.325 00254.691 00196.236 00170.337 00485.739 03875.859 00575.553 00609.116
-9999.0 -9999.0 -9999.0 -9999.0 -9999.0 -9999.0 00121.111 00120.392 00090.328 00990.249 01326.595 03226.426 00504.387 00200.989 00147.610 00155.531 00133.375 01669.117 00156.328 01891.681 00842.301 03571.228 02132.613 01594.425 04939.143 04625.930 -9999.0 -9999.0 -9999.0 00925.836 -9999.0 00290.978 00708.066 03342.153 03002.359 00482.036 00426.434 00128.103 00001.627 00412.688 00434.517 00447.738 00432.286 00370.220 00469.139 00696.327 00821.035 00875.279 00808.471 00662.325 00545.274 01824.779 01313.434 02733.893 03438.505 00262.756 00241.577 00241.079 00224.486 02088.856 01405.566 00165.254 00115.358 00282.436 00697.023 00457.093 00512.535
-9999.0 -9999.0 -9999.0 -9999.0 -9999.0 00130.323 00121.138 00136.572 00393.750 01104.565 00498.470 00137.782 00322.034 00514.006 00116.626 00142.996 00143.798 00103.453 00111.611 00556.339 02144.026 02941.036 01967.782 00455.700 00433.004 00198.497 -9999.0 00213.539 03442.167 00163.771 00065.923 00799.455 00230.842 04225.188 00541.897 00335.335 00602.119 00350.650 -9999.0 00436.397 00423.413 00435.503 00460.556 00566.672 00674.813 00780.470 07153.351 02216.055 00802.642 00098.189 02007.049 04198.258 00109.910 00451.744 00342.033 00307.985 00199.262 00280.930 00233.705 00956.635 00353.618 00148.785 00837.771 00254.170 00349.204 00427.009 00351.566
-9999.0 -9999.0 -9999.0 -9999.0 00165.534 00184.179 00183.067 00149.079 00108.960 01336.491 00453.445 00189.850 00183.874 00118.147 00101.257 00153.292 00140.079 00119.982 00118.456 00336.212 02139.135 01363.901 00845.700 00180.669 00262.524 00057.460 02951.409 00003.783 00003.075 00299.759 00640.711 -9999.0 00468.971 02514.236 00307.320 00457.535 00203.850 00046.691 -9999.0 00166.216 00359.550 00427.482 00589.652 00642.471 00733.978 00868.309 00702.431 01569.233 -9999.0 00268.248 02374.557 05887.800 00038.639 00332.006 00419.768 00350.629 00096.047 00317.600 00250.921 00166.280 00007.219 00008.290 00051.588 00512.016 00354.301 00283.747 00268.510
-9999.0 -9999.0 -9999.0 00218.930 00301.332 00275.573 00413.598 00317.762 00184.878 00514.573 00705.280 00144.880 00141.779 00119.300 00111.925 00202.756 00156.239 00094.840 00176.888 00937.188 00153.002 01771.356 00166.366 00128.739 00263.566 01914.928 00977.836 00260.315 00526.633 00731.787 00466.684 00483.346 00323.035 00248.594 00297.661 00312.456 00059.807 00594.410 -9999.0 -9999.0 00393.528 00446.491 00715.958 00772.269 00797.875 00681.554 00122.647 00080.905 00539.559 00703.924 03480.588 07467.785 00009.642 00438.586 00425.594 00376.534 00057.779 00312.992 00283.011 00113.017 00005.932 00021.760 00611.270 00148.091 00182.510 00719.376 00304.099
-9999.0 -9999.0 00934.605 00433.478 00433.364 00308.190 01349.033 01132.815 00231.995 00730.128 01194.358 00316.880 00089.808 00105.395 00292.151 00094.634 00196.022 00163.663 00160.406 01805.570 02322.703 01542.579 00125.525 00124.770 00239.112 02843.964 01021.444 01169.801 02005.590 00415.087 00494.571 00530.119 00329.940 00264.554 00324.846 00460.139 00358.870 00177.928 -9999.0 -9999.0 00294.597 00787.243 00833.933 00916.050 00813.594 00384.165 00049.543 00038.474 07823.913 01399.068 06129.014 01561.128 02516.475 02515.660 00427.007 00104.955 00171.527 00558.212 00349.233 00162.230 00164.660 00041.717 00810.415 00210.842 00167.465 00712.415 00758.513
-9999.0 05789.389 05100.242 00494.541 00411.290 00284.041 00193.525 01564.543 00356.216 02478.107 01986.761 00116.008 00122.015 01272.499 00233.603 00173.626 00155.715 00113.078 00389.419 00157.124 01431.412 00501.291 00094.435 00157.568 00213.328 02444.483 02361.230 01440.784 00297.887 00371.231 00400.692 00344.473 00273.646 00258.308 00307.660 00506.261 00774.103 01180.194 -9999.0 00183.650 00308.494 04689.727 04722.772 00964.166 00842.936 00290.313 00307.870 00296.511 09871.904 03536.365 03006.448 03987.919 01452.019 00109.345 00004.401 00480.491 00604.144 00521.784 00352.912 00199.190 00130.441 00268.795 00559.570 00609.896 00115.017 00411.513 00551.841
-9999.0 01834.406 02251.515 01868.398 00484.454 00175.636 03991.368 02452.132 00487.728 02590.564 00636.464 00171.269 00088.309 00147.008 00596.874 00651.743 00170.830 00115.784 00094.333 00112.969 00165.614 00277.523 00090.310 00146.254 00194.431 01750.203 00238.160 01519.052 00210.046 01970.626 00625.286 00279.282 00280.766 00243.379 00296.963 05137.766 00816.194 00469.296 -9999.0 00329.534 07963.686 08782.473 11770.497 04674.495 00684.719 00013.016 00157.694 04555.043 06953.679 05630.695 00781.885 00300.880 02171.088 03298.401 00526.081 00094.812 00705.966 00560.016 00174.006 00172.796 00120.101 00391.760 00589.559 00595.205 00382.528 00049.751 00230.585
-9999.0 -9999.0 -9999.0 00375.847 00355.059 00228.607 02690.653 00558.149 00388.591 03676.162 00257.496 00171.732 00153.033 00090.880 00101.841 00106.107 00847.661 00210.229 00081.872 00131.940 00116.977 00172.888 00202.466 00183.760 00183.018 00192.603 00188.534 00477.715 00222.765 02247.048 00909.034 00949.355 00639.954 00235.101 00242.842 02156.507 00239.990 -9999.0 -9999.0 00328.884 11822.307 03075.687 01924.261 02791.986 05943.288 00169.478 -9999.0 00685.017 01011.380 00849.017 00572.413 00130.444 00057.029 06431.387 01407.222 00608.359 00198.725 00164.005 01040.314 00628.246 01221.595 00245.087 00490.216 00449.378 00648.380 00007.456 00105.847
-9999.0 -9999.0 -9999.0 00408.563 00443.770 00370.156 00285.784 00264.835 00856.260 02748.048 02521.139 01021.901 00221.951 00108.784 00419.263 01090.103 00391.837 00003.552 00115.805 00105.514 00135.874 00195.323 01737.757 00181.534 00187.164 00188.770 00184.173 00216.456 01127.798 02268.442 01687.820 02458.356 00341.190 00689.500 00897.721 00377.422 00804.373 -9999.0 -9999.0 00366.836 02289.838 00893.131 01774.437 04465.665 01033.950 00538.791 -9999.0 00468.415 02077.829 01100.520 00453.597 01508.595 00075.134 06714.354 03689.433 00225.421 00208.516 03194.554 01900.140 01615.856 02610.995 00131.477 00322.487 00383.712 00520.263 00010.689 00101.190
-9999.0 -9999.0 -9999.0 00326.108 01791.787 00376.511 00304.380 00274.368 03150.678 00904.543 02537.372 03895.004 01949.418 00327.454 00036.333 01306.033 00005.127 00036.743 00130.598 00107.920 00127.131 00169.975 01415.500 00207.113 00204.158 00194.085 00187.700 00192.469 00194.920 00183.727 00809.355 03089.814 03239.331 00163.963 00279.201 00359.109 00217.541 -9999.0 -9999.0 00443.212 00456.622 00197.397 00697.733 00475.227 02525.734 -9999.0 -9999.0 00948.527 00902.094 00909.093 00467.753 02358.135 00147.374 02567.179 04481.431 00296.862 00236.443 00204.499 01841.576 02360.513 01589.713 00527.570 00245.465 00355.342 00433.529 00121.918 00001.856
-9999.0 -9999.0 00409.289 03537.035 04089.829 00388.261 00327.257 00268.064 02953.967 01218.409 02647.083 02181.470 01203.795 00311.776 00053.520 -9999.0 -9999.0 00120.531 00133.022 00134.154 00137.619 00207.631 00186.171 00242.094 00263.690 00184.944 00224.273 00198.564 00135.648 00134.332 00141.467 01053.518 02124.026 00159.285 00280.312 00420.470 00578.099 -9999.0 -9999.0 00631.525 00365.594 -9999.0 00334.288 00897.726 00370.396 -9999.0 -9999.0 00965.008 00929.695 00873.176 00492.882 01904.201 00297.694 00533.111 00396.133 00345.233 00292.866 00228.968 00197.197 00215.847 02716.614 00362.621 00258.951 00351.998 00295.999 00539.655 00825.375
-9999.0 05936.090 07451.167 06447.202 06216.724 01777.903 00418.298 00323.314 00300.326 02522.368 01093.346 02285.352 03006.497 02305.208 00349.883 -9999.0 00004.128 00165.958 00108.993 00182.769 00189.247 00120.848 00189.637 00274.577 00254.568 00204.948 00197.632 00224.386 00154.503 00173.289 00157.700 00077.866 01011.549 00155.759 00306.628 00210.722 00323.530 -9999.0 -9999.0 01027.885 00493.085 -9999.0 00910.007 00877.763 -9999.0 -9999.0 00014.528 00846.118 00993.011 00880.521 00479.641 00401.042 00227.151 00449.282 00397.952 00391.997 00335.981 00232.397 00212.105 00189.153 00344.957 00169.414 00254.170 00401.321 00593.909 00613.558 01401.519
-9999.0 02618.944 06552.749 03616.602 06507.887 06941.758 04240.455 00366.179 00337.572 01876.109 03381.681 05591.596 05996.944 03764.864 00068.435 -9999.0 00004.454 00116.931 00843.825 00188.132 00192.339 00140.038 00198.393 00152.691 02065.958 00195.508 00117.351 00125.006 00112.890 00281.065 00202.464 00044.978 00196.472 00224.276 00425.487 00040.155 -9999.0 -9999.0 -9999.0 00055.896 00476.839 00087.216 00650.827 -9999.0 -9999.0 00210.961 00093.600 00876.017 00598.081 00724.483 00483.301 00019.092 00190.471 00506.134 00468.188 00412.639 00353.163 00259.664 00162.782 00165.658 00139.926 00197.389 00424.262 00572.480 00782.561 01054.072 01201.870
-9999.0 00838.470 05333.196 04738.451 05200.376 07761.647 06988.755 02264.552 00406.239 00644.158 01789.201 00217.845 00186.453 00162.481 -9999.0 00003.628 00124.012 02158.029 01817.136 00198.007 00183.958 00156.608 00165.084 00152.797 00184.767 02181.054 00535.954 00103.858 00118.382 00176.747 01432.880 00182.226 00089.729 00194.844 00208.020 00349.794 00564.665 -9999.0 -9999.0 00145.352 00646.890 00147.450 -9999.0 -9999.0 00418.541 00599.731 00475.608 01004.241 00867.149 00696.237 00077.114 00158.443 00225.641 00598.496 00522.058 00476.812 00249.407 00315.701 00450.339 00962.150 00175.084 00241.995 00391.394 00712.214 00820.924 00874.923 00895.397
