data/cocos/out/_SpreadDirection.asc
NCOLS 842
NROWS 592
XLLCORNER 473534.000000
YLLCORNER 3652732.000000
CELLSIZE 30.000000
NODATA_VALUE -9999.0
[rows 204 to 237 of 592, columns 308 to 384 of 842]
-9999 -9999 -9999 -9999 -9999 -9999 -9999 -9999 -9999 -9999 -9999 -9999 -9999 -9999 -9999 -9999 -9999 -9999 -9999 -9999 -9999 -9999 -9999 -9999 -9999 -9999 -9999 -9999 -9999 -9999 -9999 -9999 -9999 -9999 -9999 306 322 322 297 295 295 302 289 291 317 309 310 353 299 321 013 029 047 260 306 028 273 301 309 018 319 325 006 024 -9999 -9999 -9999 -9999 -9999 -9999 -9999 243 352 353 353 020 334
-9999 -9999 -9999 -9999 -9999 -9999 -9999 -9999 -9999 -9999 -9999 -9999 -9999 -9999 -9999 -9999 -9999 -9999 -9999 -9999 -9999 -9999 -9999 -9999 -9999 -9999 -9999 -9999 -9999 -9999 -9999 -9999 -9999 -9999 -9999 262 276 280 297 293 297 295 294 292 301 300 309 001 299 314 336 329 018 236 277 282 287 308 308 009 306 309 330 319 044 -9999 -9999 -9999 -9999 -9999 -9999 244 240 272 007 007 018
-9999 -9999 -9999 -9999 -9999 -9999 -9999 -9999 -9999 -9999 -9999 -9999 -9999 -9999 -9999 -9999 -9999 -9999 -9999 -9999 -9999 -9999 -9999 -9999 -9999 -9999 -9999 -9999 -9999 -9999 -9999 -9999 -9999 -9999 -9999 258 276 280 280 296 298 287 294 293 301 300 306 008 303 312 329 332 329 010 278 283 287 308 008 008 308 311 316 359 347 -9999 -9999 -9999 -9999 -9999 -9999 -9999 227 256 299 325 013
-9999 -9999 -9999 -9999 -9999 -9999 -9999 -9999 -9999 -9999 -9999 -9999 -9999 -9999 -9999 -9999 -9999 -9999 -9999 -9999 -9999 -9999 -9999 -9999 -9999 -9999 -9999 -9999 -9999 -9999 -9999 -9999 -9999 -9999 -9999 256 259 267 282 296 300 288 285 301 302 299 302 016 306 311 327 327 006 006 274 284 284 305 005 006 278 316 319 334 025 057 -9999 -9999 -9999 -9999 -9999 349 006 221 341 353 012
-9999 -9999 -9999 -9999 -9999 -9999 -9999 -9999 -9999 -9999 -9999 -9999 -9999 -9999 -9999 -9999 -9999 -9999 -9999 -9999 -9999 -9999 -9999 -9999 -9999 -9999 -9999 -9999 -9999 -9999 -9999 -9999 -9999 -9999 -9999 275 260 276 270 269 273 285 285 301 303 299 299 036 308 310 326 325 006 005 274 275 285 301 000 000 282 320 325 330 358 005 -9999 -9999 -9999 329 321 021 021 292 285 287 011
-9999 -9999 -9999 -9999 -9999 -9999 -9999 -9999 -9999 -9999 -9999 -9999 -9999 -9999 -9999 -9999 -9999 -9999 -9999 -9999 -9999 -9999 -9999 -9999 -9999 -9999 -9999 -9999 -9999 -9999 -9999 -9999 -9999 -9999 -9999 274 278 275 270 269 276 285 284 280 303 303 044 308 310 326 325 021 006 006 274 275 283 297 356 354 289 328 332 333 332 052 -9999 -9999 323 321 317 313 302 013 283 292 322
-9999 -9999 -9999 -9999 -9999 -9999 -9999 -9999 -9999 -9999 -9999 -9999 -9999 -9999 -9999 -9999 -9999 -9999 -9999 -9999 -9999 -9999 -9999 -9999 -9999 -9999 -9999 -9999 -9999 -9999 -9999 -9999 -9999 -9999 -9999 275 278 275 268 267 278 272 284 280 303 304 020 286 311 325 320 032 031 063 283 275 282 291 347 347 296 333 332 332 007 024 -9999 322 321 316 313 306 300 335 351 339 336
-9999 -9999 -9999 -9999 -9999 -9999 -9999 -9999 -9999 -9999 -9999 -9999 -9999 -9999 -9999 -9999 -9999 -9999 -9999 -9999 -9999 -9999 -9999 -9999 -9999 -9999 -9999 -9999 -9999 -9999 -9999 -9999 -9999 -9999 -9999 275 252 260 299 267 278 272 272 279 271 296 353 287 312 319 042 041 048 050 283 281 277 284 346 337 300 331 331 333 358 358 075 309 313 310 307 294 272 305 322 312 305
-9999 -9999 -9999 -9999 -9999 -9999 -9999 -9999 -9999 -9999 -9999 -9999 -9999 -9999 -9999 -9999 -9999 -9999 -9999 -9999 -9999 -9999 -9999 -9999 -9999 -9999 -9999 -9999 -9999 -9999 -9999 -9999 -9999 -9999 -9999 296 288 286 296 295 285 272 272 275 272 284 323 288 316 315 045 043 041 068 282 276 277 280 330 313 302 331 334 352 352 052 075 314 312 304 297 290 272 288 302 305 217
-9999 -9999 -9999 -9999 -9999 -9999 -9999 -9999 -9999 -9999 -9999 -9999 -9999 -9999 -9999 -9999 -9999 -9999 -9999 -9999 -9999 -9999 -9999 -9999 -9999 -9999 -9999 -9999 -9999 -9999 -9999 -9999 -9999 -9999 -9999 299 303 285 279 294 284 281 272 275 283 286 322 289 315 071 056 045 070 062 280 276 277 278 260 302 305 340 344 346 015 027 -9999 312 311 298 284 285 284 292 307 207 263
-9999 -9999 -9999 -9999 -9999 -9999 -9999 -9999 -9999 -9999 -9999 -9999 -9999 -9999 -9999 -9999 -9999 -9999 -9999 -9999 -9999 -9999 -9999 -9999 -9999 -9999 -9999 -9999 -9999 -9999 -9999 -9999 -9999 -9999 308 302 307 315 277 273 269 271 277 276 283 289 324 289 307 069 071 114 076 146 279 206 204 212 249 270 291 339 339 009 009 009 -9999 287 302 258 248 271 287 251 248 245 164
-9999 -9999 -9999 -9999 -9999 -9999 -9999 -9999 -9999 -9999 -9999 -9999 -9999 -9999 -9999 -9999 -9999 -9999 -9999 -9999 -9999 -9999 -9999 -9999 -9999 -9999 -9999 -9999 -9999 -9999 -9999 -9999 -9999 308 303 289 315 310 277 273 269 271 272 276 283 286 328 291 294 058 099 124 151 151 207 217 205 173 159 269 335 335 013 013 013 342 285 218 212 273 248 271 265 251 248 246 148
-9999 -9999 -9999 -9999 -9999 -9999 -9999 -9999 -9999 -9999 -9999 -9999 -9999 -9999 -9999 -9999 -9999 -9999 -9999 -9999 -9999 -9999 -9999 -9999 -9999 -9999 -9999 -9999 -9999 -9999 -9999 -9999 -9999 284 289 287 297 297 299 253 269 271 272 277 283 287 328 292 004 019 114 -9999 -9999 -9999 -9999 -9999 176 172 -9999 263 321 016 016 016 349 349 229 227 275 273 303 281 265 256 248 246 150
-9999 -9999 -9999 -9999 -9999 -9999 -9999 -9999 -9999 -9999 -9999 -9999 -9999 -9999 -9999 -9999 -9999 -9999 -9999 -9999 -9999 -9999 -9999 -9999 -9999 -9999 -9999 -9999 -9999 -9999 -9999 -9999 -9999 286 289 285 288 297 283 253 241 240 272 277 265 287 300 291 266 316 274 341 321 -9999 -9999 -9999 -9999 -9999 -9999 296 308 340 340 343 336 080 229 271 323 303 293 284 265 256 247 238 147
-9999 -9999 -9999 -9999 -9999 -9999 -9999 -9999 -9999 -9999 -9999 -9999 -9999 -9999 -9999 -9999 -9999 -9999 -9999 -9999 -9999 -9999 -9999 -9999 -9999 -9999 -9999 -9999 -9999 -9999 -9999 -9999 -9999 284 284 294 280 211 208 218 232 239 239 232 241 257 278 281 268 295 274 301 047 -9999 -9999 -9999 044 -9999 323 286 298 349 334 332 002 080 296 299 302 296 293 281 254 255 247 147 148
-9999 -9999 -9999 -9999 -9999 -9999 -9999 -9999 -9999 -9999 -9999 -9999 -9999 -9999 -9999 -9999 -9999 -9999 -9999 -9999 -9999 -9999 -9999 -9999 -9999 -9999 -9999 -9999 -9999 -9999 -9999 -9999 291 283 286 208 209 214 213 208 218 232 240 230 232 255 282 275 268 269 275 009 029 -9999 344 354 044 339 109 296 306 311 329 338 085 -9999 299 285 293 298 287 253 255 228 245 148 178
-9999 -9999 -9999 -9999 -9999 -9999 -9999 -9999 -9999 -9999 -9999 -9999 -9999 -9999 -9999 -9999 -9999 -9999 -9999 -9999 -9999 -9999 -9999 -9999 -9999 -9999 -9999 -9999 -9999 -9999 -9999 311 296 283 222 224 208 208 170 272 260 261 241 234 285 269 233 221 239 266 282 339 321 015 023 333 348 354 -9999 298 310 312 322 023 102 -9999 252 289 280 282 251 252 177 225 228 -9999 243
-9999 -9999 -9999 -9999 -9999 -9999 -9999 -9999 -9999 -9999 -9999 -9999 -9999 -9999 -9999 -9999 -9999 -9999 -9999 -9999 -9999 -9999 -9999 -9999 -9999 -9999 -9999 -9999 -9999 -9999 316 304 290 246 229 224 216 196 237 272 259 261 249 310 269 252 248 231 218 267 287 271 290 333 298 350 338 321 332 306 312 311 345 329 056 -9999 -9999 270 280 246 247 251 173 166 006 286 257
-9999 -9999 -9999 -9999 -9999 -9999 -9999 -9999 -9999 -9999 -9999 -9999 -9999 -9999 -9999 -9999 -9999 -9999 -9999 -9999 -9999 -9999 -9999 -9999 -9999 -9999 -9999 -9999 -9999 321 306 245 251 256 241 261 239 200 221 294 307 297 255 232 241 251 254 229 246 266 265 271 267 308 284 329 321 331 331 341 311 308 321 022 046 -9999 -9999 270 279 247 246 199 144 333 307 281 227
-9999 -9999 -9999 -9999 -9999 -9999 -9999 -9999 -9999 -9999 -9999 -9999 -9999 -9999 -9999 -9999 -9999 -9999 -9999 -9999 -9999 -9999 -9999 -9999 -9999 -9999 -9999 -9999 315 213 221 233 249 253 271 261 172 309 300 302 297 275 265 244 236 250 219 216 229 264 266 271 265 268 280 322 325 332 339 338 281 306 357 357 356 -9999 279 293 266 247 201 201 115 312 285 210 224
-9999 -9999 -9999 -9999 -9999 -9999 -9999 -9999 -9999 -9999 -9999 -9999 -9999 -9999 -9999 -9999 -9999 -9999 -9999 -9999 -9999 -9999 -9999 -9999 -9999 -9999 -9999 -9999 198 190 203 219 315 262 263 270 279 285 294 210 206 215 214 216 218 222 220 219 214 262 243 241 247 264 279 332 329 312 337 338 282 303 335 310 097 -9999 296 286 266 247 200 126 092 253 196 196 196
-9999 -9999 -9999 -9999 -9999 -9999 -9999 -9999 -9999 -9999 -9999 -9999 -9999 -9999 -9999 -9999 -9999 -9999 -9999 -9999 -9999 -9999 -9999 -9999 -9999 -9999 -9999 -9999 -9999 -9999 277 271 267 197 255 270 279 287 200 206 209 210 207 215 234 235 222 295 289 252 245 241 240 261 279 255 312 287 341 333 284 292 310 015 -9999 -9999 268 286 240 168 168 122 092 -9999 205 202 200
-9999 -9999 -9999 -9999 -9999 -9999 -9999 -9999 -9999 -9999 -9999 -9999 -9999 -9999 -9999 -9999 -9999 -9999 -9999 -9999 -9999 -9999 -9999 -9999 -9999 -9999 -9999 -9999 -9999 -9999 276 187 275 271 273 260 198 194 194 196 233 232 210 191 271 259 263 259 244 259 246 243 240 240 239 251 254 278 317 299 286 301 314 318 -9999 -9999 266 177 175 182 182 115 092 -9999 240 196 196
-9999 -9999 -9999 -9999 -9999 -9999 -9999 -9999 -9999 -9999 -9999 -9999 -9999 -9999 -9999 -9999 -9999 -9999 -9999 -9999 -9999 -9999 -9999 -9999 -9999 -9999 -9999 -9999 -9999 -9999 308 290 275 271 273 233 226 216 201 201 219 237 232 140 271 260 262 259 246 250 253 242 241 239 240 241 244 270 275 300 287 314 314 345 -9999 -9999 266 174 210 209 197 123 -9999 -9999 201 202 203
-9999 -9999 -9999 -9999 -9999 -9999 -9999 -9999 -9999 -9999 -9999 -9999 -9999 -9999 -9999 -9999 -9999 -9999 -9999 -9999 -9999 -9999 -9999 -9999 -9999 -9999 -9999 -9999 -9999 327 301 280 274 234 233 222 233 226 181 181 193 193 -9999 -9999 262 275 260 246 254 252 256 241 246 240 240 224 240 238 275 315 291 314 316 101 -9999 -9999 266 129 -9999 222 209 131 -9999 -9999 200 201 201
-9999 -9999 -9999 -9999 -9999 -9999 -9999 -9999 -9999 -9999 -9999 -9999 -9999 -9999 -9999 -9999 -9999 -9999 -9999 -9999 -9999 -9999 -9999 -9999 -9999 -9999 -9999 -9999 279 290 300 308 256 234 234 233 222 196 183 183 152 124 -9999 277 272 264 262 262 256 252 232 230 241 245 198 205 300 016 291 343 295 316 050 113 -9999 -9999 129 109 -9999 230 135 -9999 -9999 268 201 201 126
-9999 -9999 -9999 -9999 -9999 -9999 -9999 -9999 -9999 -9999 -9999 -9999 -9999 -9999 -9999 -9999 -9999 -9999 -9999 -9999 -9999 -9999 -9999 -9999 -9999 -9999 -9999 -9999 261 290 308 281 256 238 236 234 199 211 211 152 141 109 -9999 278 333 280 262 262 258 223 237 249 240 246 268 274 288 314 268 319 297 296 349 -9999 -9999 -9999 199 170 078 237 -9999 -9999 296 268 223 201 127
-9999 -9999 -9999 -9999 -9999 -9999 -9999 -9999 -9999 -9999 -9999 -9999 -9999 -9999 -9999 -9999 -9999 -9999 -9999 -9999 -9999 -9999 -9999 -9999 -9999 -9999 -9999 -9999 261 290 204 217 236 236 238 236 295 358 197 168 170 -9999 292 278 272 253 260 262 260 202 237 238 244 253 267 274 286 296 268 255 295 290 303 317 -9999 -9999 244 199 082 -9999 -9999 308 272 268 222 223 136
-9999 -9999 -9999 -9999 -9999 -9999 -9999 -9999 -9999 -9999 -9999 -9999 -9999 -9999 -9999 -9999 -9999 -9999 -9999 -9999 -9999 -9999 -9999 -9999 -9999 -9999 -9999 -9999 228 201 196 202 258 236 238 296 311 316 321 003 005 024 289 277 272 291 297 295 290 282 246 247 258 257 265 243 212 198 202 231 280 296 318 329 330 279 246 113 118 -9999 294 264 279 220 220 136 125
-9999 -9999 -9999 -9999 -9999 -9999 -9999 -9999 -9999 -9999 -9999 -9999 -9999 -9999 -9999 -9999 -9999 -9999 -9999 -9999 -9999 -9999 -9999 -9999 -9999 -9999 -9999 -9999 -9999 333 314 282 258 315 291 296 309 321 336 336 333 297 279 262 283 292 266 292 277 258 248 246 223 227 242 243 240 212 209 120 283 320 320 321 302 236 242 117 116 302 282 264 208 220 220 135 110
-9999 -9999 -9999 -9999 -9999 -9999 -9999 -9999 -9999 -9999 -9999 -9999 -9999 -9999 -9999 -9999 -9999 -9999 -9999 -9999 -9999 -9999 -9999 -9999 -9999 -9999 -9999 -9999 -9999 251 304 207 226 263 293 302 244 236 245 258 265 280 256 259 283 293 266 253 254 254 282 321 292 221 227 235 241 185 198 104 217 212 207 211 217 236 236 123 292 213 248 207 206 208 208 125 133
-9999 -9999 -9999 -9999 -9999 -9999 -9999 -9999 -9999 -9999 -9999 -9999 -9999 -9999 -9999 -9999 -9999 -9999 -9999 -9999 -9999 -9999 -9999 -9999 -9999 -9999 -9999 -9999 -9999 -9999 -9999 191 192 245 245 249 244 235 236 258 265 280 266 269 256 238 252 265 248 277 286 291 284 299 019 231 236 162 152 282 238 218 204 144 -9999 251 236 129 174 163 138 -9999 207 202 206 133 135
-9999 -9999 -9999 -9999 -9999 -9999 -9999 -9999 -9999 -9999 -9999 -9999 -9999 -9999 -9999 -9999 -9999 -9999 -9999 -9999 -9999 -9999 -9999 -9999 -9999 -9999 -9999 -9999 -9999 -9999 -9999 -9999 -9999 244 244 245 227 237 236 245 265 233 253 268 256 245 239 252 272 277 284 295 289 287 356 343 303 335 314 259 251 212 147 111 -9999 265 136 168 168 138 -9999 -9999 309 214 199 135 135
-9999 -9999 -9999 -9999 -9999 -9999 -9999 -9999 -9999 -9999 -9999 -9999 -9999 -9999 -9999 -9999 -9999 -9999 -9999 -9999 -9999 -9999 -9999 -9999 -9999 -9999 -9999 -9999 -9999 -9999 -9999 -9999 -9999 214 215 216 220 219 220 237 199 208 233 268 200 217 239 252 269 279 286 289 290 275 327 310 292 299 292 261 179 178 176 -9999 -9999 265 147 170 170 -9999 -9999 -9999 276 245 214 140 136
