inputs/landscapes/Bridge2021-elevation.asc
ncols        670
nrows        670
xllcorner    -2135655.000000000000
yllcorner    2037645.000000000000
cellsize     30.000000000000
NODATA_value -32768
[rows 504 to 545 of 670, columns 470 to 563 of 670]
459 454 450 449 451 451 448 443 441 444 450 456 465 475 487 498 515 529 541 547 539 528 516 505 495 488 487 488 487 492 500 508 519 529 539 552 561 568 571 572 574 575 573 568 562 552 545 539 536 540 547 553 559 561 558 553 547 538 528 520 514 510 506 503 501 498 495 496 501 508 516 523 523 515 501 495 495 499 499 495 489 485 485 489 492 496 500 504 513 522 534 546 557 564
461 454 451 448 448 447 445 441 440 444 450 456 465 471 482 496 512 527 540 550 545 532 520 509 499 491 488 491 491 493 497 502 512 524 533 543 552 557 559 562 565 567 566 563 557 548 545 542 539 544 550 557 563 563 557 550 544 535 525 518 512 509 505 501 499 496 492 490 495 503 508 514 516 508 496 491 489 493 494 490 486 483 484 487 489 494 497 501 509 518 526 538 548 556
456 452 450 448 447 447 447 442 439 441 447 452 458 465 479 493 509 522 531 539 542 533 520 510 502 495 491 494 500 500 498 499 506 514 525 533 539 544 547 550 556 559 560 558 554 549 547 546 546 547 554 561 563 562 554 547 541 531 522 514 511 508 505 502 498 494 490 487 487 494 500 504 505 499 494 488 487 488 489 487 483 481 483 486 488 492 495 498 504 515 525 534 540 548
451 451 450 448 447 449 451 446 439 439 441 446 451 461 475 489 503 515 520 527 539 532 519 510 503 497 495 496 500 503 504 506 508 510 514 522 528 532 537 541 548 554 555 556 555 552 552 552 550 549 557 563 563 561 554 546 540 532 523 513 510 507 505 502 499 493 489 487 485 486 491 494 497 496 491 487 485 485 485 484 481 480 483 486 489 492 496 500 511 525 536 544 550 557
453 452 451 448 447 449 452 450 441 438 438 442 450 463 474 486 497 504 509 516 527 528 520 511 505 499 497 497 499 506 511 515 517 517 516 520 523 528 535 536 544 550 551 555 557 557 558 558 555 555 560 563 563 561 554 547 541 533 525 514 510 507 503 501 497 492 488 487 485 485 486 488 492 492 490 487 484 482 481 480 479 479 483 486 489 493 497 505 517 530 543 555 565 570
457 455 452 449 445 445 450 453 445 438 437 441 453 464 472 481 487 488 496 507 521 528 525 516 507 500 498 497 500 509 517 524 528 528 528 529 535 538 540 541 545 549 550 556 560 563 564 564 561 560 562 563 563 559 554 548 541 533 524 514 510 507 503 500 497 494 490 488 486 485 485 487 488 490 489 486 483 478 477 478 477 480 483 487 491 495 500 508 519 532 544 558 569 576
462 458 452 448 442 440 444 448 445 438 437 441 451 460 466 471 476 481 490 505 520 530 533 523 511 504 500 498 503 513 520 529 535 539 540 541 544 546 548 551 553 555 555 558 563 568 568 567 565 564 564 563 561 556 551 545 538 529 521 513 510 509 507 503 501 496 491 488 487 486 485 486 487 488 489 486 481 477 476 476 476 479 483 487 492 498 503 511 522 534 546 556 568 577
465 460 454 449 443 439 438 439 441 438 437 441 448 452 456 462 466 476 488 503 517 529 537 528 513 507 503 500 503 515 523 532 542 550 552 550 552 555 558 561 562 562 561 562 570 575 574 572 570 569 566 561 559 554 548 540 532 525 520 515 512 513 512 506 501 497 491 488 489 487 486 484 485 486 487 484 479 477 475 474 476 480 484 488 494 500 507 515 525 534 544 554 562 575
468 463 457 451 446 441 438 438 437 436 436 439 443 449 451 457 462 475 489 502 510 522 528 525 515 509 505 504 507 514 523 534 544 555 561 562 562 563 565 570 570 568 567 569 575 581 581 577 575 573 568 564 560 554 548 537 530 524 522 521 521 518 514 507 500 498 496 494 493 490 486 483 482 483 484 480 476 473 472 476 478 481 486 489 495 501 508 516 523 531 539 550 559 570
472 465 459 454 450 444 439 439 437 435 436 439 445 453 461 467 471 479 488 496 502 515 521 520 515 510 507 508 511 515 523 532 542 556 565 572 571 566 566 573 575 571 569 571 577 586 588 585 581 576 571 566 562 556 548 538 533 527 525 527 526 521 513 506 501 501 501 501 498 493 487 482 477 482 484 480 476 471 475 477 479 482 486 490 494 500 505 512 518 525 531 544 556 564
476 469 462 456 451 447 445 446 442 437 436 441 447 455 464 468 476 480 485 490 498 507 512 513 511 507 507 509 514 519 523 531 542 556 567 572 569 562 560 563 570 568 567 569 575 584 589 591 587 579 573 569 563 556 549 544 537 531 530 530 527 522 514 509 506 505 503 503 501 496 490 482 476 482 489 484 475 472 477 478 479 482 486 489 491 496 502 507 513 520 527 538 549 557
481 471 464 457 451 451 452 452 450 440 435 440 442 450 458 465 471 475 482 490 493 496 498 500 501 501 504 509 517 525 530 537 544 558 565 567 563 556 554 559 564 564 562 561 568 578 589 597 594 585 577 571 564 560 555 548 540 535 535 533 528 522 516 513 511 507 502 501 501 498 490 482 475 480 489 487 475 469 475 476 477 481 484 486 488 494 500 505 510 517 525 534 543 551
483 472 465 458 453 453 454 454 454 443 434 436 439 446 453 458 462 472 481 487 487 488 491 490 491 496 500 509 519 527 533 542 550 558 562 563 558 551 549 554 557 558 557 558 564 576 588 600 599 591 583 576 570 566 560 550 542 538 540 538 531 525 521 517 514 508 501 498 498 495 489 481 475 479 489 486 475 466 471 474 477 480 484 488 488 492 498 502 509 514 521 527 537 548
481 472 464 458 454 453 452 452 452 444 435 434 437 441 444 447 456 470 478 480 479 481 483 485 489 495 500 509 518 527 534 543 552 555 557 558 555 550 546 548 550 548 553 559 567 576 585 599 602 599 592 583 576 569 561 549 544 543 548 545 538 531 526 520 516 509 501 494 491 491 486 479 474 478 484 483 472 465 469 474 477 480 484 488 490 494 499 503 510 514 520 527 538 551
476 468 462 456 451 449 445 445 446 443 435 433 436 437 438 440 450 459 465 470 473 475 477 486 495 503 512 515 520 527 534 541 548 551 552 552 550 545 539 542 545 546 551 557 566 576 584 596 605 605 599 588 578 569 560 549 546 547 551 549 542 535 528 521 514 507 500 491 487 485 480 476 474 474 477 479 469 463 468 473 476 479 483 487 489 494 500 505 512 517 523 530 540 551
467 463 460 455 451 447 441 439 440 440 435 433 435 438 439 442 450 459 467 472 475 476 478 487 499 512 517 520 523 528 533 538 543 546 547 546 544 538 535 537 541 545 547 557 565 574 583 594 608 611 603 589 578 569 560 553 548 544 546 548 541 534 526 518 511 502 496 490 486 482 478 476 475 473 473 474 467 463 467 471 475 479 482 485 487 493 499 507 513 517 523 531 540 548
460 458 457 455 454 453 450 443 438 437 434 432 436 442 449 453 458 470 479 484 487 488 484 488 502 515 522 523 525 526 529 534 537 539 540 540 537 534 534 537 541 546 552 563 574 584 592 599 610 613 608 593 582 572 564 555 546 538 539 541 535 530 522 514 507 502 496 490 487 482 478 477 476 472 469 469 465 463 466 472 476 479 482 485 489 496 502 509 514 517 521 528 537 543
453 453 453 452 453 454 455 451 441 437 433 431 436 444 453 461 468 478 490 495 497 497 494 493 505 521 526 526 526 525 524 528 533 535 535 534 532 531 533 537 542 549 557 569 580 592 600 605 610 613 612 599 588 576 565 555 544 536 533 533 529 523 515 508 504 500 494 490 488 480 476 474 473 470 464 465 464 462 465 471 476 479 482 486 491 499 503 507 512 514 518 523 530 535
448 449 449 448 451 454 456 455 444 436 433 431 435 441 448 459 473 485 497 502 503 502 501 501 510 524 528 527 525 521 520 524 528 530 531 530 526 527 532 536 542 550 559 570 581 594 601 604 609 613 612 602 589 577 565 554 543 534 527 524 520 513 506 501 497 490 488 487 485 481 479 478 477 475 468 464 462 461 465 469 474 479 484 487 490 498 501 503 507 511 516 520 524 532
443 445 445 442 445 451 454 455 444 436 432 431 434 437 446 455 470 488 500 502 502 502 499 501 510 520 523 521 517 514 517 522 526 528 529 527 524 526 532 536 542 548 559 570 579 588 596 600 606 612 610 599 586 575 562 551 542 531 523 521 514 511 504 500 496 491 488 487 486 487 488 490 489 484 476 467 462 461 464 469 474 480 486 490 492 496 498 498 503 508 514 518 523 534
439 442 442 439 438 444 450 453 446 436 432 430 433 438 447 462 475 486 495 497 497 496 493 494 504 512 513 509 508 510 515 520 524 526 527 526 522 526 535 542 549 552 559 567 573 578 586 593 599 605 603 590 578 569 559 548 537 529 527 528 527 523 516 509 504 500 496 494 495 497 499 499 497 491 484 475 466 460 464 468 473 479 487 490 492 494 494 496 500 506 511 517 525 537
438 441 441 439 437 438 443 447 445 439 433 429 432 437 445 459 470 479 486 490 491 489 484 486 496 502 504 500 502 508 514 518 521 525 526 523 520 525 534 544 550 553 558 563 566 570 576 581 586 592 590 577 570 564 555 545 536 535 537 538 539 536 530 520 513 508 506 505 505 505 506 504 501 495 489 481 470 461 463 467 471 476 484 489 491 491 490 492 498 502 508 516 526 538
443 444 442 439 436 434 436 440 442 440 433 429 431 435 440 451 461 469 476 481 482 480 475 482 488 492 494 495 499 505 511 516 520 524 525 522 518 523 531 540 548 552 555 558 558 560 566 571 574 578 578 569 561 557 551 545 541 541 545 548 549 548 544 534 523 518 516 515 514 512 510 507 502 496 490 483 473 461 462 466 469 473 482 489 490 489 487 489 495 499 506 514 525 537
446 450 445 438 434 430 430 435 437 437 432 428 429 433 437 443 450 457 461 465 467 466 470 477 483 485 487 493 499 504 511 515 520 524 526 525 517 520 527 535 542 548 551 552 548 549 556 562 564 565 566 561 551 546 542 541 542 545 550 552 552 552 549 542 534 529 527 526 522 518 515 510 502 496 488 479 468 460 460 465 468 472 478 488 489 487 487 490 496 500 506 511 523 533
448 454 449 441 434 428 426 428 431 431 429 428 428 430 434 438 442 445 448 450 453 464 475 480 483 486 489 495 501 508 513 516 520 524 526 526 519 518 523 529 536 542 545 545 539 541 548 555 556 554 555 553 543 535 533 537 540 545 549 551 552 551 548 544 539 537 535 532 526 521 517 512 504 496 487 480 470 461 459 463 467 471 477 487 489 483 486 491 497 503 508 513 522 530
446 455 454 445 436 429 422 421 425 427 428 428 427 427 430 432 436 437 438 445 457 473 481 485 486 488 490 496 502 511 515 518 520 522 524 524 514 515 520 524 529 533 536 535 534 534 547 553 551 545 544 543 535 526 526 532 537 541 546 548 549 548 544 539 538 539 539 537 529 522 515 510 503 497 490 481 472 462 458 462 466 470 475 487 486 477 484 492 498 504 511 515 520 525
439 452 455 447 436 428 417 415 418 421 424 424 423 424 426 427 435 440 445 454 466 478 487 489 489 488 487 494 503 511 516 518 519 519 518 516 510 513 517 521 524 526 528 526 530 536 545 549 545 536 532 529 524 520 521 526 531 537 540 543 544 543 538 534 533 534 536 533 528 519 510 506 501 495 489 480 471 463 457 460 464 467 473 481 479 475 483 491 497 503 509 514 516 520
431 442 446 440 432 423 414 410 411 413 414 415 418 423 425 429 437 443 448 457 471 483 490 491 489 486 487 495 504 512 518 520 519 515 512 508 508 513 516 519 521 522 523 523 527 536 541 541 537 530 523 520 518 516 516 520 525 531 536 538 540 538 534 529 526 525 526 526 523 516 507 501 496 491 485 477 469 463 457 458 462 462 468 475 474 473 478 488 494 500 505 509 511 515
422 428 430 427 422 414 407 410 412 415 418 420 424 428 430 432 437 441 446 455 468 481 488 489 486 478 483 493 502 513 523 525 519 512 504 502 507 512 514 516 520 522 522 523 527 534 536 535 532 528 521 514 513 512 511 514 519 523 527 532 534 532 526 523 520 519 520 520 518 513 503 496 491 485 480 473 466 461 457 456 459 461 463 468 470 471 475 482 488 496 499 502 507 512
414 417 417 415 411 405 410 418 424 428 433 436 437 438 436 433 435 437 440 449 462 476 482 484 480 474 479 488 497 506 515 520 517 510 500 501 504 508 512 517 522 523 524 525 528 531 531 530 527 525 517 510 507 506 506 510 513 517 522 527 529 527 522 518 515 514 515 515 512 506 499 490 485 480 475 468 463 460 457 455 457 459 462 465 467 471 478 484 489 498 500 501 506 509
407 409 408 404 401 407 416 425 432 439 441 443 442 441 437 431 432 435 438 448 459 470 474 475 473 470 474 482 490 497 505 510 511 505 497 498 500 503 512 517 524 525 525 526 527 528 527 525 521 515 511 505 501 501 501 505 508 511 516 522 526 525 520 516 511 509 508 507 502 497 492 486 478 474 472 467 465 462 457 454 456 458 461 463 463 469 479 489 497 504 509 508 508 508
400 398 397 400 405 415 420 425 430 436 438 439 438 436 432 427 428 432 437 445 454 459 462 464 462 464 470 477 484 490 496 500 500 497 493 497 499 500 510 516 522 525 525 526 526 526 524 523 518 514 513 507 501 499 499 501 504 507 512 518 523 522 518 515 510 503 501 500 496 491 486 484 480 479 475 472 470 465 459 454 455 457 459 461 462 468 477 488 496 505 513 513 511 507
394 393 399 407 414 420 421 423 425 428 430 430 429 428 427 424 426 430 434 440 447 448 447 452 456 460 465 470 477 482 487 489 488 490 497 504 505 504 510 514 519 522 523 525 526 525 524 523 524 523 519 515 508 501 498 498 500 504 509 512 514 514 515 513 510 505 500 499 496 491 489 490 489 486 480 478 476 467 459 453 454 456 458 460 463 467 473 482 492 502 511 514 513 509
391 395 404 409 414 418 418 418 419 420 421 421 421 422 422 421 425 428 430 432 435 435 437 444 449 455 461 466 470 474 477 480 486 497 509 516 515 509 511 514 518 521 523 525 526 526 525 525 525 525 522 517 512 503 499 498 498 501 504 507 509 510 511 510 508 506 503 502 499 497 499 503 500 493 485 481 477 468 459 453 453 455 457 459 462 466 471 477 487 496 507 514 514 509
391 395 400 406 407 409 410 410 409 410 413 415 416 417 417 418 422 425 425 426 432 439 441 444 451 460 468 473 473 472 476 485 497 505 513 517 520 519 515 516 519 521 524 526 526 526 526 525 524 524 521 516 512 504 499 498 498 499 501 503 505 505 506 506 506 506 505 505 505 505 510 513 510 498 488 483 477 467 459 453 451 453 455 458 461 465 470 476 486 494 503 513 514 508
389 391 394 399 400 401 403 404 404 407 410 411 413 415 417 418 420 422 424 428 436 443 451 456 460 468 479 484 479 475 480 488 494 500 510 517 524 525 518 517 519 521 523 525 526 526 526 525 522 520 518 514 510 502 499 498 497 497 498 500 501 501 501 502 504 505 506 508 510 512 515 515 509 498 487 479 473 463 459 454 451 451 454 457 461 465 469 474 483 492 500 512 514 508
392 394 395 396 398 401 405 409 414 416 416 417 417 417 421 427 429 425 425 429 435 442 453 462 467 474 484 487 480 477 481 486 487 492 505 515 520 521 517 517 519 521 523 524 526 526 526 524 517 515 515 511 506 501 499 498 497 497 497 498 498 498 499 500 502 503 505 508 512 514 515 503 497 490 482 473 465 461 460 455 450 450 453 455 459 463 467 474 482 490 497 510 515 511
397 400 402 401 401 404 411 418 426 430 430 428 426 424 429 436 439 433 428 429 433 440 449 456 462 470 479 482 478 476 481 489 491 492 502 514 515 513 513 517 520 522 523 525 525 525 523 519 513 512 511 506 501 499 499 498 497 497 497 497 497 497 497 498 500 500 502 506 509 512 514 507 494 483 475 472 468 467 465 461 453 449 451 453 456 461 466 473 481 490 498 508 514 513
401 405 405 404 404 406 413 422 433 442 446 443 437 435 437 442 447 444 436 431 432 437 442 446 452 462 472 477 476 473 479 489 499 501 501 506 503 505 513 517 521 522 524 525 525 525 521 516 512 510 508 502 502 504 505 503 500 498 497 496 495 495 495 496 497 498 500 503 505 506 508 505 495 484 476 475 476 478 476 469 459 450 449 450 454 459 464 471 479 487 496 505 512 512
406 409 409 409 407 408 414 422 436 448 454 453 447 444 446 448 452 455 450 442 436 436 438 441 444 456 466 473 473 471 477 488 502 510 504 500 495 503 513 520 524 524 525 526 525 524 520 515 511 510 511 513 513 514 514 512 506 500 498 495 494 493 494 495 496 496 498 500 500 499 500 499 494 486 478 478 483 485 483 477 466 454 448 448 453 456 461 468 476 484 492 500 506 508
408 410 411 415 415 415 420 426 437 449 460 460 456 454 456 457 458 462 458 449 441 439 439 440 442 452 462 469 469 468 475 484 500 511 503 490 491 503 512 519 523 525 526 526 525 522 517 512 510 512 519 523 525 524 522 519 512 503 498 495 491 490 492 493 494 494 493 491 492 492 493 491 488 482 477 479 486 490 489 482 473 460 451 447 451 452 457 465 471 478 485 492 499 503
405 406 406 411 420 422 424 428 436 447 457 460 460 460 461 462 462 466 465 452 447 447 446 443 443 448 457 459 464 468 479 488 499 504 494 485 493 503 512 519 523 524 525 526 526 523 516 511 513 520 528 535 538 535 530 524 516 506 499 495 490 489 490 492 492 492 491 487 485 484 484 483 480 475 472 475 480 485 484 481 475 463 455 447 447 449 454 461 467 472 478 485 492 498
