inputs/landscapes/Bridge2021-aspect.asc
ncols        670
nrows        670
xllcorner    -2135655.000000000000
yllcorner    2037645.000000000000
cellsize     30.000000000000
NODATA_value -32768
[rows 396 to 439 of 670, columns 288 to 383 of 670]
349 354 353 351 334 306 300 314 338 4 343 316 314 310 300 302 337 23 16 345 335 321 312 331 17 41 54 67 78 84 84 52 0 8 25 43 49 315 272 272 284 327 24 39 37 9 322 312 339 57 91 105 114 105 80 342 286 279 284 315 23 42 46 41 351 298 296 296 298 300 299 300 315 3 49 95 122 133 142 130 110 98 286 307 16 59 74 90 101 200 253 252 -1 73 93 99
350 355 356 359 355 317 289 294 318 357 345 319 317 320 316 313 329 7 5 343 339 334 327 345 29 48 56 64 68 70 67 19 331 17 54 63 60 -1 269 265 265 280 9 43 44 18 328 313 -1 98 99 102 107 95 48 353 291 276 273 284 350 38 47 45 19 304 292 297 299 302 309 313 325 -1 98 112 117 120 130 121 77 35 302 294 351 64 77 84 88 -1 250 247 239 99 103 105
348 356 357 6 16 354 297 282 291 329 334 318 315 317 317 312 315 346 357 341 333 333 339 6 38 49 55 61 64 68 67 19 310 86 88 80 66 25 272 260 253 248 233 71 55 26 343 -1 140 123 105 99 94 34 14 10 295 274 271 277 310 27 45 44 34 331 282 280 282 285 297 312 0 92 105 100 93 81 41 14 21 25 341 285 -1 84 84 79 77 71 235 231 205 148 126 110
343 356 359 16 32 15 327 290 277 283 295 293 289 285 282 282 285 305 340 335 324 325 343 27 51 57 63 68 71 72 62 26 15 90 91 75 49 24 294 263 256 249 244 -1 60 45 66 118 135 142 128 110 92 330 0 33 302 271 270 272 282 0 42 45 39 11 294 268 265 271 282 303 49 86 86 70 59 31 2 5 23 43 35 266 198 103 87 72 69 66 -1 219 200 167 143 -1
337 356 11 38 42 16 345 320 304 286 266 255 251 251 257 269 276 284 309 326 321 324 350 45 63 70 73 72 71 68 56 38 51 77 74 50 34 29 339 274 267 268 276 338 53 70 100 117 124 136 135 109 69 305 341 36 350 276 268 266 270 302 37 46 45 31 332 275 264 267 275 292 57 63 42 45 45 6 351 14 48 69 74 -1 -1 97 77 62 58 45 18 341 327 351 0 351
325 4 42 55 35 8 344 332 334 330 299 269 265 267 270 275 278 278 285 304 313 322 5 54 70 73 72 69 65 63 60 55 59 60 42 29 32 36 8 280 267 265 271 -1 77 94 105 107 92 73 57 57 30 298 312 25 20 289 268 265 264 270 7 44 48 43 8 302 281 277 278 289 36 40 29 43 43 6 345 60 85 91 96 -1 -1 56 51 57 58 47 20 351 350 6 23 23
278 -1 70 51 14 359 344 332 339 348 344 310 290 283 277 272 270 269 270 276 289 308 18 65 74 72 66 64 65 65 64 58 51 40 23 23 32 40 19 293 272 264 255 212 124 109 94 55 34 36 43 50 39 302 299 11 38 309 271 267 266 270 306 30 46 46 29 316 294 288 284 293 3 28 37 61 80 122 167 144 117 105 96 304 343 21 38 57 70 67 19 347 0 23 51 62
248 -1 54 25 349 348 348 341 342 348 352 329 295 278 270 262 255 255 260 266 276 299 25 67 70 61 52 53 57 61 59 49 41 31 21 27 36 45 26 304 280 268 256 239 81 57 25 13 24 50 64 66 56 299 292 0 45 343 278 269 267 270 286 4 45 50 45 320 288 288 294 306 347 29 52 74 85 104 142 149 131 93 26 317 329 9 31 54 63 59 19 334 353 42 72 78
265 292 10 358 329 331 344 349 350 352 354 345 315 282 261 253 251 254 261 265 271 283 26 59 54 45 43 47 51 52 48 42 37 30 27 37 47 51 27 319 296 276 261 270 348 7 8 18 45 70 78 76 67 288 281 336 31 358 299 274 264 260 262 286 54 59 56 340 288 290 301 318 355 41 67 73 65 60 59 45 28 29 15 320 317 351 21 53 69 71 45 319 339 74 86 93
272 274 315 330 315 313 331 348 355 357 357 355 345 317 281 269 268 267 268 270 268 273 -1 45 38 34 40 47 49 46 42 41 36 31 33 42 52 54 25 317 309 310 282 251 247 282 40 75 87 90 90 86 70 288 276 303 3 358 328 285 263 252 244 229 127 75 63 0 293 292 300 319 30 85 99 97 83 63 37 16 22 43 28 323 317 336 32 78 90 94 -1 285 -1 92 99 109
255 252 265 289 294 294 308 337 350 353 355 359 3 354 322 296 286 278 272 268 265 268 304 24 28 31 41 48 45 39 41 43 37 34 39 45 51 47 26 308 292 317 337 212 203 198 172 149 133 113 101 85 63 293 281 297 336 354 348 320 287 261 241 229 203 88 65 7 293 289 292 303 102 115 123 129 132 116 81 81 98 90 15 317 315 336 91 102 105 109 171 258 135 111 114 123
239 228 236 253 268 274 280 306 330 342 348 0 13 10 338 312 300 291 280 270 260 257 258 -1 25 34 45 46 36 33 43 48 42 40 47 52 52 35 25 337 289 300 18 66 144 175 170 160 149 122 81 47 52 303 280 287 313 343 349 342 330 315 301 295 312 30 53 17 288 276 270 -1 113 111 115 125 143 165 168 127 111 82 329 305 297 130 121 115 112 119 209 230 144 127 122 126
230 216 225 238 250 258 263 278 301 321 337 1 22 21 350 316 307 296 284 276 263 253 241 229 -1 32 45 41 32 36 51 55 48 50 59 60 46 23 26 4 294 293 7 38 45 68 107 131 102 28 20 38 55 321 284 282 292 320 339 342 340 334 328 329 343 17 41 29 296 266 229 174 133 114 106 106 122 168 194 147 93 -1 318 290 167 137 131 124 120 128 213 190 141 135 124 123
225 220 226 233 243 253 261 266 270 280 297 354 34 32 2 316 301 286 271 261 253 247 236 233 262 -1 45 40 36 50 63 63 59 66 70 57 31 20 33 23 306 299 345 28 41 53 51 12 350 356 16 52 61 324 301 301 298 305 323 334 334 331 327 331 351 19 35 27 344 310 -1 153 127 112 104 102 109 148 195 193 183 -1 296 -1 128 129 132 130 125 139 198 166 136 136 130 115
231 225 225 229 240 249 256 259 253 246 243 229 78 45 15 315 282 266 255 247 243 242 241 253 271 309 41 38 47 66 72 70 70 73 62 35 24 30 46 26 317 302 329 29 51 61 41 346 340 357 30 63 66 310 299 310 313 313 319 326 328 325 324 332 355 19 28 23 5 355 7 27 55 77 90 99 104 122 181 201 203 215 225 144 116 115 119 126 125 138 177 151 128 126 -1 5
238 220 217 216 228 242 249 250 240 233 232 219 182 -1 -1 -1 235 235 246 252 256 259 261 265 265 275 23 45 66 78 78 76 72 61 41 29 37 53 58 10 322 310 326 32 60 64 11 327 333 5 54 76 75 290 280 290 304 313 318 320 320 316 317 327 353 14 22 23 12 4 13 34 56 75 91 97 97 100 137 184 197 201 198 167 128 112 109 118 124 126 149 135 112 45 327 338
227 209 208 212 233 248 250 242 230 230 232 223 201 187 173 173 208 234 253 263 268 270 268 263 259 264 -1 65 81 87 85 79 65 46 38 46 63 71 53 342 323 323 338 32 63 59 337 315 326 39 84 90 81 289 267 266 278 296 310 312 307 303 300 307 337 9 25 29 16 10 24 51 70 82 90 91 83 77 90 135 180 196 195 177 146 125 115 118 131 126 129 110 50 335 308 313
215 205 217 245 264 262 252 236 227 229 230 226 212 197 177 173 218 252 260 261 261 257 253 253 257 256 230 105 94 90 81 70 52 41 48 66 79 73 15 331 319 325 347 33 57 45 324 306 330 94 103 100 64 326 286 263 261 267 277 283 281 274 264 259 261 -1 53 45 18 17 45 69 79 81 76 59 50 54 71 92 135 192 196 178 155 135 122 118 124 118 -1 -1 335 328 297 290
222 228 265 284 279 257 241 232 229 226 226 227 215 198 178 186 236 252 254 253 251 250 251 251 249 237 206 141 104 84 70 59 49 51 66 77 79 41 339 334 319 319 351 35 51 36 325 302 39 96 99 94 354 337 327 282 256 245 239 240 240 231 223 222 213 197 164 123 -1 -1 87 87 84 78 61 34 46 68 85 90 95 154 184 174 157 137 125 120 -1 -1 11 342 330 341 303 284
232 249 269 271 249 224 231 232 229 227 228 227 213 197 186 208 239 248 254 255 254 256 258 252 243 225 200 170 122 84 71 60 54 60 68 71 66 1 324 341 328 316 353 43 52 34 335 308 75 85 83 59 321 335 342 325 282 255 239 228 220 213 212 221 223 216 181 152 175 182 110 89 77 72 67 70 92 99 104 104 104 109 138 159 151 132 122 119 -1 324 347 343 339 358 321 287
231 241 243 227 199 208 233 236 234 236 238 231 214 202 205 232 252 260 260 253 250 252 249 242 233 211 196 189 176 116 75 51 45 50 59 62 56 345 312 340 336 316 357 50 52 30 352 349 88 85 79 45 310 329 342 344 324 300 279 261 240 230 244 264 275 279 -1 115 161 197 138 84 71 74 85 116 120 109 103 93 67 54 72 103 131 127 115 -1 308 309 331 339 346 14 342 288
213 221 219 202 196 220 243 251 257 257 247 228 219 225 245 266 271 262 248 239 239 241 239 233 218 203 202 206 215 -1 -1 32 36 48 60 63 56 336 303 329 336 315 3 59 49 23 11 50 93 99 91 38 304 321 336 347 337 323 317 319 333 324 283 275 276 284 -1 75 106 189 185 115 88 85 80 75 76 74 66 47 33 53 77 93 110 116 -1 333 315 302 309 322 348 32 6 296
204 212 209 202 218 247 262 270 278 277 249 239 255 273 280 274 260 240 233 232 234 236 234 230 225 229 251 270 281 -1 -1 18 37 54 62 63 57 327 292 311 330 315 -1 70 48 17 26 61 81 93 94 -1 291 305 322 344 342 331 323 321 342 5 317 259 249 250 -1 80 94 154 202 161 117 107 93 68 61 63 62 61 81 99 104 108 106 -1 332 324 321 310 298 294 331 58 12 311
202 213 216 230 254 262 265 268 267 252 250 274 289 289 276 252 227 217 222 228 234 241 244 254 279 304 311 310 300 309 341 11 40 56 61 63 58 338 287 294 319 -1 -1 102 -1 -1 49 67 74 82 82 307 282 287 297 323 335 326 319 316 335 30 38 257 243 239 221 104 99 127 204 171 129 126 140 145 127 114 115 124 129 126 125 126 -1 321 324 321 318 318 305 283 -1 77 350 309
208 228 247 263 268 263 258 256 242 223 248 266 266 255 228 213 207 217 234 247 260 267 273 282 297 312 325 327 315 309 -1 -1 49 58 64 65 51 1 302 295 -1 -1 117 125 160 203 -1 75 79 83 78 315 282 277 277 286 304 305 303 302 324 59 67 -1 225 225 205 136 114 129 197 168 132 127 138 155 155 142 133 130 133 132 128 -1 322 316 320 320 315 318 319 325 2 19 329 306
246 267 270 269 268 268 265 256 234 225 243 243 237 222 202 205 222 251 270 279 282 282 282 285 295 312 335 343 327 -1 -1 -1 -1 56 61 57 43 19 321 300 -1 122 125 128 156 205 214 108 90 90 86 296 273 266 265 265 268 268 265 257 244 57 58 73 184 208 195 154 125 136 188 162 136 129 103 113 143 147 138 130 129 109 40 335 325 321 320 319 316 318 324 342 14 12 332 311
286 278 266 262 262 267 266 254 229 231 244 238 233 217 206 228 258 271 271 272 277 281 282 287 300 322 352 5 4 -1 -1 -1 -1 60 65 64 62 52 -1 282 -1 100 107 117 138 211 227 138 100 94 92 282 273 263 255 245 237 237 235 228 237 303 48 67 102 178 189 163 135 142 177 160 143 164 127 98 112 138 140 132 123 351 355 335 329 331 326 320 317 317 323 346 19 19 346 319
279 260 249 247 249 249 243 233 229 245 252 245 236 219 220 239 250 254 258 264 268 272 277 281 290 319 14 30 51 -1 -1 -1 -1 85 92 95 99 110 -1 219 -1 94 92 101 121 205 222 155 111 98 71 319 308 292 276 258 250 247 242 244 257 264 85 88 96 130 173 167 146 146 168 162 150 174 170 126 116 127 129 116 315 329 343 331 327 336 331 320 315 312 321 350 18 17 355 328
263 281 274 258 250 243 236 237 247 255 251 242 230 218 226 236 241 250 258 263 263 262 261 261 266 281 69 93 110 135 195 214 -1 130 118 112 110 123 169 201 189 129 108 104 111 176 199 161 126 102 5 336 328 316 317 310 303 303 299 286 273 256 114 92 86 89 118 150 141 137 153 159 152 169 176 147 126 120 110 323 315 329 343 328 315 321 322 315 308 305 313 348 9 5 359 336
282 303 315 284 273 273 278 280 276 266 258 252 240 236 247 253 257 259 258 260 261 258 252 246 245 229 146 135 135 141 191 206 171 143 132 125 120 121 148 191 190 152 120 106 100 126 166 153 133 -1 324 341 335 320 327 324 320 323 326 320 297 278 86 77 69 62 63 78 98 96 97 112 120 144 164 146 128 112 -1 311 313 328 353 315 288 289 293 297 297 296 298 324 343 348 356 334
299 317 338 303 288 294 304 310 314 303 287 286 286 282 282 282 277 268 265 264 261 256 245 238 237 220 175 159 150 146 189 205 169 140 135 132 132 123 125 172 189 167 131 113 104 105 120 115 74 309 310 339 342 329 331 330 325 325 330 337 326 -1 97 91 82 75 75 74 56 40 41 46 41 29 41 69 88 78 307 303 301 302 -1 -1 261 262 267 275 284 288 288 -1 231 234 277 303
304 321 352 332 295 291 299 310 329 334 302 284 283 281 279 277 274 271 267 261 255 248 237 231 233 218 184 178 166 146 184 199 174 145 132 130 142 143 125 144 183 177 142 120 113 101 71 27 12 306 299 325 337 330 330 333 334 334 340 356 12 -1 132 122 117 112 97 59 17 21 34 35 22 24 44 56 63 34 292 285 264 176 156 225 242 242 251 259 263 255 217 193 198 240 276 296
304 312 344 341 305 292 292 297 315 347 298 255 244 253 258 258 256 256 252 246 239 232 223 218 225 212 190 195 187 152 167 185 176 159 141 130 142 160 142 135 164 183 146 116 100 64 5 6 15 302 286 298 315 316 319 326 333 341 1 38 92 126 140 135 128 117 61 359 1 23 39 31 18 38 59 67 71 56 268 256 219 154 167 249 265 267 258 250 241 220 201 206 255 287 290 293
284 278 295 320 305 289 282 267 232 191 196 218 233 243 244 240 235 236 235 231 226 220 215 214 219 209 200 207 202 173 151 165 170 167 160 139 135 159 161 143 156 198 -1 108 -1 -1 341 0 25 311 276 278 293 301 304 307 318 343 33 71 92 105 116 115 108 79 332 333 359 32 44 33 37 74 85 85 84 90 245 234 201 172 -1 293 304 315 308 287 268 257 264 282 288 289 284 281
244 247 259 277 283 275 257 217 200 194 191 214 237 239 236 231 225 225 226 223 216 213 215 216 213 209 214 219 215 201 135 123 140 157 168 154 141 154 173 150 -1 -1 -1 -1 -1 -1 308 336 19 348 281 272 279 285 286 286 295 -1 74 82 81 73 53 51 62 3 302 312 355 45 56 61 89 103 104 99 91 85 -1 228 214 251 300 306 310 322 329 330 329 330 335 331 315 304 296 291
249 258 261 259 259 253 227 195 198 206 220 257 274 273 267 262 244 229 228 219 210 213 218 216 211 217 232 242 250 251 -1 87 87 103 142 161 151 154 183 164 -1 212 -1 -1 -1 -1 293 310 0 10 302 277 275 276 272 268 264 -1 104 93 78 51 27 47 63 354 291 299 355 70 83 97 112 116 113 107 94 74 -1 291 295 299 307 313 313 313 318 327 330 337 345 343 336 329 318 309
255 254 249 242 240 233 211 193 208 236 262 280 290 299 300 306 330 323 274 257 250 246 236 227 225 236 249 257 263 254 -1 93 83 90 109 147 150 156 183 180 176 198 198 -1 -1 -1 284 282 -1 12 315 284 276 271 262 253 237 180 118 107 98 71 59 83 81 341 287 290 28 89 98 106 110 106 97 94 90 71 341 317 321 311 305 312 317 309 304 306 308 321 338 339 340 334 329 329
245 242 235 227 225 220 206 204 232 256 260 255 252 259 271 279 311 342 328 327 331 331 325 299 265 258 259 256 246 216 176 135 111 101 101 120 139 153 183 192 -1 192 208 225 251 270 277 273 -1 -1 315 289 273 262 252 243 225 186 141 119 120 147 137 113 101 302 283 278 102 99 96 91 78 63 65 75 86 -1 318 315 322 321 309 305 311 308 307 308 304 309 320 322 333 328 323 334
239 237 229 220 218 215 215 232 253 255 244 232 233 235 231 235 244 281 306 316 329 337 349 358 334 282 263 252 237 202 177 162 137 116 105 110 120 140 184 195 184 -1 231 254 266 270 270 266 -1 278 293 282 264 252 245 235 216 188 157 130 128 150 143 119 108 287 282 275 104 94 82 65 54 60 75 86 94 -1 306 310 318 327 323 310 306 303 302 307 308 315 321 318 325 321 311 318
240 232 218 209 210 221 240 257 258 248 239 232 232 225 220 233 241 245 254 267 288 311 341 8 4 330 284 261 238 192 170 169 156 135 124 128 130 139 172 188 192 213 251 266 270 270 270 265 265 273 273 267 255 241 234 225 209 189 161 135 125 137 135 111 -1 286 276 270 85 79 76 76 81 89 96 98 86 309 306 310 316 328 336 326 318 311 299 295 296 306 319 326 332 312 296 -1
231 219 207 204 215 237 253 256 248 241 239 232 229 226 232 245 247 246 250 258 268 281 309 0 6 355 329 291 234 174 158 167 171 152 137 141 142 143 165 187 214 249 266 270 273 280 286 300 311 311 310 273 243 228 225 215 203 188 164 142 129 127 119 -1 327 289 274 267 81 82 90 103 109 106 103 96 40 308 306 308 311 323 338 339 331 326 315 300 291 293 302 321 -1 246 232 -1
227 223 230 244 255 257 254 249 241 238 233 226 229 240 253 259 254 251 257 266 273 282 297 337 0 1 354 351 -1 153 150 162 180 164 140 145 150 144 -1 -1 266 280 286 286 284 291 300 309 319 331 353 -1 -1 206 212 208 200 187 167 150 143 142 -1 -1 303 285 273 270 93 96 100 105 112 111 105 92 339 300 302 303 305 316 333 346 341 333 326 313 302 293 286 -1 120 218 246 -1
263 271 286 307 316 289 254 242 239 240 246 258 263 260 260 258 253 257 267 277 283 291 303 329 358 12 22 66 109 135 145 159 187 180 141 141 161 161 -1 -1 290 286 286 292 291 291 297 302 313 334 14 48 -1 -1 204 206 199 187 172 155 151 157 -1 -1 258 264 268 267 103 101 101 102 102 99 92 75 315 297 299 299 302 309 326 352 348 335 329 316 309 302 283 -1 -1 288 295 315
289 290 288 296 320 336 315 275 266 274 289 303 312 296 282 277 278 280 284 289 292 299 312 335 3 30 55 85 98 113 135 158 201 200 138 135 172 -1 -1 295 290 281 275 281 288 289 292 294 301 335 48 73 71 -1 -1 200 197 188 175 162 161 176 -1 248 255 262 266 261 101 95 95 94 90 85 80 53 309 296 298 298 300 305 323 358 358 334 331 320 304 297 -1 -1 -1 284 290 308
