inputs/landscapes/Bridge2021-elevation.asc
ncols        670
nrows        670
xllcorner    -2135655.000000000000
yllcorner    2037645.000000000000
cellsize     30.000000000000
NODATA_value -32768
[rows 546 to 587 of 670, columns 94 to 187 of 670]
269 273 279 282 283 283 282 282 282 281 281 281 278 278 279 281 286 288 291 293 293 290 292 299 306 309 304 293 283 292 304 304 296 297 306 308 312 314 317 320 324 326 328 330 332 330 323 317 314 313 312 311 314 319 325 330 335 340 343 345 346 348 350 353 354 353 348 344 340 336 342 353 361 367 369 368 360 350 340 332 318 304 299 294 285 273 260 244 236 240 255 267 275 278
268 271 275 278 280 279 279 279 279 280 281 281 278 276 279 282 284 286 288 290 290 288 288 295 305 310 308 298 285 283 291 291 290 299 307 309 311 312 314 317 319 321 325 328 330 328 321 315 309 310 309 311 315 320 326 331 337 342 344 345 347 349 351 353 355 352 346 340 333 331 343 355 359 365 367 363 357 348 339 332 317 304 294 285 277 264 249 247 247 252 268 280 285 285
266 268 269 271 274 273 273 273 274 276 277 275 273 275 278 281 281 283 285 287 287 283 280 293 303 308 306 300 292 280 277 282 293 303 308 309 308 307 311 314 316 318 324 326 325 322 317 311 305 307 308 312 317 322 327 332 338 342 344 346 347 349 351 353 355 350 345 338 327 325 339 349 355 361 363 358 352 344 333 326 313 303 296 293 283 273 267 267 265 267 281 287 287 286
263 265 267 270 269 267 268 268 269 270 269 269 269 271 275 278 279 281 284 284 284 282 280 289 300 304 298 296 294 284 276 285 297 305 308 307 305 305 310 314 317 320 323 325 321 317 313 307 305 306 307 313 319 323 327 332 338 342 344 346 347 349 351 352 352 348 343 334 323 319 333 342 351 356 360 355 348 340 329 321 312 310 309 305 295 283 282 284 284 283 286 288 286 284
261 263 267 267 265 264 265 266 266 267 267 267 268 270 273 276 278 281 283 282 282 281 280 286 293 295 291 295 293 284 276 287 297 305 308 307 304 306 310 316 320 323 327 327 322 316 309 305 305 305 305 311 318 323 329 334 340 343 345 345 346 347 347 349 347 344 337 328 316 316 330 343 351 357 357 353 346 337 328 320 316 317 317 312 304 297 295 295 295 292 287 285 284 282
258 260 261 262 261 260 260 262 263 266 266 266 268 270 273 277 279 281 281 279 279 277 277 281 286 286 282 289 290 282 275 285 297 306 309 307 302 305 311 317 320 325 330 330 325 319 309 304 305 306 304 307 316 322 329 335 341 343 344 344 344 344 343 346 344 337 328 320 308 318 333 345 351 356 356 351 344 335 328 322 319 319 317 311 306 299 293 289 287 286 284 281 280 281
255 257 257 257 257 256 257 259 261 263 265 265 267 269 273 279 281 278 277 275 274 272 269 275 279 279 278 284 285 278 272 285 298 306 309 307 299 303 308 314 319 323 330 331 325 318 309 304 305 306 305 305 314 321 328 334 340 342 342 343 343 342 341 344 340 328 319 309 301 314 332 344 351 355 354 348 341 333 327 322 319 317 312 306 298 291 278 273 275 277 277 276 275 278
253 254 255 255 255 255 257 259 261 263 264 266 267 270 273 277 279 278 273 270 271 270 268 270 271 271 276 280 279 272 270 286 297 305 307 304 294 296 304 309 314 319 326 328 323 315 306 303 306 306 303 306 314 321 328 333 338 339 339 340 341 340 339 340 336 321 308 298 299 317 334 344 349 351 350 345 337 330 325 319 316 313 307 300 285 275 267 262 261 263 270 268 267 273
252 253 254 254 255 256 259 262 265 265 264 265 268 270 270 269 270 272 270 267 267 268 266 266 267 269 272 274 271 267 275 289 297 302 303 298 290 292 297 302 309 318 323 323 318 310 304 301 304 303 302 308 316 322 329 332 335 336 336 337 336 336 336 336 332 317 301 290 300 318 331 342 346 348 346 342 332 326 322 319 318 317 313 305 296 284 276 263 255 252 255 256 258 265
255 256 258 261 263 264 266 268 269 268 264 261 266 267 266 265 265 267 268 266 265 265 263 263 264 265 265 265 264 270 281 290 295 297 298 295 287 284 290 298 307 317 320 318 312 304 299 298 298 301 305 313 319 324 329 332 334 333 332 332 332 330 333 332 328 314 298 285 297 309 320 334 342 344 344 337 328 321 318 321 324 326 324 317 305 298 288 273 260 252 247 247 249 254
260 264 267 270 271 269 270 271 271 270 265 260 260 262 263 261 260 260 262 263 263 261 259 260 259 259 258 259 265 273 281 286 291 293 293 291 283 279 288 299 307 312 313 310 303 295 295 297 300 304 309 316 320 322 327 331 332 331 328 328 327 328 331 331 322 308 295 278 289 298 309 321 328 333 338 332 324 316 314 318 329 332 330 324 316 309 298 286 277 263 248 242 238 238
265 269 271 270 269 268 269 270 271 269 265 259 256 258 260 257 256 256 257 260 261 260 256 257 256 255 256 263 268 273 279 282 284 284 285 284 281 279 289 298 303 304 303 299 293 293 298 300 303 307 311 315 316 320 324 329 330 327 323 321 320 324 331 329 319 304 290 276 277 285 298 306 310 321 331 329 320 312 310 315 330 336 336 332 324 316 306 295 283 268 256 249 240 232
264 267 267 267 266 265 266 268 269 268 263 257 256 257 259 257 255 256 258 261 261 259 256 254 254 257 262 268 272 274 276 277 278 277 278 279 278 280 287 294 295 295 292 289 292 300 303 303 306 308 311 313 313 315 320 324 325 322 317 316 316 325 331 325 314 301 287 274 266 275 286 291 301 317 324 323 316 306 306 317 328 336 341 338 329 321 309 295 282 273 269 258 242 235
260 263 263 262 262 262 263 264 265 264 261 258 256 258 258 256 254 256 258 260 260 259 256 252 256 260 267 271 271 271 271 271 272 271 271 271 274 277 281 285 287 286 286 292 303 308 307 304 306 309 311 312 307 308 315 319 321 317 312 311 318 326 331 324 311 297 283 268 261 263 274 289 301 311 315 317 310 302 302 313 326 334 341 341 332 318 307 291 287 283 275 254 240 242
258 259 258 258 258 258 258 260 261 259 258 256 255 257 257 255 254 256 257 259 260 258 256 251 257 261 266 267 265 264 265 265 265 265 267 268 271 273 276 279 279 282 291 302 309 310 306 303 306 308 310 310 305 304 311 317 318 312 304 308 319 324 326 319 310 299 287 275 259 255 273 285 292 298 305 308 305 296 294 306 322 330 336 335 329 317 306 301 298 289 275 252 249 255
256 256 254 254 255 255 256 259 258 256 255 254 253 255 254 252 252 255 257 259 259 258 255 251 256 257 257 257 260 262 263 268 268 266 266 267 269 273 274 277 283 290 300 307 309 308 303 301 306 308 309 308 302 298 306 310 311 305 297 306 314 318 318 310 303 297 289 275 259 249 264 272 279 285 294 300 299 291 284 299 316 324 330 333 332 327 320 316 305 291 272 254 264 270
250 251 251 251 251 252 255 257 255 252 252 252 251 250 249 247 247 254 259 259 258 257 253 250 252 254 255 260 266 271 275 277 276 273 269 271 276 280 282 288 294 300 306 304 302 301 296 293 302 307 307 304 297 289 299 305 303 296 290 296 303 308 310 300 291 288 282 270 255 240 250 258 265 274 283 292 297 289 279 289 306 315 319 325 334 334 328 318 304 288 269 265 276 283
244 247 248 246 247 249 251 253 250 247 248 249 249 246 246 244 246 254 258 258 257 255 250 248 252 257 263 271 275 281 284 285 283 280 278 280 283 288 292 299 303 308 309 302 295 291 287 284 295 301 299 297 290 283 287 293 291 287 282 285 290 295 298 291 278 276 272 263 247 233 238 245 258 270 282 295 298 289 275 279 291 302 308 318 330 333 329 319 304 292 279 275 285 292
243 246 246 243 243 244 246 247 245 243 246 247 248 244 243 243 247 253 256 256 254 249 247 251 258 265 272 278 285 293 294 292 287 283 282 284 288 294 303 311 314 319 313 301 292 285 278 277 286 291 290 289 282 276 278 282 282 278 275 277 280 283 286 281 269 262 262 256 240 228 232 244 260 277 289 298 299 287 271 269 281 295 308 318 329 331 321 316 308 297 289 286 293 300
243 244 243 238 237 240 244 244 242 243 244 247 248 246 243 244 247 250 252 251 249 244 244 255 264 272 279 288 296 299 296 292 286 281 282 284 288 295 307 317 322 325 316 301 292 284 275 270 278 281 283 283 273 266 271 274 274 271 268 269 267 270 272 270 261 251 249 245 233 225 232 245 261 277 290 299 296 284 268 267 282 297 311 322 331 333 327 317 309 302 301 299 300 307
240 238 234 232 231 235 238 240 239 239 243 246 247 245 243 243 246 247 247 247 243 241 247 257 266 275 285 294 300 303 296 289 283 276 276 279 283 291 305 317 324 324 310 298 291 283 274 264 267 274 276 274 263 254 261 266 267 264 262 263 255 254 261 261 254 242 238 234 224 221 233 244 260 277 292 299 291 278 264 266 280 295 308 319 331 335 331 323 317 314 314 308 302 305
236 233 231 229 230 231 234 237 234 233 241 246 246 244 242 242 244 245 244 242 236 243 249 256 264 274 284 294 304 306 296 288 279 268 271 272 277 289 303 315 323 321 303 294 288 283 275 262 257 265 270 266 257 247 253 258 258 255 258 258 248 244 252 253 246 233 228 223 217 219 232 245 263 281 295 298 288 270 259 259 273 287 301 313 325 331 331 328 328 325 313 304 292 291
233 233 231 226 227 230 233 235 233 231 235 241 243 241 237 237 239 239 238 236 233 240 247 254 262 270 284 294 303 304 295 287 275 264 264 266 274 287 301 315 323 315 300 290 282 282 275 261 250 255 259 257 248 240 243 247 245 243 252 250 239 233 239 241 235 224 219 216 215 224 235 249 267 287 297 296 286 269 254 253 269 285 297 308 320 328 332 334 334 325 311 297 280 272
230 230 227 223 222 228 234 234 231 229 230 234 235 235 232 233 234 234 233 231 232 238 249 258 266 275 286 293 297 297 291 285 271 259 256 265 276 289 301 315 320 311 297 285 278 277 271 259 246 243 247 246 240 233 231 233 233 237 244 241 234 227 227 229 225 217 213 212 216 226 237 253 272 289 297 292 280 264 246 250 269 280 292 302 313 324 333 337 336 329 316 300 284 266
225 224 221 220 219 226 231 231 229 226 226 228 230 230 229 230 230 230 230 231 236 243 254 263 271 280 286 289 290 290 286 281 265 255 254 264 275 288 300 310 313 306 293 280 270 273 268 257 245 234 236 237 233 228 222 219 225 234 239 236 228 220 215 216 211 207 207 212 220 232 240 257 279 294 296 287 271 258 242 244 260 273 282 294 306 321 331 334 332 329 316 299 285 269
223 223 219 216 217 221 224 224 222 222 223 224 225 226 226 227 227 229 232 239 246 250 258 266 273 280 283 283 281 281 279 273 262 250 253 262 271 284 296 305 306 297 285 274 266 269 265 257 244 233 227 227 228 225 219 216 221 229 233 230 221 213 206 205 202 202 207 217 227 239 248 266 285 293 293 283 268 254 237 236 246 262 274 289 302 314 325 328 326 319 307 292 274 259
222 222 215 210 211 213 217 217 218 223 229 230 229 228 227 228 229 231 237 247 254 259 265 270 275 278 279 279 277 273 270 265 255 244 249 260 268 281 293 300 299 290 279 268 258 262 258 254 247 238 223 218 222 223 218 210 214 222 226 221 211 207 201 195 195 202 210 220 231 242 254 272 285 289 287 278 263 250 231 222 236 255 270 284 294 307 317 321 322 317 306 294 281 265
221 216 207 208 214 217 218 220 225 232 239 243 242 237 232 231 232 236 241 249 257 266 270 272 272 271 277 281 277 271 266 255 248 242 249 261 273 284 293 297 295 285 273 260 254 258 253 246 247 238 225 216 214 220 215 208 209 215 218 214 205 196 193 191 198 207 212 220 229 240 255 270 284 286 278 266 255 243 224 216 231 246 261 272 288 302 308 316 320 319 313 300 289 278
213 207 206 212 219 222 226 232 235 241 246 248 248 245 239 235 239 243 247 253 257 267 271 270 269 268 279 282 279 273 268 260 248 241 249 264 276 285 293 294 288 277 266 253 249 253 246 233 233 231 223 214 208 213 212 206 205 209 209 206 194 186 186 195 205 212 217 223 231 241 256 276 286 282 270 254 245 234 219 212 222 237 251 266 280 290 298 308 316 313 306 294 284 277
204 204 209 215 221 226 230 236 241 247 250 253 254 251 246 242 245 250 257 261 264 268 270 269 267 268 275 279 273 272 270 263 251 240 246 262 274 282 288 290 283 271 258 248 245 246 236 225 225 225 219 211 204 207 209 201 198 202 201 193 183 181 188 200 209 218 226 231 237 249 267 279 283 276 265 252 238 226 211 206 221 235 248 260 272 284 295 308 313 306 295 284 270 263
204 210 219 223 227 229 232 238 245 250 255 257 258 255 249 246 250 256 265 270 270 269 269 267 264 266 271 272 267 267 266 259 250 240 242 257 268 276 284 286 281 269 257 245 245 246 234 220 218 219 208 200 197 202 204 196 191 194 192 183 178 184 195 204 214 224 234 239 246 258 272 276 276 270 262 251 238 225 206 199 213 227 240 257 270 285 299 308 310 308 289 270 253 242
213 222 229 234 238 237 238 241 247 253 257 258 256 252 250 253 255 262 271 273 272 271 269 265 260 261 267 266 260 262 259 253 245 237 240 250 263 272 281 284 277 263 252 243 240 242 231 216 209 207 200 191 186 194 197 191 184 185 185 177 180 190 199 208 219 230 238 246 257 263 268 271 268 262 259 251 239 224 205 193 202 217 236 249 263 277 290 301 309 309 293 271 249 234
232 236 243 245 248 248 246 245 251 257 258 254 249 246 247 253 258 263 268 271 271 270 267 263 258 256 260 260 255 256 256 248 240 231 237 248 261 272 280 280 271 259 250 240 232 233 224 210 198 196 189 179 176 185 189 186 177 173 171 175 185 193 203 213 225 235 245 253 261 262 262 262 258 252 247 245 237 223 202 188 197 211 226 240 254 268 285 299 306 308 296 282 265 254
246 247 249 252 253 252 249 251 255 258 255 250 243 240 245 250 255 258 264 270 271 269 266 261 256 255 257 256 253 253 251 246 237 230 235 245 261 272 276 273 263 256 250 239 228 220 215 204 192 183 174 170 168 175 182 180 169 162 168 178 188 196 205 217 228 240 247 251 256 257 256 252 248 244 237 238 232 218 200 181 192 203 217 236 255 273 285 296 300 297 295 289 279 267
247 250 254 257 258 256 252 249 252 256 252 246 238 233 239 243 246 254 264 270 271 269 265 261 256 253 251 250 248 249 245 242 235 229 234 243 258 270 273 268 253 247 244 241 236 227 217 209 200 189 177 171 166 166 171 168 160 158 173 180 189 198 206 217 227 233 236 242 248 248 247 243 239 234 228 230 227 215 195 177 185 202 219 240 257 270 281 287 286 282 281 282 279 271
249 252 256 258 258 255 250 245 244 251 250 244 233 231 234 238 243 255 263 268 271 270 266 262 258 252 247 245 242 247 245 240 232 227 232 243 255 265 267 260 245 237 235 242 247 242 228 220 211 202 189 177 169 158 159 156 153 164 176 183 190 197 202 212 221 224 225 231 236 233 232 232 229 223 219 223 221 212 194 172 183 200 218 239 253 263 271 274 271 271 265 267 267 263
250 254 256 258 256 250 245 240 240 246 247 243 232 228 230 236 245 257 263 268 271 270 266 261 258 251 244 238 238 246 247 244 235 228 230 243 252 258 258 250 237 226 226 235 243 242 232 222 215 209 197 182 172 161 151 149 157 171 178 184 188 188 189 198 206 209 213 222 224 219 220 222 218 211 209 215 216 208 191 166 178 197 214 230 245 253 258 257 250 248 247 251 251 251
251 253 256 258 255 248 242 236 236 245 246 239 230 227 229 237 247 257 263 268 270 268 264 260 256 250 244 233 231 241 247 245 236 227 230 238 248 252 251 242 228 215 215 225 232 233 225 212 208 208 198 184 172 162 149 147 160 172 176 181 178 170 173 185 192 200 210 212 211 208 210 214 211 204 201 207 209 202 184 163 174 192 210 221 234 241 244 240 230 228 233 238 236 236
252 253 255 257 258 255 246 234 232 238 239 234 227 225 229 237 248 256 263 269 270 267 263 258 253 246 240 232 227 231 238 237 229 223 228 234 244 246 243 231 216 202 201 214 220 222 213 203 192 195 192 181 170 163 151 144 154 167 174 174 166 158 170 184 194 199 200 199 198 196 201 206 204 195 190 197 198 194 174 154 170 187 202 210 220 228 229 225 212 211 224 229 222 222
253 255 256 258 260 257 249 235 229 230 230 228 223 221 227 235 244 254 262 269 269 266 262 257 252 245 241 237 227 221 225 224 219 220 229 232 241 240 231 221 208 194 191 203 208 210 204 196 186 184 182 175 166 162 152 144 147 159 167 166 156 152 172 184 188 189 184 186 187 185 192 195 192 184 176 183 188 183 161 148 167 180 186 196 209 216 209 206 195 199 214 215 207 205
255 257 258 256 250 247 243 233 224 223 224 221 218 219 225 233 246 255 262 265 266 265 262 259 254 249 249 247 233 218 216 217 219 227 234 237 237 236 226 212 196 186 184 191 195 197 193 188 180 173 171 165 155 153 149 144 143 150 156 155 145 147 164 173 175 170 163 170 172 172 180 183 178 168 165 172 177 172 151 147 162 168 169 182 192 197 188 182 174 186 197 198 189 182
256 258 257 251 242 237 233 227 220 218 219 216 215 218 225 234 247 255 260 260 259 260 261 259 256 252 256 250 236 223 213 216 224 233 236 235 233 232 226 212 196 184 177 179 177 183 180 177 172 164 159 154 147 146 146 143 142 144 146 144 142 143 150 156 152 149 146 153 156 158 163 164 154 150 152 159 166 161 146 144 148 152 155 165 172 175 167 157 154 168 176 178 170 157
