inputs/landscapes/Bridge2021-aspect.asc
ncols        670
nrows        670
xllcorner    -2135655.000000000000
yllcorner    2037645.000000000000
cellsize     30.000000000000
NODATA_value -32768
[rows 352 to 395 of 670, columns 192 to 287 of 670]
-1 -1 270 266 -1 -1 146 145 159 156 163 188 185 169 172 180 -1 -1 -1 111 102 95 -1 -1 275 281 288 298 303 307 318 338 343 332 330 351 -1 128 -1 251 255 258 262 250 218 185 181 207 215 199 194 194 176 167 167 166 162 159 167 175 167 128 104 94 93 180 245 223 181 151 141 131 125 212 281 299 315 318 302 -1 123 104 105 132 219 251 253 241 227 223 225 219 196 154 116 105
-1 -1 266 -1 180 158 155 160 171 165 157 183 192 180 -1 -1 -1 -1 151 124 111 104 -1 -1 275 273 274 282 289 293 300 321 331 329 340 23 66 108 -1 255 255 253 243 215 191 180 192 214 213 196 190 189 165 158 165 168 165 161 169 180 176 155 123 101 94 127 230 207 183 165 153 139 138 251 271 264 244 230 -1 161 126 117 114 136 233 249 239 217 208 217 225 216 195 171 135 116
-1 -1 251 -1 149 141 149 161 172 170 167 180 187 184 201 239 -1 -1 108 120 119 -1 -1 -1 281 270 268 275 279 280 284 298 310 321 340 33 65 81 -1 249 245 237 222 197 181 181 198 209 207 205 196 177 149 148 162 170 165 159 165 176 177 168 147 120 105 113 213 196 182 170 164 157 170 249 246 218 213 210 196 149 123 111 110 134 244 245 217 200 208 227 230 216 195 177 151 126
288 -1 -1 -1 -1 97 112 143 168 171 169 180 183 183 214 241 251 -1 85 102 115 -1 -1 -1 292 280 281 281 280 278 275 282 296 311 336 50 71 75 -1 243 236 230 215 192 181 188 198 212 225 234 219 149 130 133 153 170 164 156 161 170 174 171 160 140 115 53 358 8 -1 125 135 152 216 252 237 217 222 219 206 145 96 86 82 83 231 222 198 194 220 238 230 214 196 183 164 136
338 345 -1 -1 -1 75 90 108 -1 -1 -1 -1 -1 -1 225 235 227 158 110 114 129 -1 -1 296 299 293 293 292 290 287 286 289 293 306 345 67 77 77 -1 -1 230 225 209 192 192 212 251 288 297 294 -1 86 100 104 116 144 154 145 141 148 156 159 154 128 7 355 1 10 12 16 30 42 -1 259 252 253 250 239 229 -1 88 80 68 60 102 204 206 215 240 241 222 210 197 186 169 149
0 -1 -1 -1 -1 90 90 92 -1 -1 164 180 183 192 205 216 214 178 137 129 -1 -1 296 295 295 291 288 291 295 295 293 291 293 306 25 88 93 90 96 -1 214 212 209 206 240 289 313 321 330 325 341 45 57 52 45 45 35 19 22 26 27 29 12 343 342 350 3 15 24 36 55 64 -1 242 245 248 251 258 266 -1 104 99 84 66 65 115 228 244 245 232 217 207 196 185 166 153
-1 123 135 -1 -1 110 98 95 108 123 147 -1 -1 -1 180 198 201 178 158 152 -1 293 309 302 295 288 281 281 286 290 290 289 291 304 85 105 108 104 103 -1 203 210 225 241 279 298 312 322 334 331 343 25 33 30 26 23 14 6 12 16 13 16 4 341 341 358 21 49 81 100 105 90 93 213 234 235 244 258 258 -1 109 107 113 100 83 88 226 242 226 221 221 206 191 180 161 152
126 131 149 175 158 131 115 106 108 113 -1 -1 -1 175 161 194 212 -1 -1 -1 300 304 315 308 299 290 280 274 264 268 281 284 273 216 126 117 113 115 120 -1 -1 237 255 275 286 289 295 306 321 323 333 8 31 37 32 26 21 16 20 18 13 19 12 350 347 36 70 88 99 104 111 109 115 206 257 260 250 233 212 169 112 103 112 126 112 99 170 232 226 230 230 205 176 168 160 152
130 123 143 171 165 148 131 117 116 118 -1 -1 -1 159 167 277 315 351 4 335 311 306 305 296 291 290 283 273 252 263 274 271 232 173 137 120 114 126 167 -1 -1 274 281 287 278 267 257 264 283 297 306 345 53 64 58 59 63 60 60 45 26 37 38 25 -1 98 104 97 90 83 91 112 133 244 271 262 214 199 197 178 124 96 83 83 88 84 99 232 243 247 233 197 154 152 157 149
122 102 115 152 165 154 135 116 115 -1 -1 -1 -1 146 -1 291 309 341 10 347 310 299 298 286 283 283 279 274 272 275 273 254 188 158 145 130 121 139 225 -1 -1 284 286 284 268 251 244 254 265 276 261 -1 118 103 104 107 111 126 129 -1 -1 -1 112 124 130 123 127 115 96 82 90 102 135 253 258 231 171 178 190 184 146 114 88 66 60 68 79 240 256 251 226 178 134 130 140 145
-1 104 104 116 -1 -1 -1 115 111 -1 -1 -1 -1 -1 264 266 257 -1 -1 -1 315 298 296 288 281 275 270 266 275 278 273 233 150 150 153 145 135 168 248 -1 -1 299 291 287 281 271 268 271 271 258 192 165 145 123 119 121 124 140 161 176 158 138 139 152 151 140 140 136 128 122 109 106 150 258 266 -1 135 154 178 185 161 142 142 133 90 72 75 109 246 241 220 160 123 114 112 120
161 127 111 -1 -1 -1 -1 111 108 -1 -1 -1 -1 -1 251 250 243 243 -1 -1 315 308 -1 282 278 271 261 248 260 272 270 171 128 137 149 148 146 -1 273 -1 293 299 293 287 284 281 278 271 250 212 163 154 150 129 122 125 128 139 169 184 166 145 144 155 156 143 135 135 140 136 118 112 -1 278 291 -1 106 128 161 181 165 149 149 173 164 76 77 93 232 239 220 159 125 120 100 86
150 135 124 -1 -1 -1 -1 -1 -1 -1 -1 -1 -1 -1 249 253 254 258 -1 288 302 -1 308 286 277 270 258 247 262 269 260 138 117 119 135 156 -1 308 315 -1 278 286 290 279 272 265 256 238 212 192 167 160 157 135 122 117 113 116 149 174 163 149 147 157 157 140 119 113 123 129 118 111 236 268 278 71 98 116 144 172 168 154 147 199 234 90 85 94 206 238 221 172 130 130 123 81
123 129 -1 -1 -1 -1 -1 -1 -1 -1 -1 -1 108 -1 258 268 270 272 284 295 303 -1 309 297 284 267 253 256 268 267 246 127 113 110 123 225 281 308 -1 -1 266 264 266 267 259 245 232 218 199 186 173 172 172 135 105 82 64 56 55 90 129 137 142 165 171 155 127 98 91 98 104 110 196 237 230 152 114 117 133 158 170 163 158 213 231 138 97 95 155 237 227 192 131 127 164 93
101 108 -1 -1 -1 -1 -1 -1 -1 94 104 116 -1 -1 263 273 277 281 291 302 309 -1 299 290 282 263 246 254 262 260 228 122 110 107 114 248 270 286 -1 -1 244 239 241 246 240 228 218 207 194 184 181 186 194 -1 -1 40 33 31 39 52 70 90 108 144 172 169 160 112 92 95 103 109 159 220 219 175 128 122 127 143 169 167 165 214 217 169 116 102 127 241 237 214 132 118 172 180
90 -1 -1 -1 -1 -1 -1 -1 -1 104 110 123 -1 -1 272 273 277 287 299 310 -1 -1 291 277 266 257 259 262 260 255 225 115 104 101 101 263 263 251 -1 -1 219 225 233 233 225 217 203 194 194 194 198 206 214 -1 -1 -1 26 29 42 53 63 70 78 93 138 164 174 158 127 118 117 118 142 208 222 187 131 124 127 134 166 171 165 204 207 184 130 108 129 237 241 232 135 108 156 199
78 -1 -1 -1 94 -1 -1 -1 -1 108 104 108 -1 -1 279 279 281 285 291 -1 -1 -1 -1 -1 251 243 258 264 256 246 217 128 102 98 103 248 246 222 173 164 203 225 236 233 221 210 190 192 206 212 220 230 237 -1 -1 -1 -1 38 57 69 77 81 81 79 84 111 149 149 120 97 92 104 128 194 222 201 132 119 123 128 162 172 162 196 210 195 136 114 136 230 243 243 158 99 128 202
68 -1 -1 -1 90 108 -1 -1 123 110 97 94 -1 -1 271 276 273 270 272 -1 -1 -1 -1 -1 -1 219 240 251 249 238 216 156 111 99 101 230 234 215 190 180 214 234 235 228 215 198 186 206 233 246 258 266 274 288 302 -1 -1 -1 98 94 91 90 88 83 73 59 45 56 64 67 79 88 102 170 220 213 147 110 110 118 155 167 158 195 215 191 139 120 138 236 248 241 196 105 112 196
-1 -1 -1 -1 90 81 -1 -1 108 105 105 108 -1 -1 266 271 273 274 277 -1 -1 -1 -1 -1 -1 -1 247 256 254 242 225 167 120 101 95 -1 232 225 209 208 225 220 214 208 200 191 203 239 256 263 276 286 296 306 319 -1 -1 111 108 96 90 85 82 82 82 82 98 112 122 125 109 94 90 109 207 210 183 131 105 107 144 164 158 193 206 178 140 121 132 251 252 235 201 126 112 180
147 -1 -1 116 -1 71 -1 -1 94 104 115 116 -1 -1 270 272 280 280 266 -1 183 203 218 -1 -1 -1 264 261 257 246 228 167 126 113 110 -1 230 225 221 234 -1 203 195 189 193 205 240 264 272 278 281 284 291 300 319 18 73 95 104 90 82 80 79 81 91 115 135 142 145 145 135 121 108 106 158 198 193 170 130 107 123 153 150 185 199 173 141 122 145 249 242 219 199 150 118 161
169 172 143 140 -1 -1 -1 -1 90 101 112 115 -1 277 274 272 271 259 209 163 180 210 220 236 273 -1 270 257 243 225 210 169 138 128 127 161 219 215 221 240 -1 -1 169 174 197 231 253 258 263 274 278 273 270 267 -1 -1 90 85 86 87 87 90 92 93 99 107 109 109 117 128 128 130 131 115 105 176 194 181 156 121 116 144 152 169 188 183 155 135 176 231 222 209 198 166 128 150
170 173 161 169 192 -1 -1 -1 71 85 105 123 -1 286 280 270 257 235 186 158 183 225 233 265 293 338 308 272 237 210 195 170 152 148 148 172 220 219 243 262 -1 122 143 166 211 240 243 240 243 241 228 231 234 218 199 180 130 98 92 96 97 99 102 102 96 77 58 61 74 87 93 89 63 34 26 20 30 101 143 130 116 133 155 164 186 197 164 138 181 219 211 209 201 173 138 141
161 167 163 190 225 -1 -1 -1 71 86 101 135 246 272 274 260 236 209 184 172 -1 263 275 285 292 -1 -1 257 218 203 183 160 153 156 161 -1 225 235 267 277 -1 109 128 163 216 226 226 226 225 217 205 212 209 199 195 195 180 108 99 102 92 85 83 79 64 55 68 84 87 83 70 49 19 17 29 40 62 86 112 126 107 109 136 161 198 210 160 129 169 214 215 214 202 177 146 132
138 155 160 217 246 248 -1 -1 93 95 102 135 249 260 255 239 214 197 195 216 248 259 270 274 267 -1 -1 212 212 -1 164 143 139 -1 -1 -1 -1 278 282 274 -1 102 117 162 210 204 208 214 213 207 204 209 199 193 197 212 225 -1 83 81 76 67 57 50 62 98 122 128 125 119 106 94 105 122 121 124 122 119 123 139 114 96 104 148 209 205 159 127 146 209 221 215 199 181 159 132
103 125 -1 243 251 246 -1 -1 106 99 101 -1 257 248 231 218 217 225 -1 257 246 239 251 252 250 -1 -1 -1 218 -1 154 145 -1 -1 -1 -1 299 302 291 266 -1 96 105 156 197 183 194 202 203 201 201 202 190 187 206 232 252 -1 59 62 68 65 61 78 105 123 135 143 145 145 147 147 153 153 144 137 127 119 124 152 148 99 91 116 195 198 164 127 129 202 224 216 201 186 173 143
77 81 -1 216 234 231 205 151 121 106 104 -1 246 243 236 237 258 280 298 293 305 310 274 249 237 192 140 190 201 176 157 161 -1 -1 -1 299 295 296 285 -1 -1 90 95 135 182 173 186 196 199 201 201 201 190 195 230 254 266 296 40 59 64 69 91 108 116 122 132 147 150 146 148 152 156 155 145 135 119 107 113 148 176 118 92 96 157 198 183 122 109 177 226 222 205 185 174 151
78 74 92 176 222 218 198 168 137 117 112 -1 270 283 295 296 280 273 273 285 306 330 338 285 237 203 143 167 194 187 169 -1 -1 -1 302 296 286 284 -1 -1 -1 90 91 109 160 176 194 200 200 203 205 202 198 225 257 266 265 259 -1 72 71 86 104 113 114 112 116 137 142 134 140 149 150 150 142 135 136 116 106 124 175 152 109 94 110 194 207 142 111 147 227 227 208 176 167 153
97 84 84 104 218 212 193 175 150 130 126 -1 293 302 315 327 299 261 257 275 288 309 351 7 321 -1 128 135 -1 203 -1 -1 274 296 309 296 286 -1 -1 -1 -1 92 87 87 112 169 205 207 196 196 202 200 220 253 264 261 247 211 182 135 93 93 100 105 107 102 100 118 133 117 117 127 129 135 141 142 140 125 109 110 148 165 147 118 105 169 217 159 119 139 227 231 212 165 153 155
118 106 94 90 -1 203 187 175 161 145 -1 290 293 295 309 341 3 -1 264 273 276 281 319 20 28 -1 122 -1 -1 -1 -1 -1 270 284 -1 281 270 -1 -1 -1 -1 85 79 75 82 117 202 210 198 188 194 213 251 262 259 248 220 192 188 186 131 98 95 93 91 92 96 109 128 106 88 83 101 122 138 140 125 114 106 102 116 146 158 151 131 155 198 172 126 139 215 219 205 168 146 156
116 112 105 103 122 168 172 180 -1 -1 329 311 298 283 287 333 52 -1 276 273 264 255 242 -1 108 118 122 -1 -1 -1 -1 -1 251 243 225 240 240 -1 -1 258 -1 70 72 74 75 82 155 208 202 187 205 248 266 266 258 239 206 192 197 205 164 106 95 90 88 92 97 102 117 108 91 91 100 108 123 139 130 112 95 86 89 105 133 156 154 160 192 185 134 135 192 203 195 177 153 158
118 117 120 124 130 150 -1 304 324 342 336 327 300 270 268 278 73 -1 297 285 272 242 215 180 143 129 -1 -1 -1 -1 -1 -1 233 228 229 244 246 -1 -1 266 291 51 69 74 73 73 88 186 202 202 245 268 265 260 249 229 215 216 218 208 169 119 97 91 93 93 86 79 87 109 106 104 102 99 105 126 138 137 118 92 82 80 91 123 153 168 197 194 141 128 168 194 188 180 165 167
127 127 132 138 139 -1 306 311 311 321 334 0 -1 264 259 233 -1 341 303 298 311 -1 206 186 159 145 -1 -1 -1 -1 -1 -1 -1 244 253 259 266 282 296 282 278 51 75 77 77 76 77 105 205 237 257 253 247 244 235 234 244 248 214 177 163 136 105 93 86 75 67 73 83 103 108 105 105 105 103 108 121 136 142 117 95 87 86 96 128 177 199 191 153 132 146 186 181 180 175 176
135 130 131 135 -1 278 285 273 280 300 332 37 38 284 259 225 -1 -1 283 292 319 -1 -1 176 171 159 -1 -1 -1 -1 -1 -1 -1 251 250 248 257 270 282 284 276 -1 87 85 83 80 81 89 210 249 246 238 239 242 247 255 253 233 182 150 155 155 122 100 86 79 84 90 97 115 130 126 115 113 114 113 113 117 132 130 115 105 96 92 96 156 197 184 159 141 135 -1 -1 -1 -1 -1
146 137 135 128 -1 281 278 290 292 292 320 60 20 322 300 -1 -1 242 262 265 -1 120 126 161 176 -1 -1 -1 -1 -1 -1 -1 -1 -1 259 251 248 251 255 270 280 -1 93 92 87 85 89 93 167 247 255 263 263 264 266 262 243 222 167 138 148 165 144 118 111 109 106 105 109 124 138 136 122 119 122 124 126 126 130 129 121 116 108 98 93 108 177 174 156 144 -1 -1 -1 341 -1 355
164 156 154 -1 -1 281 288 298 287 264 -1 -1 347 329 334 0 -1 254 251 234 188 150 138 -1 -1 -1 -1 -1 -1 -1 -1 -1 -1 319 307 285 249 251 264 275 276 -1 88 92 93 91 89 90 122 253 266 273 275 271 263 248 232 219 154 126 136 162 154 126 119 117 113 113 119 129 138 135 125 122 125 130 135 139 138 128 117 113 110 106 106 115 150 -1 -1 -1 -1 333 336 344 352 341
183 180 -1 -1 270 278 282 289 286 263 -1 -1 309 311 329 12 38 -1 260 225 186 164 156 -1 -1 -1 288 303 320 326 333 347 333 321 327 345 327 277 272 278 280 -1 82 86 88 84 78 80 98 245 252 246 242 246 239 229 226 220 146 115 125 154 153 128 120 118 115 114 122 140 150 140 129 125 126 128 132 142 143 129 113 107 105 104 108 118 -1 -1 -1 326 333 338 345 354 357 343
230 -1 -1 -1 293 295 293 294 306 303 296 308 306 295 296 -1 57 -1 -1 -1 -1 -1 -1 -1 -1 -1 290 302 318 336 351 351 320 299 307 343 0 323 279 272 280 -1 77 75 71 73 78 82 92 232 241 233 227 229 225 224 228 225 160 102 103 130 139 125 119 117 112 108 121 151 161 151 138 132 130 128 128 138 145 132 117 113 110 105 105 112 -1 315 326 339 343 341 345 354 1 348
308 322 334 332 318 302 293 292 296 -1 288 288 281 266 237 -1 -1 -1 -1 -1 -1 -1 -1 -1 -1 288 291 300 309 332 4 14 -1 277 276 302 3 0 292 279 284 -1 66 66 67 77 85 86 84 198 233 227 220 221 221 221 222 214 191 116 90 97 113 108 101 101 104 101 108 140 159 159 152 143 135 129 127 136 144 133 119 115 115 111 106 -1 -1 303 316 336 342 341 345 353 4 357
326 334 337 338 333 307 291 284 -1 -1 274 -1 251 240 212 -1 -1 -1 -1 -1 -1 -1 -1 -1 -1 292 291 297 303 322 1 23 16 323 288 278 -1 -1 315 291 293 341 57 69 74 75 74 70 69 83 216 220 218 223 215 211 216 211 203 172 112 103 107 105 96 90 88 89 91 108 137 158 164 155 141 131 125 133 145 133 119 114 114 115 113 -1 299 294 302 323 335 338 346 353 4 6
325 334 333 339 338 306 286 -1 -1 235 257 -1 -1 -1 -1 -1 -1 -1 -1 -1 -1 -1 -1 -1 -1 288 284 286 293 307 347 25 18 349 331 315 325 356 331 293 293 334 53 70 68 61 60 62 69 81 161 220 227 228 207 208 222 216 210 200 144 120 122 125 120 107 94 94 95 99 110 139 167 170 157 144 130 136 150 140 125 114 112 119 125 -1 299 292 293 306 321 332 341 349 1 11
284 308 -1 -1 -1 -1 230 205 191 233 254 -1 -1 -1 -1 -1 -1 -1 -1 -1 225 261 -1 -1 296 284 276 279 282 290 323 27 18 350 347 342 341 355 -1 291 290 329 34 54 58 62 67 73 80 85 97 220 231 229 218 223 227 212 210 207 164 136 135 137 137 135 129 121 114 107 105 117 152 174 170 165 143 141 155 149 135 122 117 125 -1 288 300 301 297 299 307 320 330 340 356 9
235 229 -1 -1 -1 184 193 196 203 235 239 221 203 -1 -1 -1 -1 -1 -1 -1 258 275 288 -1 -1 274 270 270 271 277 300 38 18 334 339 351 -1 -1 -1 275 276 301 22 54 67 74 80 82 81 74 71 141 230 236 235 230 212 199 206 202 173 146 139 141 142 140 139 136 133 125 120 123 139 168 175 171 150 145 156 154 147 137 129 138 -1 292 299 303 301 302 308 317 323 331 346 359
226 219 200 185 180 174 194 219 240 246 225 207 201 198 198 -1 -1 -1 -1 -1 273 277 288 -1 -1 -1 265 262 264 268 266 -1 -1 -1 -1 -1 -1 -1 -1 253 259 260 -1 86 82 80 81 78 70 65 70 84 213 226 225 219 196 188 201 198 174 149 136 137 137 131 131 137 141 138 136 139 143 164 179 169 157 154 161 159 153 149 144 -1 303 304 308 308 299 298 305 317 324 328 337 343
236 225 194 175 188 219 -1 304 302 300 308 -1 -1 -1 -1 -1 -1 -1 -1 -1 275 272 -1 -1 -1 -1 258 262 265 259 229 146 171 194 190 185 163 154 198 243 249 238 174 111 86 74 66 62 61 67 69 72 120 205 215 214 195 180 190 191 171 152 137 132 128 118 115 121 131 137 142 147 146 161 175 169 164 161 164 165 157 172 327 333 322 314 317 324 314 305 306 315 326 330 335 340
