inputs/landscapes/Bridge2021-aspect.asc
ncols        670
nrows        670
xllcorner    -2135655.000000000000
yllcorner    2037645.000000000000
cellsize     30.000000000000
NODATA_value -32768
[rows 0 to 43 of 670, columns 384 to 479 of 670]
317 326 337 3 32 42 32 351 329 352 29 47 53 -1 330 344 1 11 16 21 -1 -1 -1 -1 -1 -1 -1 -1 -1 260 258 259 263 290 318 312 291 290 324 358 14 23 1 280 264 219 116 115 125 126 119 106 326 320 7 74 85 296 281 280 283 286 312 41 54 59 69 72 61 298 274 274 -1 42 33 35 42 353 287 284 295 345 60 76 69 21 4 20 348 281 277 280 298 318 320 312
303 306 316 356 40 48 35 0 334 350 37 59 59 354 319 330 355 9 14 23 31 38 -1 -1 -1 -1 -1 -1 -1 237 237 241 237 234 246 250 257 264 277 320 18 37 27 317 296 349 61 50 50 72 86 355 315 327 31 75 76 295 279 274 273 275 293 37 56 65 72 69 55 321 275 270 288 45 45 66 73 354 295 290 289 -1 85 85 46 352 5 35 35 286 275 279 287 292 284 183
313 306 310 355 47 53 40 9 341 0 51 69 64 353 297 295 322 356 12 29 42 52 -1 -1 -1 -1 -1 -1 -1 -1 231 229 223 220 216 219 245 261 266 276 8 49 45 317 296 12 45 15 32 50 49 331 311 331 57 81 74 298 287 285 281 273 262 -1 73 72 73 67 55 354 276 268 258 -1 115 105 97 302 288 282 264 -1 88 62 3 341 12 51 54 306 267 261 255 244 198 149
326 318 322 3 42 51 41 17 358 36 77 79 75 -1 278 271 273 297 355 42 60 70 78 -1 -1 -1 -1 -1 -1 -1 -1 222 223 223 218 233 253 259 257 254 -1 52 58 315 258 153 -1 315 38 59 49 325 304 341 85 90 75 294 287 288 285 266 229 183 123 88 82 78 73 45 270 258 225 143 130 118 109 278 270 254 233 215 49 22 354 343 39 74 76 -1 257 243 225 209 188 164
322 315 323 8 45 50 42 34 45 90 101 96 87 -1 272 259 251 249 244 91 87 86 83 -1 327 354 27 39 -1 -1 -1 -1 233 232 235 250 255 252 250 251 257 -1 90 149 190 178 235 274 59 66 33 337 316 73 101 95 52 294 270 261 254 238 208 186 165 118 97 93 90 -1 270 248 212 146 126 112 -1 278 258 237 225 233 278 347 356 7 80 90 86 -1 289 272 242 215 207 247
307 298 303 -1 62 61 62 77 100 110 113 110 93 -1 285 258 246 240 209 135 110 96 61 312 322 358 40 36 339 353 33 50 243 240 242 246 243 242 245 250 243 145 125 146 175 217 257 259 -1 50 10 354 9 106 109 90 0 330 280 248 235 222 196 180 173 143 115 107 97 -1 298 251 221 135 101 69 -1 286 259 239 233 244 259 278 -1 96 102 98 88 332 315 324 334 334 331 323
254 243 217 173 122 98 98 107 117 120 117 114 93 -1 -1 -1 249 237 184 133 113 80 0 316 316 15 49 18 333 351 43 55 -1 249 240 233 231 232 238 239 219 152 132 143 205 268 277 264 -1 -1 357 45 101 109 102 5 337 348 345 293 238 219 199 183 166 148 124 103 28 3 355 -1 273 4 29 24 26 320 289 290 282 276 274 267 135 123 114 105 85 306 307 326 339 340 337 328
209 207 197 181 164 139 126 126 127 121 110 103 -1 -1 -1 -1 270 251 -1 104 83 10 341 325 325 19 21 0 337 355 61 63 20 325 270 237 230 229 230 227 203 158 136 150 266 285 294 288 198 206 180 135 119 108 74 322 319 338 0 12 325 234 215 199 154 135 108 12 1 17 23 338 303 327 8 31 40 340 317 327 329 315 290 251 132 128 119 108 -1 291 290 303 318 324 326 321
201 199 195 183 171 153 137 135 132 124 113 105 -1 -1 -1 -1 315 319 23 59 34 335 331 332 342 9 354 349 350 32 81 69 358 349 351 345 286 232 225 221 200 168 145 207 274 278 283 -1 156 185 172 143 125 112 347 312 304 316 356 23 16 0 324 -1 111 77 344 342 11 42 37 345 300 298 0 57 52 329 316 327 335 342 341 -1 116 122 117 102 302 284 278 273 277 288 298 302
199 195 195 190 175 154 140 139 140 135 123 -1 -1 321 339 340 329 334 21 47 8 328 328 336 353 4 334 334 10 66 82 51 330 339 355 6 9 354 245 227 206 180 170 255 265 253 226 154 154 191 141 111 106 -1 319 320 312 311 343 17 18 13 6 11 38 357 323 337 51 69 27 356 300 270 -1 86 57 312 310 319 325 346 28 83 104 108 103 81 292 275 263 254 257 263 271 281
197 196 198 198 185 163 150 151 151 152 153 -1 282 303 315 327 331 343 30 36 352 329 333 346 356 358 337 332 34 74 77 10 313 321 346 9 17 18 4 307 243 205 230 256 247 231 213 178 192 290 25 71 68 323 315 324 323 323 341 13 21 17 17 23 26 354 322 0 76 62 0 18 -1 253 191 109 -1 307 310 310 290 -1 119 112 109 101 71 39 298 264 255 254 257 255 255 263
201 200 202 202 190 175 164 162 162 167 192 244 273 292 300 308 324 354 30 21 340 323 330 348 356 356 348 347 64 82 73 340 301 305 327 359 15 23 21 6 356 351 308 261 254 251 251 272 312 325 32 73 59 308 304 316 319 323 -1 -1 18 15 28 31 25 5 336 32 62 24 355 34 45 -1 -1 -1 296 291 287 231 192 166 141 127 119 86 18 25 356 277 265 263 256 248 250 253
-1 206 205 200 190 182 176 171 172 188 229 254 267 284 295 296 306 -1 28 8 331 310 310 330 349 1 10 29 78 80 62 333 290 291 304 335 8 27 30 17 7 9 10 306 280 287 300 315 320 338 85 90 62 291 282 282 267 180 160 191 236 -1 45 34 22 13 357 37 45 15 14 52 52 -1 -1 -1 282 255 212 176 172 164 142 129 111 345 0 35 30 302 285 288 293 294 285 273
35 -1 -1 198 192 186 186 180 185 216 243 257 271 284 289 280 274 -1 -1 341 322 306 295 300 327 3 27 42 60 57 43 357 285 276 279 293 345 30 33 19 8 17 28 355 284 273 276 284 277 142 126 114 -1 260 252 234 200 168 167 203 225 212 -1 -1 11 15 9 24 30 24 45 71 66 4 357 2 308 233 195 167 165 160 132 113 324 330 8 50 49 306 294 302 313 321 322 313
33 38 45 -1 -1 -1 -1 -1 -1 257 256 260 270 278 282 262 231 -1 -1 -1 288 297 289 283 294 348 32 41 39 35 32 22 303 266 259 256 272 9 25 14 10 21 33 17 317 271 251 239 195 137 130 131 -1 235 230 216 194 171 180 213 219 208 195 208 -1 -1 0 16 31 39 55 67 56 323 340 6 12 18 -1 153 -1 141 108 -1 306 317 17 42 35 325 286 287 294 304 316 319
36 43 49 -1 -1 -1 -1 -1 -1 296 286 282 277 273 266 -1 195 192 196 232 250 254 254 254 251 248 -1 42 34 32 38 41 0 271 254 247 254 288 353 1 8 20 29 21 357 334 277 244 201 135 123 135 -1 230 231 222 204 187 200 221 218 206 201 210 221 230 -1 -1 54 64 72 72 39 308 317 355 16 29 45 71 -1 -1 -1 320 294 293 3 27 32 9 272 261 260 259 254 243
44 49 52 52 -1 -1 -1 -1 -1 266 287 297 300 296 -1 -1 171 190 198 216 220 216 218 223 221 222 225 -1 67 63 61 62 45 281 258 248 255 272 307 338 4 21 30 24 9 5 352 291 190 148 128 135 -1 262 291 300 306 323 338 334 -1 -1 195 209 220 225 220 -1 -1 90 93 85 -1 295 282 311 14 39 55 76 119 -1 293 315 301 289 319 5 35 49 263 250 246 237 223 218
51 54 54 53 52 -1 -1 -1 -1 251 268 282 297 315 -1 135 158 186 198 203 207 212 210 208 213 223 225 172 127 127 114 93 84 274 265 263 268 274 285 306 353 28 36 26 15 14 17 29 82 135 135 139 225 278 306 329 335 338 351 5 22 78 161 209 225 225 216 213 157 123 123 131 -1 246 249 252 -1 79 85 93 112 277 300 320 327 319 317 344 39 64 -1 276 277 278 280 286
57 59 58 57 55 50 -1 -1 -1 235 240 243 233 196 154 139 154 184 202 206 209 215 208 204 215 223 219 194 149 140 145 129 119 -1 270 280 280 274 266 260 -1 93 70 29 17 23 32 45 52 63 98 130 249 274 288 310 317 319 342 19 49 74 102 214 233 227 213 194 164 147 146 167 198 200 225 235 205 124 113 111 -1 282 297 312 325 331 329 342 45 69 20 289 293 304 311 307
62 56 55 54 52 49 -1 -1 -1 -1 222 221 210 192 172 158 164 198 225 229 220 221 211 210 225 226 219 203 169 142 143 142 -1 270 281 287 282 263 246 226 191 162 160 192 -1 60 68 66 51 45 59 76 262 265 265 254 242 261 295 23 59 73 81 -1 239 228 204 172 155 152 160 194 200 190 233 239 206 125 109 111 -1 276 281 284 291 304 317 345 55 72 32 280 276 276 273 261
56 46 46 48 48 46 35 10 18 -1 -1 217 214 202 182 172 192 240 258 -1 225 235 237 241 244 237 222 207 184 154 151 167 -1 283 287 282 255 222 217 202 184 171 176 203 205 160 120 120 -1 55 67 72 262 258 247 210 218 250 268 -1 68 74 77 -1 248 229 198 146 132 142 169 196 205 229 255 244 221 115 98 99 248 260 247 236 236 249 264 -1 77 81 49 279 268 255 246 233
38 38 46 50 47 43 35 22 21 23 39 -1 251 240 212 -1 -1 253 240 212 230 263 285 -1 270 244 218 205 191 165 168 201 251 280 282 259 192 190 200 193 185 179 186 207 204 178 138 145 199 125 94 91 -1 245 223 201 232 257 263 -1 80 75 69 64 -1 213 187 141 125 135 175 -1 239 236 217 235 228 126 109 106 248 251 232 225 226 238 242 229 94 86 32 288 286 274 257 225
27 40 49 51 49 45 40 33 22 21 42 45 -1 257 -1 -1 -1 248 230 -1 270 285 302 -1 -1 -1 214 215 198 171 -1 206 241 264 266 196 158 174 194 194 192 187 193 206 201 182 149 156 206 163 118 108 -1 234 222 234 262 265 259 225 100 87 82 87 147 185 177 152 129 135 180 230 259 -1 221 252 214 130 119 -1 320 315 325 323 278 246 241 233 112 81 349 298 306 312 310 -1
29 50 56 54 50 48 47 38 17 16 38 47 -1 -1 -1 -1 -1 -1 243 270 282 278 273 -1 -1 -1 230 261 -1 -1 -1 -1 228 243 227 161 149 173 216 228 232 225 219 221 201 175 156 165 198 171 132 120 -1 257 274 285 286 277 265 214 117 106 103 99 104 147 167 156 131 130 180 239 249 -1 249 250 167 133 130 315 319 324 339 355 1 324 268 247 -1 67 333 300 302 315 353 57
39 60 65 58 51 51 49 37 13 15 41 52 54 -1 -1 -1 -1 -1 255 270 272 258 230 -1 -1 -1 281 303 330 356 30 57 -1 232 209 162 158 266 309 329 341 350 356 354 21 110 135 161 193 172 138 129 -1 261 280 280 274 268 257 212 102 84 73 53 36 35 49 102 126 130 -1 245 239 -1 205 205 166 149 237 284 290 293 310 353 14 3 315 275 -1 18 325 298 290 293 -1 41
51 66 68 61 56 56 51 40 19 19 49 61 61 -1 -1 -1 -1 -1 261 267 264 236 214 -1 -1 300 301 309 326 2 52 69 -1 214 203 171 242 293 309 324 342 357 5 14 30 47 56 -1 -1 -1 140 135 -1 246 257 250 242 240 236 225 -1 54 45 34 27 32 45 66 92 113 -1 249 225 168 173 186 178 194 254 252 245 241 231 201 163 167 -1 264 285 333 311 290 272 258 -1 -1
68 74 69 58 55 57 53 47 35 32 63 71 67 59 -1 -1 -1 -1 255 254 242 212 230 273 311 315 305 304 315 -1 90 91 104 176 213 237 282 287 295 307 330 3 25 40 42 43 46 50 63 -1 -1 -1 -1 240 244 235 238 245 245 231 -1 -1 62 64 69 60 59 68 73 75 -1 236 205 161 157 188 231 262 253 225 216 216 209 191 177 186 209 229 234 235 251 243 228 230 229 -1
110 93 76 62 56 56 54 53 50 51 69 71 68 67 -1 -1 -1 -1 244 238 228 225 270 292 312 322 315 304 -1 129 112 104 105 -1 261 296 301 293 291 289 282 130 129 128 104 64 57 56 59 68 -1 108 -1 240 249 249 258 260 247 216 209 195 106 100 114 147 123 98 95 96 -1 195 188 169 -1 -1 280 291 308 -1 229 227 217 193 184 198 211 216 217 215 211 207 220 235 218 189
127 116 107 96 78 67 63 58 55 54 66 69 67 65 62 -1 -1 -1 -1 247 253 270 284 292 305 322 330 -1 119 138 122 104 102 -1 278 293 304 297 287 264 172 152 156 168 178 161 84 66 69 81 101 110 141 244 266 273 266 251 222 204 220 217 126 104 104 135 149 122 110 113 129 167 180 194 -1 295 304 315 342 358 354 330 301 319 339 -1 225 215 219 212 200 214 242 236 183 180
117 123 127 128 111 91 81 74 68 66 70 71 70 70 71 -1 -1 -1 308 302 293 289 284 284 292 315 351 71 108 138 142 112 104 -1 273 276 279 276 265 210 143 143 159 181 197 205 -1 81 77 88 112 113 130 243 261 259 239 218 201 213 237 228 135 104 93 94 104 90 83 95 119 147 -1 251 278 293 300 311 333 352 3 357 332 335 351 8 26 -1 241 217 209 241 251 198 158 174
112 120 128 146 145 119 105 101 101 100 96 90 84 79 76 -1 -1 292 315 326 318 295 278 273 271 270 -1 112 116 137 158 137 121 -1 259 254 247 246 242 177 125 129 153 195 221 232 225 93 83 88 109 122 122 237 241 219 202 196 201 229 242 228 151 111 106 109 118 97 93 103 122 -1 -1 295 297 284 271 266 277 315 1 4 333 322 339 14 30 17 351 321 273 253 231 170 145 167
106 112 127 152 160 148 135 128 128 127 127 121 109 93 83 -1 -1 278 292 315 -1 285 268 261 249 210 162 138 131 141 157 151 149 219 247 243 240 244 243 166 115 113 136 212 235 240 239 -1 95 94 103 122 125 225 231 208 202 203 225 246 242 222 177 128 112 122 157 159 132 125 130 -1 300 307 321 323 284 252 250 267 321 3 337 315 319 9 28 17 11 1 348 324 207 159 138 154
115 109 122 147 159 162 155 147 144 142 141 138 127 104 85 63 -1 272 257 230 -1 251 254 247 228 187 162 149 143 148 152 149 165 225 239 247 255 259 244 164 118 102 110 219 240 242 230 163 115 104 104 115 129 -1 246 259 284 295 285 260 235 214 189 150 119 120 149 165 150 138 -1 293 294 297 315 342 341 322 295 284 292 343 333 317 311 352 25 17 15 5 358 21 59 111 115 123
135 112 115 135 149 162 162 154 147 137 127 115 93 77 65 45 -1 270 228 217 220 225 235 227 206 178 160 155 157 161 156 150 -1 235 245 260 264 254 214 167 136 109 104 225 249 242 217 168 129 115 115 123 -1 -1 281 302 325 339 341 -1 212 207 195 164 130 123 137 160 156 -1 -1 290 285 281 290 322 340 340 325 305 291 -1 266 270 266 -1 -1 -1 -1 -1 -1 55 60 62 71 84
147 118 112 116 118 130 -1 81 45 33 29 30 39 53 58 40 -1 -1 -1 240 229 220 221 207 191 175 161 159 168 176 -1 -1 -1 -1 251 254 246 223 192 174 157 130 122 209 246 238 209 168 137 125 124 130 -1 280 290 299 315 345 48 116 188 209 202 160 135 129 138 -1 -1 -1 321 293 282 278 282 298 317 329 329 330 -1 176 203 211 214 209 175 -1 -1 135 170 195 90 74 79 91
157 130 113 99 56 6 8 11 7 10 22 41 59 70 56 23 14 18 -1 -1 -1 225 214 194 182 172 161 -1 -1 -1 -1 -1 -1 -1 254 236 220 204 189 180 168 151 147 209 240 231 204 165 145 135 135 -1 -1 282 287 292 300 -1 86 104 165 227 217 137 128 132 -1 -1 -1 -1 321 299 278 270 268 274 288 304 321 5 90 138 187 203 210 207 186 180 158 141 171 213 172 111 104 105
152 136 108 67 1 350 1 8 11 21 45 68 83 92 -1 2 18 27 18 -1 -1 -1 -1 -1 -1 -1 -1 -1 -1 -1 -1 -1 -1 -1 -1 230 209 200 192 184 174 162 168 225 235 220 196 164 149 147 159 -1 -1 283 282 284 286 -1 100 106 153 236 198 132 126 142 -1 270 -1 -1 -1 -1 261 248 247 253 266 273 266 119 111 128 177 200 209 207 200 182 143 135 173 212 191 141 120 115
90 81 48 9 342 344 0 12 26 50 75 88 94 93 310 345 36 45 20 16 12 -1 326 327 345 1 16 -1 -1 -1 -1 -1 -1 -1 -1 -1 -1 -1 205 198 187 -1 -1 230 221 205 190 166 153 159 -1 -1 299 286 282 283 278 117 109 109 153 219 174 142 139 167 273 291 -1 -1 -1 -1 219 229 240 248 250 235 198 154 132 139 206 -1 -1 244 242 -1 115 113 154 204 193 160 136 126
45 27 5 347 335 342 13 42 72 91 100 102 97 -1 308 350 50 45 2 8 12 352 336 336 351 15 37 40 -1 -1 -1 -1 -1 -1 -1 -1 -1 -1 -1 -1 -1 -1 -1 -1 213 200 188 167 153 -1 -1 288 294 287 283 281 -1 115 112 113 155 195 165 145 145 -1 289 297 -1 -1 -1 -1 188 216 237 241 231 206 182 159 148 180 274 317 342 336 310 -1 77 73 75 169 183 166 148 139
55 8 348 337 328 356 77 90 96 99 102 100 83 327 311 10 53 25 349 1 5 347 332 334 1 45 60 63 -1 -1 -1 274 303 330 352 11 8 3 11 -1 -1 -1 -1 -1 -1 -1 -1 -1 -1 -1 297 307 299 285 278 265 144 124 122 121 151 187 166 153 -1 276 267 248 -1 -1 161 161 176 214 232 232 219 195 177 161 164 241 272 281 -1 -1 -1 -1 37 41 47 63 120 154 147 150
49 339 330 329 -1 108 110 99 92 90 90 87 63 307 307 30 48 2 339 357 1 346 335 345 -1 104 96 87 93 -1 -1 278 295 318 347 8 6 2 16 32 33 -1 -1 -1 -1 -1 -1 -1 -1 296 302 311 298 277 261 215 146 135 133 130 145 -1 -1 -1 -1 239 231 204 184 175 169 169 -1 214 220 219 208 191 183 172 216 266 253 210 195 197 199 191 176 104 78 79 91 120 135 -1
15 344 332 -1 -1 119 122 107 98 91 85 82 61 284 288 -1 19 346 337 352 1 353 0 71 111 120 117 104 96 -1 270 277 284 298 329 2 5 10 30 53 57 -1 -1 -1 -1 -1 -1 -1 -1 285 288 285 255 247 227 177 151 143 144 145 -1 -1 -1 -1 -1 225 216 195 184 180 183 -1 -1 -1 208 212 203 197 200 209 243 242 204 185 190 195 188 180 180 177 154 122 115 123 -1 -1
10 2 12 -1 110 113 122 107 97 91 85 79 39 292 290 -1 344 334 334 351 5 11 45 81 95 107 119 118 93 -1 290 280 276 282 302 339 0 24 54 73 71 -1 -1 -1 -1 -1 -1 -1 -1 262 254 206 210 220 192 163 154 151 155 -1 -1 -1 -1 -1 -1 -1 -1 -1 -1 -1 -1 -1 -1 -1 -1 -1 -1 220 219 220 221 202 180 180 190 193 180 173 178 182 175 153 137 141 -1 -1
24 40 82 116 124 121 126 106 90 85 84 81 -1 298 299 320 318 315 326 352 10 37 67 81 85 90 98 -1 -1 -1 307 303 287 282 298 326 351 31 61 70 61 -1 341 26 30 -1 -1 -1 -1 242 221 182 192 199 176 158 154 -1 -1 -1 -1 -1 -1 -1 -1 -1 315 324 337 347 343 345 341 340 349 1 6 355 -1 220 208 189 177 184 197 195 177 161 173 190 185 168 147 -1 -1 278
