inputs/landscapes/Bridge2021-elevation.asc
ncols        670
nrows        670
xllcorner    -2135655.000000000000
yllcorner    2037645.000000000000
cellsize     30.000000000000
NODATA_value -32768
[rows 210 to 251 of 670, columns 376 to 469 of 670]
475 476 476 476 475 475 478 484 489 495 497 499 499 496 493 492 493 493 494 497 501 506 513 520 525 528 531 538 544 544 544 543 541 545 550 554 557 558 559 556 551 543 535 530 527 523 518 515 517 526 534 539 535 530 525 525 522 521 523 527 533 537 539 539 536 532 525 520 515 507 494 490 500 513 517 519 521 521 513 504 496 489 487 486 483 477 475 483 494 501 497 486 475 467
477 477 477 477 477 476 476 479 482 487 488 489 488 489 490 491 492 493 496 499 504 511 518 524 526 533 541 546 543 540 541 545 547 550 553 557 562 563 563 559 551 542 531 523 519 516 513 511 517 525 534 540 537 528 523 521 520 523 527 532 538 540 541 536 530 525 521 520 521 515 502 489 492 504 506 508 511 513 514 505 492 485 480 478 475 471 472 482 493 502 502 491 477 468
479 479 479 478 478 476 475 477 479 481 483 486 487 489 491 493 496 498 501 505 512 519 521 524 528 536 541 539 535 535 542 548 550 551 553 556 557 559 561 559 553 545 535 523 513 509 507 508 514 520 527 534 534 527 519 519 519 525 532 537 542 544 543 535 525 518 516 518 520 515 505 491 485 489 491 496 501 502 510 507 498 492 485 479 473 467 470 479 488 497 500 492 476 470
480 480 480 480 479 478 477 478 481 483 485 488 491 493 495 497 502 505 511 517 521 522 520 522 525 530 532 528 528 538 546 550 550 548 549 550 550 553 558 557 553 546 537 527 517 510 504 506 510 516 521 524 526 521 516 515 521 528 536 542 545 546 545 538 529 521 512 513 516 511 504 495 485 480 478 481 484 490 498 500 492 485 483 481 476 466 466 475 481 488 494 489 476 474
482 483 482 481 480 480 479 480 482 485 488 491 496 499 502 504 509 515 519 520 524 522 517 516 519 522 522 521 529 540 548 552 549 543 542 543 542 548 555 555 550 545 537 527 517 509 504 504 505 509 514 517 518 515 512 514 524 532 540 546 547 549 547 540 530 520 511 505 504 501 498 497 495 489 481 475 472 475 481 487 483 475 474 474 471 463 462 468 474 480 485 483 475 476
486 487 485 483 482 481 481 481 483 488 492 495 501 505 509 514 519 521 522 518 518 518 515 513 515 516 515 519 530 540 548 550 548 540 533 533 532 541 549 548 545 537 529 520 513 507 502 501 503 505 507 509 510 510 511 516 526 535 543 549 546 543 543 537 529 520 510 499 492 491 490 492 496 496 490 478 469 466 470 473 473 467 463 462 462 458 455 455 462 469 476 474 474 476
489 491 490 489 488 485 481 483 487 492 498 501 505 511 517 521 523 526 526 521 517 514 512 511 512 512 512 519 527 536 543 546 545 535 524 523 524 535 541 539 533 527 520 514 508 504 500 499 501 502 502 504 505 507 513 519 528 538 546 549 543 532 529 526 521 514 507 500 492 484 483 486 490 492 492 485 476 465 462 463 460 459 455 455 456 453 449 445 448 457 465 468 471 475
493 494 495 494 492 488 483 488 494 496 504 509 515 519 521 524 528 531 529 525 519 514 511 507 507 509 511 515 523 529 534 539 539 529 520 513 516 524 528 526 523 519 512 506 503 499 496 496 497 500 500 502 504 507 514 521 530 539 546 549 544 529 518 514 515 509 501 493 486 478 477 480 480 480 484 482 475 463 454 454 454 453 452 451 451 451 447 444 443 448 457 465 469 472
496 499 499 498 495 492 489 495 501 506 513 519 520 522 524 528 532 532 530 525 519 514 510 507 505 507 509 511 515 522 530 533 530 522 515 508 508 512 515 517 516 512 507 500 496 494 494 498 501 503 503 505 507 509 515 522 531 540 544 545 543 529 516 506 508 506 501 494 487 481 473 469 464 463 468 468 463 455 450 450 450 451 451 451 452 450 449 446 444 449 458 466 469 472
500 503 503 502 498 496 496 504 513 517 520 521 523 524 527 531 534 532 529 523 517 514 510 506 504 505 505 506 511 518 523 524 522 518 513 506 501 504 506 507 506 506 504 498 493 491 496 502 506 508 507 509 512 515 519 523 530 537 540 540 538 527 513 499 494 498 498 494 493 489 481 474 468 459 454 454 451 450 450 452 453 456 456 456 459 461 457 460 463 465 468 469 473 479
503 508 509 507 503 502 505 517 519 519 520 523 526 530 532 535 536 534 531 527 522 517 513 508 504 503 503 505 509 512 515 516 514 514 512 506 500 497 500 500 500 502 500 493 490 491 499 504 507 510 512 514 517 522 525 529 533 535 534 531 529 521 510 495 485 487 488 489 492 490 487 482 477 466 452 448 450 454 456 456 461 469 477 483 484 487 486 483 483 484 483 478 479 485
511 517 519 515 510 511 513 514 518 520 523 526 529 532 535 538 538 537 533 531 526 520 516 511 505 503 502 503 504 505 508 508 506 509 509 507 500 493 494 494 495 498 494 488 487 493 500 505 508 511 513 516 519 525 531 536 538 532 523 520 518 514 504 491 479 476 477 481 483 483 484 484 479 467 451 448 454 459 466 471 477 489 500 506 506 501 499 500 499 496 494 488 484 487
518 519 518 517 516 513 512 516 519 520 521 523 526 529 532 538 539 536 531 527 524 521 517 512 508 505 501 499 499 497 499 499 499 502 506 506 501 496 489 488 490 490 487 485 491 500 504 507 509 511 512 515 519 526 534 539 540 535 525 514 507 502 495 484 474 468 469 473 475 477 484 485 479 462 448 450 456 468 478 482 489 498 506 512 515 513 511 511 512 508 501 495 489 491
519 519 520 524 518 515 516 519 520 518 514 516 518 522 526 530 533 529 523 519 520 521 520 517 514 511 507 503 499 495 494 492 492 496 499 501 502 498 493 487 485 485 484 489 497 503 507 509 509 509 510 514 518 526 532 537 538 534 526 515 502 488 481 476 469 463 461 465 468 477 488 488 479 462 447 449 458 470 482 489 495 502 509 516 520 521 523 524 522 517 506 497 493 494
523 525 522 521 518 518 519 520 520 518 510 507 511 514 517 520 521 519 516 513 516 520 524 524 524 521 516 511 505 499 494 489 487 490 493 496 500 498 495 488 482 482 488 494 500 505 508 507 505 502 508 511 515 522 527 529 530 528 523 516 506 492 482 473 466 460 455 456 465 475 486 487 481 467 449 448 456 469 480 489 497 504 511 518 523 529 536 532 527 522 513 503 497 497
524 521 518 516 517 519 520 518 518 516 509 502 502 506 509 511 511 510 507 508 514 520 526 531 534 532 528 520 514 509 502 494 488 484 485 490 493 496 494 489 480 485 492 499 502 504 504 500 495 494 503 504 509 515 517 518 519 518 516 512 506 494 484 475 466 459 452 452 462 470 479 479 475 463 449 447 455 463 474 482 491 500 509 516 524 532 533 530 528 526 521 512 507 506
517 516 515 513 514 516 515 511 512 512 508 500 496 498 500 502 503 502 502 505 511 518 525 533 539 538 536 530 522 515 510 503 496 488 482 483 486 489 489 484 480 489 495 501 502 502 498 491 487 492 497 497 503 507 508 506 508 507 504 503 498 489 483 476 467 460 452 448 452 458 463 464 459 452 443 448 457 464 473 480 486 492 500 511 522 528 525 522 526 527 527 522 518 519
515 514 511 507 511 512 508 502 506 508 505 499 491 492 494 495 495 498 501 504 508 513 520 530 537 540 540 535 528 520 515 510 504 498 488 480 479 481 481 476 482 491 496 498 496 493 488 482 481 489 491 491 500 502 499 494 495 492 489 487 485 481 476 471 465 457 450 443 442 446 448 448 447 443 449 454 461 468 477 485 493 500 507 514 521 522 518 513 517 521 526 526 523 524
513 511 505 499 502 503 498 497 503 504 499 493 487 487 488 491 496 502 504 504 503 506 513 522 529 532 534 532 527 521 516 512 506 501 492 482 474 476 475 475 484 492 496 493 489 484 479 473 475 481 482 487 495 496 489 484 483 479 475 472 470 467 465 462 458 453 445 438 437 438 440 439 443 453 457 461 468 475 480 490 499 509 516 522 525 522 515 508 506 509 517 522 522 520
514 508 500 493 491 491 487 495 502 502 495 487 484 483 486 492 501 507 508 506 501 498 505 512 518 523 525 523 519 516 512 509 503 496 489 481 472 472 472 477 487 495 495 487 481 475 471 466 465 470 474 482 487 488 484 480 475 470 465 459 456 454 454 454 453 449 442 437 448 450 446 448 455 459 467 474 476 482 485 493 501 511 519 524 526 521 514 507 499 499 506 513 516 514
519 512 503 494 485 480 481 492 497 496 489 483 481 481 488 494 502 508 508 505 498 491 496 501 508 512 515 514 510 506 503 500 494 487 481 473 467 468 473 480 489 495 490 484 477 469 464 460 458 461 467 475 479 481 481 479 477 473 464 454 447 445 446 446 445 441 438 444 453 461 462 459 464 474 482 482 484 489 493 497 504 512 520 525 528 523 515 506 498 493 495 501 502 504
520 514 507 500 489 477 475 483 486 486 483 479 478 482 489 495 500 502 502 500 494 486 488 494 501 504 506 504 502 498 494 490 484 478 471 466 463 467 475 481 486 488 484 480 474 468 459 454 452 455 462 468 471 473 475 476 478 474 467 457 446 438 437 434 433 437 444 454 462 476 479 481 486 491 494 492 492 499 503 504 508 513 520 524 525 522 517 508 497 486 486 488 490 495
516 511 506 501 491 479 470 474 477 482 482 476 477 484 490 495 497 496 494 492 486 479 483 493 499 500 500 498 496 492 486 479 474 468 462 460 463 469 475 478 479 479 477 474 472 467 459 452 447 450 456 460 463 465 467 471 477 471 461 453 443 433 432 432 437 448 454 460 479 491 494 499 504 505 504 503 502 508 510 511 512 516 521 521 519 516 511 504 492 481 478 480 484 489
508 505 503 498 489 477 468 471 478 483 482 476 478 485 489 489 489 487 484 480 474 473 483 495 497 495 493 492 490 485 478 471 464 459 457 463 469 472 473 471 472 472 469 465 466 463 457 447 442 445 449 453 455 457 461 469 476 468 456 447 438 432 435 438 442 452 458 471 484 497 505 512 517 518 515 511 511 515 517 517 517 520 519 515 512 508 505 498 488 476 470 474 476 479
497 496 495 491 484 474 467 473 481 485 483 474 477 486 488 482 479 476 474 472 466 470 483 494 497 491 486 485 482 478 472 466 458 454 461 469 472 472 468 464 464 464 462 458 457 456 451 445 436 437 442 444 446 452 461 470 476 468 456 445 435 433 443 447 450 454 460 468 480 492 504 515 520 522 521 518 518 522 526 525 521 519 514 508 507 502 496 489 481 471 464 465 465 469
497 490 485 481 477 469 463 475 484 487 483 474 476 486 490 484 476 470 466 463 459 467 480 491 497 489 479 477 474 471 467 461 454 450 459 469 472 471 466 460 456 455 454 450 447 447 443 438 430 430 435 437 440 452 461 470 477 471 461 449 437 433 444 451 456 459 463 469 478 488 499 508 514 518 520 522 523 528 530 526 519 512 509 504 501 498 492 485 474 465 457 456 457 461
501 491 482 475 467 461 464 477 486 487 481 473 475 486 492 488 479 468 458 455 454 463 475 485 492 487 474 468 467 466 462 457 452 443 452 462 470 471 467 460 452 447 445 441 438 436 432 427 423 425 429 430 438 450 459 468 474 472 464 455 443 432 440 452 460 468 473 477 485 493 501 507 512 517 520 521 523 526 528 524 515 505 504 499 493 490 488 483 470 457 451 450 450 453
500 492 484 473 460 454 465 479 488 486 479 469 475 485 494 492 483 475 465 456 450 455 466 476 484 480 467 461 461 460 458 454 447 438 446 457 466 470 468 463 453 441 432 430 427 424 422 418 417 420 423 427 437 447 456 463 469 471 466 457 447 434 431 453 461 474 482 491 496 502 508 512 517 520 520 518 517 519 523 520 510 498 496 494 486 482 479 474 465 451 441 444 443 445
495 488 479 469 454 454 467 480 485 483 476 465 475 486 494 496 488 479 472 462 451 447 456 465 473 470 459 454 456 456 453 449 441 433 444 454 461 466 467 464 456 445 431 423 418 414 418 421 418 417 421 426 436 443 451 457 462 465 461 454 447 437 431 453 462 480 493 501 507 512 517 522 524 523 516 512 509 511 513 513 505 492 486 487 483 475 465 459 452 440 430 435 434 436
489 480 472 462 450 453 466 477 480 477 468 463 475 487 496 501 496 489 480 470 455 440 445 455 461 458 451 450 452 452 450 446 437 431 442 451 456 461 464 462 456 444 429 418 413 419 426 432 427 420 420 426 434 439 445 451 454 456 452 445 438 431 437 453 463 482 495 504 510 515 520 526 527 525 519 504 499 499 501 502 497 488 478 480 480 475 469 456 442 428 418 422 421 428
487 478 468 457 446 450 465 473 473 468 459 462 477 490 499 503 499 493 485 472 456 440 434 443 449 447 442 446 448 447 446 442 432 428 439 447 452 456 459 457 450 438 423 414 417 427 436 444 435 422 420 425 431 436 441 447 450 447 440 434 428 429 440 454 465 478 487 495 500 505 513 519 523 525 518 501 489 485 488 489 488 480 473 472 474 473 473 462 447 434 417 413 413 424
483 475 467 455 442 447 458 464 462 457 451 464 479 492 497 497 494 488 480 467 454 438 428 431 436 435 436 441 444 444 442 437 428 425 436 442 449 453 454 449 440 429 414 417 426 437 447 450 440 426 420 423 427 432 438 444 445 439 430 426 427 433 442 454 464 474 479 483 488 495 500 505 509 513 513 500 485 472 471 473 474 471 464 462 468 470 470 463 451 440 422 409 409 415
478 471 463 454 444 438 447 450 448 445 453 468 479 486 488 486 483 478 469 457 447 435 423 424 426 427 435 439 442 443 440 434 426 421 430 438 445 447 444 438 431 421 412 424 436 449 456 454 445 429 419 421 424 427 433 438 438 431 426 429 438 443 445 452 458 466 471 474 478 485 489 490 492 497 502 499 484 467 456 455 459 460 456 448 453 457 461 459 450 437 419 403 403 405
471 464 457 451 444 433 434 437 437 442 456 467 473 476 476 474 472 466 458 445 434 423 416 420 427 434 440 444 444 444 442 434 426 418 423 433 438 437 434 429 422 413 416 429 446 456 462 458 451 433 428 425 425 423 426 430 432 426 428 439 449 452 450 451 455 459 463 465 468 470 473 476 476 480 487 491 480 463 447 438 439 444 444 431 427 437 449 453 443 426 409 393 396 396
463 457 451 445 442 432 426 428 433 441 453 462 464 464 464 462 459 455 447 436 425 412 413 424 434 441 446 449 451 446 443 437 428 415 417 424 428 428 426 420 411 412 422 435 452 463 467 462 455 447 445 443 438 431 426 425 424 426 437 449 459 462 458 453 452 453 455 456 456 454 454 456 457 460 468 475 469 457 439 423 420 424 428 420 414 424 436 444 439 423 405 383 380 380
456 451 444 437 436 432 421 422 429 438 447 454 455 454 452 450 447 443 438 429 415 405 411 425 435 442 445 448 447 443 440 437 429 417 411 414 416 417 413 409 407 416 427 443 456 465 468 466 463 460 461 457 453 447 441 439 438 440 451 460 467 470 467 460 453 447 450 453 447 441 439 439 439 442 449 457 457 445 429 419 409 407 412 409 407 415 427 437 437 422 404 378 362 361
448 442 439 433 427 428 416 415 423 431 438 444 444 442 439 437 435 433 427 418 408 399 405 420 428 433 436 437 437 434 432 432 427 416 405 404 405 406 407 411 414 419 429 446 456 462 465 470 472 472 474 471 466 462 457 455 454 458 466 472 476 476 472 463 450 441 447 452 447 436 427 424 423 428 433 434 437 431 420 412 401 396 399 399 398 407 417 424 428 423 408 381 359 346
436 434 432 429 423 420 412 407 415 422 428 431 432 430 427 427 427 425 419 411 401 394 398 410 419 423 424 426 425 423 423 424 420 410 401 403 408 412 419 422 424 426 429 439 450 456 462 470 475 480 483 482 478 474 471 471 474 478 483 486 485 480 473 463 449 436 441 447 445 436 423 412 409 415 418 418 416 417 409 398 390 386 388 388 385 393 404 410 414 416 407 387 364 343
427 426 426 424 419 413 405 400 405 411 416 419 418 417 416 417 418 416 410 402 395 389 390 395 404 412 414 415 415 413 413 413 408 402 402 410 419 425 432 437 436 436 437 439 446 454 463 470 476 483 489 491 489 486 485 488 492 495 497 494 488 482 474 462 449 433 434 440 441 433 424 412 400 399 399 400 400 402 397 386 377 375 380 379 370 371 384 390 394 398 397 387 368 349
418 417 417 416 414 409 401 394 396 399 401 402 402 402 403 404 406 404 400 395 387 391 392 389 393 401 406 405 404 402 402 402 400 401 407 416 425 436 445 448 447 447 448 448 452 456 464 471 476 483 490 495 497 496 496 501 504 507 506 500 490 482 472 461 448 432 425 431 433 428 419 408 394 383 379 377 384 388 381 372 363 364 371 367 355 355 364 368 373 377 377 376 362 347
410 409 410 409 407 404 399 391 387 388 390 389 388 390 392 394 395 393 391 387 389 399 402 395 390 393 395 396 395 396 396 400 403 406 411 418 427 441 451 453 454 454 454 455 459 462 467 472 476 479 486 491 495 496 498 503 507 509 506 500 490 482 470 459 447 434 421 414 419 423 416 404 391 374 362 360 370 374 368 358 348 351 358 353 340 337 347 352 354 357 359 359 350 336
401 401 401 401 399 396 392 387 380 378 378 378 380 382 382 383 385 385 384 389 398 407 412 407 399 396 395 395 398 403 407 411 415 417 419 423 431 441 449 454 458 460 461 461 463 468 472 473 472 467 468 476 481 485 489 494 498 499 497 492 485 477 466 456 444 432 422 411 406 415 417 406 390 376 363 349 353 360 353 344 334 336 341 336 324 320 328 333 330 336 337 338 333 321
