inputs/landscapes/Bridge2021-elevation.asc
ncols        670
nrows        670
xllcorner    -2135655.000000000000
yllcorner    2037645.000000000000
cellsize     30.000000000000
NODATA_value -32768
[rows 42 to 83 of 670, columns 564 to 657 of 670]
666 666 670 672 671 668 663 658 656 657 658 661 661 652 647 645 646 647 648 654 658 658 653 644 633 628 624 622 615 604 600 590 586 586 582 574 562 545 535 552 568 578 582 583 593 607 611 610 607 611 619 628 639 642 641 640 635 631 633 639 647 649 647 636 621 612 606 608 612 618 620 619 617 611 606 605 603 600 597 593 590 586 586 588 590 594 598 600 602 606 610 613 615 616
669 672 675 677 677 673 667 661 657 654 652 652 650 648 646 645 647 649 651 656 659 660 659 653 643 637 636 634 624 609 601 599 603 601 595 586 574 556 536 540 558 568 571 573 586 599 604 601 599 608 621 633 641 639 636 634 628 627 635 642 648 651 647 632 620 611 604 606 609 612 613 612 610 606 600 596 596 594 592 589 586 584 586 587 589 592 595 598 601 603 608 611 613 613
672 677 681 683 683 679 671 664 659 653 647 646 646 646 647 647 648 649 653 658 660 662 663 659 652 647 643 637 626 607 605 614 619 617 609 596 582 567 542 530 543 554 557 567 580 591 593 589 598 612 626 637 639 636 630 623 620 625 637 642 647 651 644 629 618 611 601 603 606 608 608 607 604 600 594 588 586 588 587 584 582 585 587 588 589 591 593 595 597 598 602 607 611 612
677 681 685 686 687 683 675 667 660 654 649 646 646 647 647 647 646 648 654 658 661 663 664 661 656 651 644 636 620 605 617 631 634 629 618 602 586 569 548 531 532 541 548 564 576 582 581 585 598 613 628 638 637 633 626 619 617 624 633 640 646 648 640 628 618 611 602 600 602 604 603 600 598 594 588 584 582 581 580 581 584 587 589 590 593 593 593 595 596 597 598 601 604 608
678 684 687 690 689 685 677 669 661 653 649 648 647 647 646 646 646 651 656 659 661 662 663 660 655 649 641 628 612 611 629 640 640 634 621 602 586 569 550 535 526 530 544 559 569 572 573 583 599 612 627 637 634 629 623 614 614 620 628 636 645 647 639 628 618 611 601 597 600 601 600 597 591 586 583 579 577 577 580 585 587 589 592 594 596 598 598 598 600 602 603 605 606 609
678 685 688 691 689 685 678 670 661 649 646 647 647 646 645 645 648 653 658 661 662 661 660 655 649 641 630 621 617 618 635 642 640 634 622 606 590 575 561 545 530 526 539 553 559 564 575 591 605 617 629 636 632 626 619 610 610 617 627 637 644 649 642 632 622 612 602 594 595 598 598 592 585 580 577 574 575 581 584 586 589 592 594 597 601 603 604 605 605 607 608 609 614 621
676 683 687 689 688 684 676 668 659 650 646 646 645 645 644 646 650 655 660 662 663 661 657 648 643 635 636 634 627 623 634 638 638 634 626 614 600 587 574 560 541 522 527 540 550 563 581 598 612 624 635 637 632 624 615 608 607 618 632 640 647 649 645 636 627 617 607 596 589 593 592 588 581 573 571 572 585 590 589 591 592 594 596 601 607 610 611 613 614 615 620 622 626 632
673 680 684 685 684 680 673 664 657 651 647 644 644 643 644 646 650 656 660 661 662 662 659 652 646 646 646 641 632 628 632 633 633 630 624 615 604 592 580 567 548 525 523 536 549 568 584 599 613 627 637 638 632 625 616 608 607 621 634 640 647 648 644 637 629 618 608 596 584 586 588 583 576 570 568 580 594 599 597 595 593 595 597 607 613 618 621 624 626 630 635 636 638 642
670 675 678 680 678 674 667 659 654 650 646 644 643 643 644 646 649 654 658 660 660 659 658 654 650 650 649 644 635 631 629 629 627 624 618 610 601 590 579 567 548 524 523 535 548 565 579 592 609 624 637 638 634 626 617 606 605 619 631 639 643 645 642 635 626 615 604 593 582 579 579 577 572 565 568 586 600 602 600 597 594 594 601 611 618 625 630 634 638 642 646 648 650 650
665 670 673 673 671 663 661 655 651 648 645 642 642 643 644 646 649 655 657 657 657 656 655 652 651 650 649 645 636 627 623 623 620 615 609 602 593 583 573 561 543 521 520 532 543 556 571 587 604 621 636 640 634 627 618 604 599 613 623 634 638 642 640 630 621 609 600 591 584 579 572 569 566 561 567 587 605 607 602 596 591 592 599 613 620 628 635 639 642 647 650 652 654 655
660 663 665 666 662 653 652 651 646 643 640 639 641 645 647 649 653 657 658 658 655 654 652 649 647 647 647 643 633 623 617 614 610 605 599 591 583 574 564 552 535 513 522 535 549 560 573 589 604 621 637 639 633 625 615 602 597 608 617 627 633 639 638 628 618 610 605 597 591 587 577 565 561 559 564 584 607 609 599 591 589 592 598 610 618 629 637 640 642 644 648 652 653 652
656 656 657 656 650 645 649 646 642 639 635 637 641 647 651 654 658 660 660 659 655 651 649 645 640 636 640 637 627 619 613 608 600 594 585 579 571 562 550 538 521 513 529 542 556 570 582 595 608 622 631 632 628 621 611 596 593 600 611 619 628 636 638 631 623 622 616 606 601 594 583 566 557 555 560 575 592 599 591 583 586 590 595 606 616 626 635 638 637 635 643 648 647 646
652 645 647 646 643 641 641 639 636 634 634 639 643 648 654 659 661 662 659 657 651 647 641 637 630 624 627 628 620 615 612 612 607 601 591 581 568 555 542 525 507 515 530 546 561 576 589 600 609 616 617 617 617 611 602 588 587 595 604 614 623 632 636 634 631 628 623 617 610 600 588 572 562 558 555 566 575 580 579 574 574 583 592 602 612 620 628 631 629 626 637 642 637 634
654 644 641 639 638 636 635 633 633 633 636 641 645 651 658 661 663 663 659 655 649 645 637 631 624 613 615 619 614 609 611 617 616 612 605 595 582 565 548 525 506 512 529 546 562 574 588 600 606 607 602 600 601 598 589 581 585 594 603 611 621 631 637 638 636 634 630 624 615 605 593 581 571 562 552 556 564 568 568 565 568 577 590 596 606 612 618 620 618 619 630 634 629 622
655 644 637 634 634 633 633 632 633 634 638 643 647 654 660 663 665 666 663 659 655 650 644 638 629 617 608 610 609 606 611 622 624 619 614 606 593 576 560 540 509 504 523 540 555 567 580 592 599 598 588 582 586 581 576 580 591 601 608 617 625 633 638 641 640 638 633 626 618 609 599 588 576 565 551 547 552 556 557 557 563 573 582 586 598 602 606 609 607 610 619 623 619 611
654 642 634 632 631 631 631 631 633 635 639 644 649 655 660 663 667 669 670 665 661 655 649 642 634 622 606 600 600 602 610 622 626 622 617 612 599 582 565 547 519 499 515 530 546 557 568 581 589 589 575 566 567 565 571 585 597 606 616 624 630 636 639 642 641 639 635 627 619 610 600 589 575 563 553 548 545 544 547 549 558 566 574 580 587 593 596 598 597 601 609 611 608 602
653 641 633 630 629 630 630 632 634 636 640 644 648 654 660 663 667 671 673 669 663 657 650 642 632 622 609 595 593 599 609 619 624 623 618 612 599 583 567 549 523 498 506 521 535 546 558 570 578 577 562 551 549 558 575 589 600 608 617 623 629 636 639 640 642 638 634 626 618 608 597 584 571 561 560 558 551 542 538 541 550 557 565 573 577 580 584 587 587 592 599 600 597 601
650 640 633 630 628 629 630 632 634 637 640 643 646 653 658 662 665 670 672 669 662 655 645 636 627 617 604 594 587 594 604 613 618 619 616 609 597 582 566 547 525 500 498 512 525 538 551 563 568 566 555 540 547 563 578 590 600 606 609 616 625 630 635 638 639 637 631 623 614 604 591 578 569 568 569 566 557 548 538 534 538 545 553 561 566 568 571 574 574 580 586 585 585 600
648 639 633 629 628 628 630 632 634 636 638 644 648 653 656 658 660 664 667 665 660 652 641 631 622 613 601 592 584 587 598 606 613 615 612 606 595 581 564 545 529 508 491 504 517 531 545 554 559 556 546 535 547 564 577 589 596 598 600 609 616 623 630 635 637 634 627 619 608 598 585 574 575 579 579 573 563 554 544 535 532 536 545 552 557 560 562 562 563 568 572 579 591 606
645 637 632 628 627 627 629 631 632 633 638 644 649 656 658 658 657 656 657 658 656 649 640 632 624 615 605 596 585 581 589 598 605 609 608 603 595 580 564 551 536 518 493 492 509 523 536 544 548 546 537 533 544 559 574 584 589 588 592 599 609 617 624 630 631 628 621 612 602 593 584 583 586 589 587 579 569 560 551 541 533 531 536 541 545 548 550 553 556 559 567 583 598 610
643 634 630 627 626 627 628 630 631 633 639 646 653 659 661 660 658 654 652 652 651 646 640 633 626 616 606 596 587 577 582 589 596 600 601 599 591 580 569 556 540 522 496 485 501 515 526 532 535 533 527 527 538 551 564 573 577 579 585 597 607 615 620 625 625 622 615 606 597 590 586 591 595 596 592 584 573 564 557 549 539 529 528 531 534 536 540 548 553 557 567 582 595 608
639 632 627 625 625 626 628 630 632 637 645 652 658 661 662 658 658 653 648 646 644 640 638 632 624 614 604 595 587 575 572 580 587 590 591 588 583 574 565 554 540 522 501 483 491 505 515 518 519 519 515 519 529 541 549 557 565 575 588 598 606 611 613 616 619 616 609 599 594 591 593 599 603 602 597 588 579 571 563 555 544 534 528 524 525 527 533 540 547 556 570 584 595 609
636 629 625 623 625 627 630 633 636 643 651 659 664 666 666 662 661 658 649 645 637 632 629 625 619 611 601 593 584 573 563 567 574 576 575 571 566 560 554 544 533 518 501 481 481 494 500 500 502 503 506 518 529 536 550 560 569 580 589 597 600 602 604 610 615 613 606 597 594 595 599 608 610 607 601 594 586 577 568 558 548 541 536 528 521 522 525 532 543 558 573 585 597 606
632 626 622 622 625 630 634 639 645 650 656 665 670 672 670 667 664 659 652 647 637 629 619 614 613 606 598 589 580 568 559 558 559 559 556 552 547 543 537 532 521 509 495 477 472 483 487 482 485 494 512 526 539 551 561 571 582 588 591 593 593 593 598 606 611 613 607 601 600 600 604 611 613 610 604 598 591 580 570 562 556 550 542 532 524 518 521 529 542 557 570 582 590 598
629 622 618 621 626 633 640 648 654 661 667 674 680 682 677 671 662 656 651 642 633 628 619 609 607 600 590 584 577 569 563 557 551 547 545 541 534 526 520 514 507 497 487 479 471 470 472 468 474 494 510 525 538 550 562 574 585 588 588 586 582 585 593 600 608 611 609 612 614 610 608 610 611 611 606 601 596 584 575 569 562 552 543 535 528 522 517 526 538 551 564 573 581 586
624 614 611 619 626 637 647 656 664 672 678 685 690 690 684 675 662 655 647 637 632 628 622 612 605 598 594 588 583 577 572 563 559 559 556 552 545 537 525 512 502 498 495 490 479 463 455 456 466 485 498 513 527 542 556 568 575 578 578 573 572 581 592 600 608 613 617 623 624 617 611 609 608 608 606 601 598 586 578 573 564 556 548 541 535 527 517 520 534 546 556 564 570 579
616 608 610 618 629 643 653 663 672 680 688 696 699 697 689 679 665 655 649 642 638 631 623 616 610 604 600 596 590 584 575 570 571 573 573 570 564 554 541 528 517 513 513 506 494 478 460 449 457 473 485 502 519 534 548 558 564 566 563 561 572 584 597 605 611 614 618 621 623 619 612 607 602 601 602 602 599 588 581 575 568 562 556 546 539 530 517 514 526 537 546 554 564 574
608 610 614 621 633 646 656 666 677 688 698 705 708 702 692 683 671 659 653 649 641 631 622 616 611 604 599 595 588 582 577 581 587 588 587 585 580 570 556 541 530 533 532 523 511 496 475 454 448 459 473 491 509 523 536 545 551 552 549 558 575 588 602 608 612 613 614 616 615 613 610 603 596 592 595 598 597 592 585 579 572 566 558 548 540 530 515 509 518 526 535 548 559 565
610 613 617 623 637 649 659 669 681 693 704 711 712 706 696 687 677 664 655 650 639 629 620 613 606 598 596 588 583 580 584 591 596 597 598 597 592 582 565 548 537 549 547 540 527 514 494 469 447 450 466 484 499 511 521 530 536 538 545 560 577 592 601 607 610 607 607 609 607 605 605 601 594 586 585 588 589 588 587 585 576 566 555 546 538 527 515 507 510 520 530 543 551 552
609 613 618 625 639 650 661 671 684 696 705 711 711 705 694 685 674 664 655 649 633 624 617 610 608 606 600 588 582 581 590 598 602 604 606 606 602 591 572 557 555 560 559 549 539 527 507 483 456 443 460 476 489 499 506 513 521 532 546 562 578 592 600 602 598 597 598 599 596 594 597 596 590 584 575 575 578 579 585 588 576 565 556 549 542 533 522 509 506 515 526 535 542 547
610 614 619 627 640 651 661 672 684 695 702 707 706 699 689 679 669 661 653 643 630 627 624 624 622 617 606 592 584 583 592 601 606 610 614 615 611 599 580 574 570 570 565 553 541 526 508 486 456 438 449 464 475 487 499 510 521 534 547 562 579 591 597 596 584 582 585 586 580 581 586 587 584 578 568 559 562 570 581 587 582 573 566 558 550 538 527 512 501 511 521 531 541 547
612 616 620 628 640 651 661 670 682 691 697 700 700 694 684 675 666 657 648 640 634 635 637 634 628 618 605 591 585 584 594 603 610 617 621 623 619 606 594 589 583 573 561 548 535 519 500 479 449 432 440 460 476 491 504 514 522 532 547 561 577 591 593 587 574 567 570 570 566 570 576 577 576 571 563 552 554 563 576 588 589 581 571 561 549 538 528 514 497 508 522 535 543 551
613 617 621 629 640 650 659 667 677 686 691 693 692 686 679 670 661 653 644 641 639 638 637 634 624 614 607 603 597 588 594 604 613 622 628 631 623 612 603 597 586 569 552 538 523 505 488 462 434 428 445 464 480 494 502 507 514 528 544 559 577 590 589 579 565 555 554 554 552 558 563 565 564 559 554 545 548 558 574 584 587 580 569 557 546 532 524 509 495 507 520 537 546 557
613 617 621 629 639 648 656 664 671 679 684 686 683 678 672 663 654 647 644 642 642 641 637 628 621 618 615 612 603 593 593 602 614 625 634 637 629 616 605 594 577 557 541 525 510 495 477 455 430 425 442 462 476 486 489 491 507 523 540 556 576 588 587 575 563 551 543 540 538 545 550 551 550 548 543 536 542 557 568 575 575 569 559 547 536 521 511 497 491 506 523 537 542 554
612 616 620 629 638 646 653 660 667 673 677 677 675 671 665 657 649 644 642 642 645 644 638 635 631 629 624 616 604 597 594 602 615 627 636 641 634 618 603 588 570 551 541 531 517 506 493 474 444 424 432 450 462 469 472 484 503 520 534 553 570 584 585 574 562 550 535 525 522 529 536 538 538 536 532 528 538 551 557 560 560 555 544 532 520 508 490 485 490 507 521 531 535 546
610 614 620 627 636 643 650 656 662 666 669 669 667 663 658 652 647 640 636 642 649 650 644 641 639 637 629 618 612 606 596 603 618 629 637 642 636 622 608 597 581 570 556 544 533 521 509 493 465 432 421 433 445 452 462 481 497 513 529 545 561 573 576 569 556 543 531 515 509 515 522 526 526 526 520 520 533 541 541 541 540 536 529 516 502 501 490 479 485 501 514 525 531 541
609 613 619 626 634 640 646 652 657 661 662 661 660 658 654 648 642 636 632 641 650 659 659 653 645 639 635 628 620 612 603 605 618 631 638 642 639 627 614 603 593 580 567 551 539 529 517 502 482 451 422 422 432 442 459 475 489 504 521 537 550 558 564 563 553 540 526 509 500 501 506 511 513 513 509 514 527 533 526 521 519 515 511 500 485 484 481 470 478 493 504 515 527 536
610 613 618 624 631 637 643 648 653 657 657 655 654 654 651 647 637 632 631 639 648 656 659 660 653 643 639 634 624 612 611 613 619 630 639 643 638 628 615 603 593 582 569 554 540 530 520 507 491 467 435 418 426 440 454 467 477 489 508 525 536 542 550 557 557 549 534 513 496 488 489 494 499 500 497 505 519 528 517 502 499 494 493 483 470 465 465 459 464 479 491 506 521 528
611 613 619 623 629 635 640 644 648 650 650 649 649 649 648 645 635 627 627 635 643 650 654 657 656 647 641 636 626 622 623 626 627 631 638 642 634 622 611 601 590 578 566 550 537 528 518 507 494 476 448 421 421 434 444 454 465 480 497 513 521 530 545 555 562 555 540 521 501 482 475 481 486 484 484 495 511 523 508 489 484 476 474 469 456 448 449 446 454 469 484 500 514 524
615 617 620 622 627 632 637 640 644 645 645 645 645 645 645 641 635 624 623 632 639 645 648 648 648 648 644 640 635 629 627 634 636 636 639 640 628 615 605 596 584 573 561 545 534 524 514 505 492 477 455 427 411 420 431 445 461 478 489 498 505 521 541 554 564 557 544 525 507 488 470 468 472 470 475 491 509 515 498 479 463 457 457 452 442 433 430 439 452 467 481 495 510 520
620 618 619 621 625 629 633 636 639 640 640 641 642 642 640 637 632 624 620 626 634 639 641 642 644 648 648 646 638 631 630 633 635 634 636 638 623 609 599 588 577 565 552 539 528 518 508 501 488 474 456 435 412 412 428 443 460 472 478 483 496 518 536 549 559 553 542 526 510 492 470 458 458 461 475 494 506 504 488 473 452 442 442 437 430 422 423 440 458 472 486 500 512 516
624 621 618 618 620 625 628 632 635 636 635 636 639 638 636 633 628 622 614 619 627 632 635 639 646 648 648 645 639 632 628 628 627 625 631 633 620 608 595 581 568 554 543 531 519 508 499 491 479 467 452 434 412 410 427 439 450 459 464 473 492 512 528 541 548 544 536 522 508 492 470 451 448 459 476 490 496 490 478 464 446 431 428 424 418 414 427 441 457 472 489 501 507 510
