inputs/landscapes/Bridge2021-aspect.asc
ncols        670
nrows        670
xllcorner    -2135655.000000000000
yllcorner    2037645.000000000000
cellsize     30.000000000000
NODATA_value -32768
[rows 616 to 659 of 670, columns 0 to 95 of 670]
-1 -1 -1 -1 -1 -1 -1 -1 231 244 267 276 273 262 260 270 284 291 296 313 329 338 120 141 158 157 140 -1 246 248 239 211 164 144 140 140 170 219 198 109 100 96 105 199 213 176 165 274 287 291 293 -1 81 79 76 72 69 72 87 95 94 106 116 115 103 83 94 236 257 258 250 252 247 -1 -1 233 239 217 187 181 182 158 133 130 137 137 130 118 106 98 96 -1 135 125 -1 -1
-1 -1 -1 -1 -1 -1 -1 -1 -1 273 276 280 274 270 274 281 294 298 301 316 348 51 93 120 149 171 -1 -1 261 252 238 195 145 136 141 152 212 254 164 120 111 106 105 163 220 196 293 300 300 299 297 -1 84 76 70 65 69 81 103 128 144 136 141 145 149 119 102 244 259 248 233 235 221 195 -1 262 235 186 176 167 170 162 136 123 128 139 136 132 123 113 116 -1 102 -1 -1 -1
-1 -1 -1 -1 -1 -1 341 7 356 307 286 281 -1 281 284 289 296 299 298 302 -1 106 111 123 150 212 -1 -1 288 268 256 183 112 107 114 149 245 237 144 121 115 120 120 149 213 239 282 290 287 267 190 176 122 91 88 86 88 96 109 128 124 108 107 122 135 124 106 247 253 227 207 225 227 239 274 278 -1 135 149 144 152 161 152 124 119 133 135 133 131 120 118 -1 102 -1 -1 -1
-1 -1 -1 -1 -1 -1 -1 347 356 323 302 296 288 290 288 289 290 289 280 246 129 122 123 132 164 237 264 -1 270 260 250 159 120 118 118 156 221 201 159 126 115 122 129 150 230 263 270 262 241 197 177 196 182 112 110 112 106 97 85 40 48 60 63 74 90 93 86 -1 242 228 231 252 261 270 280 -1 -1 111 123 125 128 147 164 149 127 131 135 130 130 127 -1 -1 -1 -1 -1 -1
-1 -1 -1 -1 -1 -1 -1 -1 341 325 309 -1 296 289 286 282 276 268 248 195 132 124 126 132 180 239 230 207 225 236 220 154 130 131 133 160 207 203 172 129 105 99 109 158 262 262 245 226 213 188 177 195 196 147 120 120 116 85 36 17 40 59 65 61 67 76 77 -1 241 259 280 292 285 279 276 -1 -1 111 117 114 109 119 152 166 145 139 140 137 135 135 -1 -1 -1 -1 -1 -1
285 -1 -1 -1 -1 -1 -1 288 -1 321 315 315 310 296 284 272 264 254 233 180 128 122 122 129 218 254 242 220 216 222 190 147 127 120 123 151 225 231 177 129 97 88 95 -1 247 236 218 216 214 197 182 197 206 169 115 102 97 20 14 33 56 62 67 79 94 102 118 138 258 275 285 293 291 294 295 -1 115 118 128 126 110 104 115 156 146 145 149 142 135 -1 -1 -1 -1 -1 -1 -1
288 -1 -1 -1 -1 -1 282 285 -1 -1 315 315 311 302 290 276 265 257 240 161 120 116 119 135 276 290 305 330 -1 188 166 148 139 127 117 147 237 241 173 135 131 115 116 188 232 216 210 223 226 215 206 216 228 198 97 67 20 353 28 64 71 62 67 81 99 113 130 181 264 278 277 274 278 285 -1 -1 121 115 123 129 120 101 78 70 100 120 144 147 -1 -1 -1 -1 -1 -1 -1 -1
-1 -1 -1 -1 -1 -1 281 285 291 302 309 305 293 282 283 280 270 258 220 152 128 117 120 -1 289 300 317 351 74 130 152 150 151 150 133 157 236 242 -1 113 123 124 131 204 225 209 214 235 243 237 218 221 228 219 -1 48 5 25 93 107 100 78 71 78 90 108 121 227 264 266 258 251 255 243 176 151 129 108 105 107 99 59 41 46 61 66 86 135 -1 -1 -1 -1 -1 -1 -1 -1
-1 -1 -1 -1 -1 266 270 273 278 -1 -1 -1 239 254 260 260 253 235 188 153 140 126 131 272 289 298 315 -1 110 119 138 147 151 159 145 170 248 255 -1 98 100 105 122 221 218 218 239 254 254 242 217 236 236 210 205 -1 145 135 120 122 132 141 109 101 109 116 121 267 263 250 242 239 242 218 156 151 143 115 104 91 36 8 27 45 56 61 72 93 -1 -1 -1 -1 -1 -1 -1 -1
-1 -1 -1 -1 -1 270 258 255 248 237 218 195 225 247 251 247 236 216 174 149 144 135 171 268 277 281 -1 123 120 111 112 127 142 160 155 201 257 263 -1 95 90 89 99 215 206 230 261 280 274 260 253 263 230 175 193 183 147 123 111 113 131 159 145 123 120 124 -1 306 282 255 249 244 241 198 144 148 153 123 103 56 347 354 31 54 63 69 74 78 -1 -1 -1 -1 -1 -1 -1 -1
-1 -1 -1 -1 -1 -1 248 249 248 -1 -1 -1 261 260 259 251 232 213 165 129 127 138 230 261 257 242 160 128 127 115 91 90 109 147 171 239 269 270 -1 91 88 86 93 176 207 251 273 287 294 300 299 276 -1 146 185 201 163 113 101 101 112 138 149 138 123 147 288 321 331 283 271 267 249 176 125 123 135 81 32 358 340 352 43 69 75 76 77 83 -1 -1 -1 -1 -1 -1 -1 -1
205 -1 -1 -1 -1 -1 -1 243 253 -1 -1 321 315 282 266 248 225 206 169 126 118 145 256 258 245 222 157 123 125 137 97 81 86 113 180 253 272 274 -1 99 97 95 96 135 240 270 280 289 297 307 288 -1 140 124 175 228 184 120 112 100 91 101 123 136 125 220 266 275 321 295 286 288 -1 -1 104 90 -1 345 351 352 345 3 65 81 81 76 75 78 -1 -1 -1 -1 -1 -1 -1 -1
221 225 -1 -1 -1 -1 -1 225 240 249 266 -1 296 282 256 233 206 188 169 143 132 -1 263 261 249 227 152 113 116 154 122 89 88 100 171 249 257 257 -1 100 102 105 107 140 265 278 281 284 284 -1 -1 -1 128 108 -1 249 -1 113 128 145 117 87 90 108 122 230 250 231 231 270 281 286 -1 -1 104 108 -1 291 303 330 348 25 71 76 70 70 77 81 -1 -1 -1 -1 -1 -1 -1 -1
270 261 -1 -1 288 -1 -1 220 244 248 253 254 254 248 235 216 191 175 160 144 146 255 276 277 267 235 141 116 115 163 147 107 102 106 159 247 251 247 205 108 104 109 114 -1 272 276 270 254 222 188 201 225 -1 90 -1 233 -1 110 120 154 174 118 90 93 108 243 254 244 253 270 276 280 -1 105 113 139 215 250 268 291 332 27 57 64 66 75 86 92 -1 -1 -1 -1 -1 -1 -1 -1
326 309 -1 -1 -1 161 -1 243 259 259 264 265 251 237 225 201 180 166 150 145 -1 278 287 293 -1 161 141 132 131 180 131 111 108 110 161 251 257 247 194 128 111 111 121 247 271 262 243 214 194 205 251 304 12 70 106 202 181 116 110 135 183 169 117 105 101 296 298 306 309 302 298 296 -1 121 128 152 218 242 247 252 260 -1 62 67 73 77 79 81 -1 -1 -1 -1 -1 -1 -1 -1
-1 -1 -1 -1 -1 -1 -1 273 270 261 251 241 -1 -1 -1 -1 164 154 149 -1 284 286 289 300 -1 122 128 135 155 196 140 106 100 105 163 251 257 241 170 143 130 123 145 265 274 255 214 190 207 255 286 319 19 68 99 169 184 118 104 114 166 177 147 128 273 300 313 325 330 333 343 -1 138 128 133 164 227 236 235 231 221 198 104 80 77 73 70 71 71 -1 -1 -1 -1 -1 -1 310
185 198 213 195 -1 -1 -1 288 273 253 232 225 225 225 -1 -1 144 146 -1 296 301 290 278 254 127 111 108 115 151 202 160 109 102 103 153 249 248 220 153 140 139 143 213 268 268 210 170 188 247 273 278 281 80 95 106 149 187 130 108 105 130 164 159 154 284 281 285 304 325 2 62 120 139 129 132 180 225 231 229 219 212 206 167 85 70 66 69 73 72 -1 -1 -1 -1 -1 -1 266
197 210 215 207 -1 -1 278 -1 248 229 216 218 218 212 194 173 145 -1 286 302 290 261 221 187 149 128 113 104 118 216 167 113 110 108 139 250 240 202 149 131 132 166 231 231 205 169 162 208 250 251 232 204 162 129 116 140 179 144 123 116 121 144 290 324 318 291 272 269 276 53 81 98 122 124 128 183 231 245 245 232 222 218 204 96 60 56 58 64 66 -1 -1 -1 -1 -1 -1 237
281 -1 225 220 219 239 235 219 214 210 203 202 205 202 189 170 164 255 284 282 -1 200 181 170 154 143 128 110 117 188 176 116 105 106 146 253 236 184 152 131 129 190 228 202 186 164 169 222 239 227 203 193 179 147 116 120 154 149 138 130 132 295 314 322 334 316 280 260 242 153 112 111 115 120 131 -1 280 295 307 319 -1 248 228 192 77 58 56 59 58 49 -1 -1 -1 -1 -1 -1
326 355 18 -1 210 218 210 205 203 200 193 186 198 205 195 174 225 271 270 -1 198 172 156 150 145 140 136 131 133 167 181 133 109 113 183 258 228 155 146 135 136 201 218 187 177 162 180 222 230 219 196 197 195 165 126 105 117 135 139 135 219 299 303 291 275 278 277 270 241 154 131 132 136 142 168 259 291 304 322 336 348 -1 -1 171 156 112 80 69 64 61 56 -1 -1 -1 -1 -1
312 8 70 124 201 213 209 207 198 195 196 191 219 229 215 -1 261 266 241 -1 183 165 143 131 129 130 129 135 141 151 173 157 127 127 214 252 200 122 119 124 137 194 205 181 176 163 186 225 236 227 190 198 203 180 159 120 101 105 117 135 280 289 282 219 227 259 270 263 233 127 116 125 139 153 216 267 274 266 251 -1 -1 -1 -1 132 149 152 125 99 83 77 71 -1 -1 -1 -1 -1
229 161 128 135 208 225 225 225 218 -1 -1 -1 -1 -1 -1 -1 272 260 218 175 176 165 143 124 113 107 93 83 77 98 135 153 138 139 219 229 189 137 102 99 116 181 202 184 182 172 202 248 255 231 173 191 206 184 173 153 124 112 110 183 268 267 225 202 252 250 234 227 205 137 104 100 112 149 254 259 243 225 215 212 194 176 129 102 111 129 131 120 106 96 90 -1 -1 -1 -1 -1
187 159 144 -1 -1 274 286 302 323 329 326 -1 -1 -1 285 295 286 276 -1 -1 -1 -1 -1 102 95 78 55 53 60 76 88 109 119 136 202 208 186 172 130 102 108 162 204 192 190 193 228 259 258 220 149 180 204 182 170 160 148 136 122 259 271 257 203 229 244 214 210 215 204 172 111 83 80 -1 244 231 221 219 215 198 192 199 -1 65 63 69 79 87 92 95 98 -1 -1 -1 -1 -1
180 160 -1 -1 -1 292 300 315 334 336 333 -1 -1 -1 284 284 280 277 -1 -1 -1 33 54 82 102 116 117 107 110 114 110 107 105 120 174 194 182 184 166 124 117 156 209 199 189 204 229 244 239 193 138 163 199 183 163 157 155 153 143 295 284 242 197 209 203 194 210 218 212 196 158 90 74 74 220 225 225 221 209 192 204 227 248 -1 46 50 51 55 62 68 72 -1 -1 -1 -1 -1
-1 -1 -1 -1 -1 272 271 267 -1 -1 -1 -1 -1 -1 270 270 270 266 -1 -1 -1 -1 60 90 113 139 148 140 128 126 126 127 124 123 152 184 180 187 178 137 122 159 212 203 196 210 229 229 217 183 142 150 195 184 159 152 156 180 282 287 270 178 187 199 194 203 225 233 219 195 178 166 107 82 -1 235 227 215 214 221 251 261 266 285 30 45 50 53 60 66 67 -1 -1 -1 -1 -1
-1 -1 -1 -1 -1 240 233 225 221 218 -1 -1 -1 251 276 284 281 274 -1 -1 -1 -1 94 100 110 126 136 147 149 135 116 107 112 114 127 184 191 178 177 147 124 -1 -1 212 213 209 222 214 200 180 146 136 187 182 156 142 -1 -1 265 253 206 152 175 198 208 226 243 246 209 175 175 196 167 93 68 -1 207 215 246 271 280 258 249 250 -1 37 51 57 70 76 67 36 39 -1 -1 -1
-1 -1 175 201 213 216 213 215 222 221 -1 -1 -1 284 283 292 298 296 -1 -1 -1 146 126 115 110 112 115 130 156 164 137 105 93 88 93 -1 290 74 131 159 -1 -1 -1 -1 -1 198 209 202 192 178 156 148 167 -1 -1 -1 -1 -1 243 225 191 150 160 208 228 239 240 228 181 160 186 222 208 116 56 -1 -1 230 251 242 213 218 230 237 248 -1 53 61 69 66 37 15 30 37 -1 -1
194 169 183 208 213 213 214 235 250 256 -1 308 325 310 288 290 303 -1 -1 -1 -1 126 125 122 114 116 119 122 147 181 168 136 111 92 93 231 250 102 94 -1 -1 -1 -1 -1 -1 -1 -1 198 187 173 161 -1 -1 -1 -1 -1 -1 -1 220 210 192 164 161 236 248 249 242 222 168 156 201 213 213 216 -1 56 84 186 214 204 197 213 236 245 240 212 113 77 72 57 16 7 33 45 52 -1
194 182 202 219 225 -1 -1 282 283 289 310 309 -1 -1 283 288 303 -1 -1 -1 129 105 96 93 96 101 107 115 135 176 176 160 154 121 101 -1 214 150 119 -1 -1 -1 -1 -1 -1 -1 -1 -1 -1 -1 -1 -1 -1 -1 -1 -1 -1 -1 -1 201 192 194 -1 -1 274 264 252 228 148 149 201 205 217 213 204 -1 72 108 189 205 214 235 245 238 216 191 174 124 92 55 1 3 44 53 51 48
195 192 214 233 243 -1 278 282 280 284 296 -1 -1 -1 265 276 298 -1 -1 -1 -1 67 70 78 86 87 88 95 112 153 167 166 168 151 119 -1 198 161 -1 -1 -1 -1 -1 -1 -1 -1 -1 -1 -1 -1 -1 -1 -1 -1 -1 -1 -1 -1 -1 -1 -1 -1 262 270 262 250 236 216 149 149 187 205 216 205 214 225 109 95 127 233 249 253 241 221 200 194 180 127 60 12 359 20 66 68 66 66
184 209 240 251 255 270 275 270 262 255 218 184 201 220 241 250 253 -1 -1 -1 23 59 78 93 106 109 107 105 106 120 138 155 171 170 147 -1 -1 -1 -1 -1 -1 -1 -1 -1 -1 -1 -1 -1 -1 -1 -1 -1 -1 -1 -1 -1 -1 -1 -1 -1 -1 -1 244 225 228 230 220 201 164 159 189 205 200 197 216 212 163 124 127 248 252 245 233 217 207 229 273 6 350 350 10 51 77 85 87 86
-1 -1 257 251 249 251 248 239 235 222 194 187 207 220 242 243 228 216 -1 -1 -1 102 98 97 103 108 107 103 100 103 106 108 -1 -1 -1 -1 -1 -1 -1 -1 -1 -1 -1 -1 -1 -1 -1 -1 -1 -1 -1 -1 -1 -1 -1 -1 -1 -1 -1 -1 -1 -1 -1 225 237 232 206 191 165 163 198 203 190 189 202 201 179 152 163 238 240 240 235 229 244 270 290 331 332 323 55 74 75 73 74 77
-1 -1 251 253 253 247 233 225 216 202 198 218 257 285 275 242 210 202 196 181 166 145 122 96 84 80 73 66 71 83 90 86 -1 -1 -1 -1 -1 -1 -1 -1 -1 -1 -1 -1 -1 -1 -1 -1 -1 -1 -1 -1 -1 -1 -1 -1 -1 -1 -1 -1 -1 -1 -1 -1 255 231 187 185 164 165 201 201 184 181 191 194 193 183 190 221 235 243 242 254 276 280 267 237 190 180 154 122 95 69 63 66
-1 -1 270 266 261 251 237 230 210 196 228 260 280 295 -1 195 188 190 191 181 166 157 151 118 96 93 89 79 75 73 69 71 -1 -1 -1 -1 -1 -1 -1 -1 -1 -1 -1 -1 -1 -1 -1 -1 -1 -1 -1 -1 -1 -1 -1 -1 -1 -1 -1 -1 -1 -1 -1 282 281 -1 -1 161 168 173 196 200 180 171 182 193 215 208 187 219 246 257 258 266 271 259 239 209 169 157 153 146 141 117 76 70
-1 -1 270 275 284 291 -1 -1 -1 -1 280 276 267 243 -1 156 162 174 188 183 166 162 163 150 117 112 121 127 122 108 86 80 -1 -1 -1 -1 -1 -1 -1 -1 -1 -1 -1 -1 -1 -1 -1 -1 -1 -1 -1 -1 -1 -1 -1 -1 -1 -1 -1 -1 -1 -1 -1 281 282 -1 -1 111 -1 -1 -1 198 180 167 -1 206 235 217 183 239 260 263 259 255 250 250 263 -1 124 123 128 131 149 165 131 92
-1 -1 281 287 302 323 330 -1 -1 319 297 284 261 218 167 138 141 157 180 182 173 171 161 155 136 118 113 120 137 153 139 116 -1 -1 -1 -1 -1 -1 -1 -1 -1 -1 -1 -1 -1 -1 -1 -1 -1 -1 -1 -1 -1 -1 -1 -1 -1 -1 -1 -1 -1 -1 -1 254 231 -1 -1 98 -1 -1 -1 -1 -1 -1 -1 -1 254 225 -1 247 253 255 261 268 278 295 310 349 68 98 113 116 133 166 156 128
5 6 328 299 299 315 334 343 343 327 307 303 -1 -1 -1 101 102 119 153 173 177 180 166 146 142 135 121 107 113 155 161 141 -1 -1 -1 -1 -1 -1 -1 -1 -1 -1 -1 -1 -1 -1 -1 -1 -1 -1 -1 -1 -1 -1 -1 -1 -1 -1 -1 -1 -1 -1 -1 -1 -1 175 158 -1 -1 -1 -1 -1 -1 -1 -1 337 336 338 -1 291 271 268 280 290 296 305 320 6 65 85 95 96 96 118 128 123
7 11 348 315 303 299 315 336 338 325 306 303 -1 -1 -1 45 57 70 90 129 162 182 180 143 120 123 130 122 113 -1 -1 -1 -1 -1 -1 -1 -1 -1 -1 -1 -1 -1 -1 -1 -1 -1 -1 -1 -1 -1 -1 -1 -1 -1 -1 -1 -1 -1 -1 -1 -1 -1 -1 -1 -1 -1 -1 -1 -1 -1 -1 -1 -1 -1 311 330 345 354 343 333 320 292 282 283 285 293 311 -1 77 79 74 68 61 59 74 77
12 15 2 326 315 305 303 323 334 329 310 -1 -1 -1 356 26 45 51 58 65 87 149 188 170 113 101 110 117 119 -1 -1 -1 -1 -1 -1 -1 -1 -1 -1 -1 -1 -1 -1 -1 -1 -1 -1 -1 -1 -1 -1 -1 -1 -1 -1 -1 -1 -1 -1 -1 -1 -1 -1 -1 -1 -1 -1 -1 -1 -1 -1 -1 -1 286 291 302 322 342 333 326 329 308 291 286 278 264 188 161 129 105 92 80 75 73 77 82
14 21 20 336 319 318 311 318 329 334 333 341 -1 309 -1 -1 62 55 60 61 68 96 167 190 150 119 107 102 101 -1 -1 -1 -1 -1 -1 -1 -1 -1 -1 -1 -1 -1 -1 -1 -1 -1 -1 -1 -1 -1 -1 -1 -1 -1 -1 -1 -1 -1 -1 -1 -1 -1 -1 -1 -1 -1 -1 -1 -1 -1 -1 -1 -1 263 254 249 270 304 319 316 324 315 298 289 258 211 171 161 153 137 128 118 112 109 109 112
15 25 27 351 322 318 315 315 325 340 343 351 349 345 -1 126 139 120 102 92 90 99 138 185 171 149 131 120 -1 -1 -1 -1 -1 -1 -1 -1 -1 -1 -1 -1 -1 -1 -1 -1 -1 -1 -1 -1 -1 -1 -1 -1 -1 -1 -1 -1 -1 -1 -1 -1 -1 -1 -1 -1 -1 -1 -1 -1 -1 -1 -1 -1 -1 248 240 235 253 274 302 313 322 320 306 251 184 186 180 161 152 149 140 128 127 124 122 119
19 35 37 356 315 311 315 311 320 341 344 346 352 18 66 90 120 129 125 129 123 108 115 168 179 165 145 135 -1 -1 -1 -1 -1 -1 -1 -1 -1 -1 -1 -1 -1 -1 -1 -1 -1 -1 -1 -1 -1 -1 -1 -1 -1 -1 -1 -1 -1 -1 -1 -1 -1 -1 -1 -1 -1 -1 -1 -1 -1 -1 -1 -1 -1 -1 251 247 258 264 274 286 297 304 315 139 157 180 190 176 153 149 128 100 94 88 79 66
39 70 78 -1 296 300 307 303 310 335 347 343 351 41 63 60 72 90 101 113 122 113 107 120 180 172 -1 -1 -1 -1 -1 -1 -1 -1 -1 -1 -1 -1 -1 -1 -1 -1 -1 -1 -1 -1 -1 -1 -1 -1 -1 -1 -1 -1 -1 -1 -1 -1 -1 -1 -1 -1 -1 -1 -1 -1 -1 -1 -1 -1 -1 -1 -1 -1 265 262 265 264 260 249 239 225 169 130 133 170 196 192 176 190 -1 62 56 48 43 37
159 120 123 -1 276 273 275 282 288 310 -1 -1 -1 111 103 90 81 89 94 95 96 95 91 85 -1 -1 -1 -1 -1 -1 -1 -1 -1 -1 -1 -1 -1 -1 -1 -1 -1 -1 -1 -1 -1 -1 -1 -1 -1 -1 -1 -1 -1 -1 -1 -1 -1 -1 -1 -1 -1 -1 -1 -1 -1 -1 -1 -1 -1 -1 -1 -1 -1 -1 -1 262 263 259 245 221 213 201 176 141 116 135 194 197 202 234 -1 85 42 32 42 39
