inputs/landscapes/Maria2019-elevation.asc
ncols        673
nrows        673
xllcorner    -2092425.000000000000
yllcorner    1494885.000000000000
cellsize     30.000000000000
NODATA_value -32768
[rows 396 to 439 of 673, columns 576 to 671 of 673]
293 294 300 308 323 327 313 302 298 310 312 303 290 285 285 287 288 291 294 295 297 298 301 303 307 315 322 326 332 338 344 349 357 362 362 360 362 368 372 370 355 342 340 337 340 341 336 331 326 323 322 322 323 324 330 335 335 343 360 367 372 385 393 382 365 358 361 369 374 376 372 360 360 374 383 387 385 386 395 397 400 401 402 403 404 404 401 386 388 398 406 402 387 386 396 393
291 291 296 306 321 324 307 294 294 306 306 295 284 284 286 288 290 292 294 296 298 300 303 308 315 323 329 335 340 344 348 355 359 359 357 352 354 364 368 367 352 336 335 332 334 331 328 327 325 322 321 321 322 323 327 333 338 349 360 364 373 385 387 380 373 360 356 362 367 372 366 355 361 372 377 375 370 377 388 393 396 398 397 397 399 400 398 385 383 390 398 400 386 383 390 388
289 289 293 306 319 318 302 291 292 302 299 288 283 284 286 288 291 293 296 298 300 305 312 322 328 333 338 342 346 349 356 358 353 350 349 342 346 358 364 363 348 333 329 328 327 325 323 321 321 319 319 319 320 322 328 338 345 350 353 359 375 383 381 373 365 361 353 355 366 368 355 354 364 367 368 364 366 376 381 389 392 396 396 390 391 391 394 388 374 380 393 394 380 380 383 382
287 288 292 302 311 309 295 288 288 295 291 282 281 283 285 288 293 297 301 304 309 317 326 331 334 336 339 344 352 361 358 350 344 344 342 332 338 351 360 359 345 331 326 324 323 321 320 318 317 317 317 317 320 326 335 339 340 341 351 363 379 383 379 368 360 358 351 351 361 358 349 356 368 363 359 364 372 369 376 385 389 391 393 384 383 380 386 392 373 374 385 385 372 377 377 382
285 285 287 296 300 298 291 286 285 286 281 279 281 283 285 289 295 302 310 318 325 330 330 329 329 333 340 348 359 363 350 340 338 339 335 325 331 344 356 356 345 330 323 320 319 318 317 316 315 315 316 317 321 328 333 331 332 341 357 369 383 381 372 362 354 354 349 349 357 350 350 360 367 354 362 373 373 364 373 382 383 389 390 377 376 377 377 391 376 369 379 380 369 370 374 381
283 283 285 289 290 288 286 284 280 278 278 279 280 282 285 289 295 304 318 328 329 325 321 320 328 337 346 356 365 359 344 333 331 335 327 317 326 339 351 354 347 332 322 318 316 316 315 314 314 313 315 316 319 322 325 328 335 349 365 379 388 382 365 356 350 348 347 348 353 344 353 361 355 353 364 371 367 360 373 376 380 387 384 374 368 369 372 388 378 366 368 378 367 364 370 376
281 282 283 284 283 282 282 279 276 276 278 279 280 281 284 287 295 304 318 324 316 313 315 322 332 342 352 366 366 350 337 329 323 327 318 311 323 338 348 351 347 334 323 318 316 314 313 313 312 312 314 316 319 323 328 336 347 361 375 386 389 386 374 360 350 345 343 344 347 343 352 354 348 350 361 363 357 362 371 370 380 381 378 373 363 363 375 388 377 368 365 375 368 362 367 370
279 280 280 280 280 278 276 274 275 276 277 278 279 280 283 288 296 305 317 313 305 311 319 327 336 345 355 364 359 343 330 325 318 320 308 309 325 336 343 348 348 337 325 318 316 313 311 311 311 312 314 318 325 329 338 348 360 371 381 387 388 384 376 363 351 344 341 342 342 344 349 348 344 353 357 352 353 364 365 369 380 375 373 370 361 359 375 386 373 363 361 370 367 360 362 365
277 278 278 278 277 276 274 275 276 276 277 278 279 280 284 290 298 308 314 305 304 313 322 330 339 348 356 357 348 334 323 321 316 308 302 311 321 330 342 346 345 335 323 316 314 312 311 310 309 312 314 320 333 340 347 352 361 367 373 385 386 375 364 358 348 343 340 338 338 342 344 343 345 352 347 346 350 360 364 373 375 368 367 363 356 358 375 388 375 360 355 364 364 359 359 361
276 276 277 276 276 274 273 275 275 276 277 278 279 281 286 294 303 312 310 299 304 312 322 331 341 350 355 347 338 327 316 314 310 300 301 310 316 332 342 346 339 331 320 313 311 311 310 308 308 310 312 322 335 341 339 346 354 356 369 385 386 376 364 357 348 342 337 335 337 340 341 342 342 343 344 356 361 366 371 375 368 360 362 357 353 360 378 389 374 358 352 359 360 357 357 357
274 275 275 274 273 272 273 274 274 275 276 279 280 282 288 297 305 309 304 293 299 311 322 331 340 348 350 341 329 319 310 308 304 299 299 305 318 334 344 349 332 321 315 310 308 308 307 306 307 309 313 325 330 330 331 342 343 350 366 383 388 382 375 366 351 340 335 333 337 337 336 337 336 342 354 366 367 369 372 366 356 353 357 349 351 365 383 388 376 359 350 355 356 354 353 355
272 272 272 271 271 272 273 274 274 275 277 279 281 286 294 301 300 296 292 290 300 314 324 330 337 343 345 339 326 311 303 303 297 295 300 311 320 335 344 349 337 322 316 311 306 305 304 305 306 308 317 322 318 322 332 332 337 352 369 382 384 375 366 363 353 340 333 332 335 336 335 332 336 346 359 365 360 360 363 355 348 349 350 346 355 370 384 385 377 362 347 352 353 351 349 352
270 269 269 270 272 274 274 276 277 278 280 282 284 290 296 294 289 285 287 298 308 317 323 327 332 338 342 335 321 306 297 296 292 294 303 311 318 329 338 344 346 333 323 317 307 304 303 304 305 308 315 313 315 322 324 327 340 356 373 382 376 365 359 355 350 339 331 330 332 333 332 329 336 347 356 357 351 349 355 349 342 346 342 345 358 372 380 380 376 365 347 347 349 347 346 347
267 268 270 272 274 276 279 280 282 283 285 287 291 294 291 284 280 285 297 306 312 316 319 323 327 331 335 330 314 302 294 293 291 293 300 306 314 322 332 339 343 331 323 316 309 302 301 302 304 307 309 308 310 315 321 331 345 362 378 383 375 363 354 349 345 338 330 328 331 331 330 330 337 348 354 347 342 341 347 342 338 339 339 348 361 369 373 379 374 367 348 342 344 344 344 344
267 268 269 272 276 280 283 285 287 288 290 293 295 289 282 277 281 292 301 307 310 313 316 319 323 326 328 323 308 300 293 290 288 291 295 301 307 317 326 333 335 324 316 310 305 300 299 301 304 306 304 304 311 322 329 337 350 366 380 381 373 362 353 344 341 337 330 326 328 328 326 331 340 348 345 339 336 335 339 337 334 336 345 355 361 361 368 375 371 367 351 341 342 340 341 342
267 268 268 273 278 282 287 290 293 294 295 295 291 280 273 278 285 293 300 304 305 305 307 315 320 321 322 315 304 297 292 286 287 288 291 296 306 315 320 326 331 322 311 305 301 298 298 300 302 303 302 304 312 327 336 344 355 368 377 374 366 356 349 341 335 336 329 325 323 324 323 334 342 342 337 332 331 329 332 332 334 344 353 356 354 354 368 374 368 363 351 340 336 337 339 339
267 268 269 276 283 289 294 297 299 298 295 290 282 274 270 279 285 291 297 295 292 291 305 315 317 318 319 309 299 292 289 285 285 286 288 296 306 310 310 315 325 325 311 303 300 296 298 299 300 301 301 303 310 324 333 337 350 363 368 366 358 352 344 337 331 330 328 325 322 320 324 335 341 336 329 326 326 327 330 333 340 350 348 348 345 354 369 370 362 357 350 339 335 335 336 336
267 268 273 281 289 297 302 304 305 297 288 283 277 270 268 276 283 289 288 282 283 295 308 314 311 311 312 306 296 290 285 284 283 284 287 293 300 302 302 306 319 325 315 301 298 295 295 297 298 299 300 304 310 323 326 331 345 357 358 359 351 342 336 331 327 325 325 324 323 319 325 332 333 329 323 322 323 326 333 339 349 347 338 336 340 355 363 360 357 351 344 338 334 334 335 334
268 272 278 285 293 303 308 305 300 290 281 277 272 265 268 273 278 277 275 281 293 307 313 309 303 305 307 303 295 288 283 281 281 282 284 288 290 291 293 297 309 320 319 304 297 295 293 295 296 297 300 309 324 328 322 329 344 352 351 354 352 341 331 327 324 323 323 322 320 317 323 325 325 323 320 320 323 333 341 347 349 341 332 330 341 354 352 351 350 345 341 336 332 331 331 332
274 282 288 292 301 307 306 297 289 280 275 271 265 262 267 269 271 275 280 292 305 315 310 301 297 299 303 299 292 284 280 279 280 281 281 283 284 284 286 291 301 317 325 308 297 294 293 294 295 296 301 314 320 326 319 327 339 347 344 347 352 346 334 324 322 321 320 320 319 317 316 317 318 317 318 318 325 336 343 347 339 330 326 330 343 350 342 343 344 340 338 334 330 329 329 330
284 293 298 302 305 303 299 290 281 272 268 264 261 263 268 271 276 280 288 299 310 318 305 295 291 294 299 296 289 280 278 278 278 279 279 279 280 281 284 291 304 317 327 315 300 294 292 293 293 294 300 307 310 318 315 321 337 343 337 340 347 346 337 325 321 319 318 319 317 317 313 312 313 313 315 317 323 329 341 341 332 322 323 330 342 343 334 335 342 338 334 331 329 327 328 328
283 292 298 294 295 293 286 280 274 267 263 259 261 266 270 273 276 281 291 301 310 308 298 290 287 290 295 293 286 279 276 275 276 277 277 278 279 281 285 294 308 315 320 317 305 294 290 292 292 293 297 298 304 310 314 320 334 335 329 333 339 339 333 325 320 317 317 317 317 315 313 310 310 310 313 316 322 333 343 335 324 319 320 330 341 339 328 327 339 337 330 328 326 325 326 326
280 291 292 284 282 285 280 272 269 264 259 257 262 267 270 272 276 280 289 299 303 297 292 286 283 287 291 289 282 276 274 274 275 275 276 276 278 281 289 300 308 310 312 314 309 294 289 290 291 291 292 293 302 308 311 318 326 323 321 324 330 331 326 322 319 317 315 315 315 314 313 312 311 309 312 314 325 337 341 333 321 315 319 327 336 339 328 322 330 333 328 326 324 323 325 325
284 295 284 279 276 277 276 268 265 261 257 258 262 266 269 269 268 273 282 294 297 288 284 282 279 284 288 286 280 274 273 273 273 274 274 275 281 292 299 303 305 306 307 309 307 296 288 288 289 290 291 294 302 307 310 315 317 316 318 323 328 327 322 320 319 316 313 313 313 313 313 312 311 307 308 314 326 334 337 334 320 313 315 321 329 335 327 318 322 327 325 324 322 322 323 322
283 292 279 274 272 273 277 268 260 256 255 258 262 265 262 260 264 271 279 291 295 283 277 276 275 281 285 284 280 274 272 272 272 272 273 277 288 298 301 299 298 298 300 302 302 295 287 288 289 290 291 297 303 306 308 314 312 308 315 321 327 325 317 318 319 314 311 311 311 312 311 311 309 304 305 315 323 327 332 332 318 310 310 316 325 330 322 315 315 319 321 321 320 320 320 318
280 287 276 268 265 272 282 271 257 253 256 258 260 259 255 261 273 283 289 290 291 280 271 271 270 278 281 282 278 272 270 271 271 272 274 282 293 297 297 293 291 291 293 294 295 292 286 287 288 290 291 297 305 304 303 313 306 301 311 318 325 319 310 317 321 314 311 310 310 310 310 309 307 304 306 314 317 320 325 326 318 309 306 311 320 322 315 311 310 315 319 317 317 318 317 316
278 284 276 263 262 273 281 268 253 252 255 257 255 254 258 270 282 292 285 277 283 276 267 269 268 274 278 278 275 269 269 270 270 272 277 287 292 293 293 289 286 286 287 287 288 287 285 287 288 289 291 295 303 299 302 309 298 297 310 321 322 313 307 317 323 317 311 309 308 308 308 307 306 302 304 309 311 315 318 320 317 308 303 307 314 313 308 306 310 318 319 316 315 314 314 317
278 283 275 260 260 272 281 267 251 250 252 252 250 256 268 279 291 291 276 268 275 272 264 263 264 270 273 273 270 267 268 268 269 272 279 288 289 288 289 287 285 284 284 285 285 284 284 286 286 288 290 294 301 295 297 299 292 302 319 321 314 307 303 316 323 318 311 306 306 306 306 305 303 298 301 304 307 310 312 314 314 305 302 303 307 305 304 307 312 319 318 313 312 311 313 319
279 282 274 260 259 270 282 266 252 249 250 249 251 261 273 286 289 283 273 264 267 268 262 261 262 266 268 268 267 267 267 267 269 273 280 286 283 281 283 283 282 282 283 283 283 282 282 284 285 286 289 294 302 293 288 290 296 313 323 319 307 300 303 316 322 314 308 304 304 304 304 303 300 296 301 302 303 305 305 307 309 302 298 300 301 300 304 309 317 319 313 310 309 311 314 319
273 277 273 260 256 269 277 263 250 248 249 250 255 264 277 286 279 271 269 261 265 266 261 260 261 263 265 265 265 265 266 267 269 274 278 278 275 274 276 279 280 280 281 281 282 281 281 283 284 286 291 301 307 297 284 287 303 317 320 315 306 298 302 317 321 311 306 303 302 302 302 301 299 296 300 300 299 300 300 301 304 300 297 297 298 299 304 313 319 315 310 308 307 310 313 317
265 274 273 259 255 270 275 259 247 248 249 252 261 271 283 282 272 262 259 257 265 268 261 260 261 262 262 262 263 264 265 267 269 271 273 270 270 270 272 274 276 278 280 281 281 280 281 284 285 286 297 309 312 299 285 287 302 315 318 309 300 295 301 315 319 308 304 300 300 300 300 299 296 294 297 298 297 297 297 297 298 296 295 295 300 305 310 318 319 311 305 306 306 308 311 313
263 272 271 257 253 268 274 255 246 247 249 254 264 277 282 273 264 258 255 255 264 275 262 260 260 261 261 261 262 264 264 264 266 267 267 267 268 269 271 274 276 277 279 280 280 278 281 286 287 294 304 315 311 298 285 285 303 314 316 307 295 292 300 311 320 314 304 300 298 298 298 296 292 293 295 295 295 295 295 293 293 292 293 294 303 312 318 320 317 308 304 305 305 306 308 309
262 270 269 257 252 264 271 254 244 246 250 255 264 275 278 268 257 255 254 255 264 271 263 260 259 260 260 261 262 263 263 262 263 264 265 267 268 270 272 273 275 276 277 277 277 277 281 292 299 306 314 317 308 294 282 285 301 308 313 304 292 288 298 308 320 316 304 300 298 295 295 294 289 293 294 294 294 294 293 291 291 291 292 293 301 311 316 315 313 305 303 303 303 305 305 305
260 271 267 255 250 262 268 251 244 246 250 255 263 271 275 269 257 253 253 254 263 267 261 259 259 259 259 260 261 261 260 259 262 264 266 268 269 270 271 272 275 276 276 275 275 278 283 290 299 313 315 313 305 293 280 282 295 302 309 301 288 289 300 310 320 316 306 300 297 294 293 292 287 290 292 292 292 291 291 290 289 290 290 291 302 309 313 308 306 300 300 300 301 302 303 302
267 275 263 251 247 261 265 247 243 244 247 251 257 268 273 270 260 253 251 254 259 260 257 257 258 258 258 258 258 258 257 261 264 265 268 270 269 268 268 269 271 273 273 273 276 280 285 294 303 313 313 309 299 290 277 281 296 302 303 294 285 289 301 310 317 316 309 300 296 293 291 289 287 288 289 290 290 289 288 288 288 288 290 296 306 311 310 303 300 298 298 299 299 300 300 299
269 269 261 249 246 258 263 247 242 243 243 244 254 266 273 266 258 251 250 252 255 256 255 256 257 257 257 254 255 254 255 258 260 262 263 264 265 266 271 273 269 271 274 276 281 286 291 302 308 311 308 306 296 285 274 280 294 300 295 284 280 290 300 307 313 315 311 302 297 298 298 293 288 285 288 288 288 287 287 286 286 287 293 301 307 308 303 299 297 296 297 298 298 298 298 298
256 262 262 251 244 250 263 250 242 242 243 247 259 266 272 263 254 249 250 252 253 254 254 255 256 255 252 254 258 258 258 258 258 260 262 262 264 269 271 273 274 277 279 282 291 299 305 308 309 308 302 296 296 286 274 276 290 296 290 279 281 293 301 306 311 312 310 305 306 307 308 305 292 286 285 287 286 286 285 285 285 287 294 301 305 302 298 296 295 294 295 296 296 296 297 297
249 259 267 255 243 246 259 253 243 241 245 254 259 261 269 264 255 249 250 251 252 253 252 252 251 250 253 259 263 265 265 264 266 267 267 266 268 270 272 272 281 287 293 297 300 305 306 307 307 305 293 288 294 289 277 273 286 291 280 274 286 297 304 307 308 309 309 308 308 309 308 304 294 285 283 285 285 285 284 284 285 286 292 296 298 295 295 297 294 293 294 294 294 294 295 295
249 259 269 255 242 242 251 253 243 241 246 256 253 256 262 254 250 249 250 251 251 252 250 248 249 252 256 259 262 266 269 268 267 272 275 271 270 274 279 281 291 301 300 302 302 303 304 304 305 302 288 281 284 286 277 271 282 285 274 276 291 300 304 305 306 307 308 308 307 305 300 295 290 282 281 283 283 283 283 284 284 286 289 291 291 292 295 299 295 291 292 292 293 294 294 294
247 256 267 263 248 240 242 244 241 241 246 252 246 252 255 249 248 247 248 249 250 248 248 250 252 254 256 257 260 265 272 273 271 276 285 279 274 281 292 295 298 299 300 300 300 300 300 301 302 302 293 280 275 276 274 272 282 277 271 280 293 300 299 299 302 304 304 306 307 302 294 287 285 280 281 282 282 282 282 282 282 282 284 285 284 290 298 300 292 290 291 291 292 293 293 293
244 252 263 266 254 243 241 241 239 240 244 245 244 249 249 245 245 246 246 246 245 246 250 253 253 255 256 260 263 268 278 285 287 288 291 289 288 293 295 295 296 297 297 297 297 298 298 299 300 300 299 287 276 272 268 274 278 271 275 288 296 296 293 294 297 297 298 303 304 301 292 285 283 281 281 282 281 281 281 281 281 280 280 280 281 291 300 297 289 288 289 290 291 291 292 293
243 252 257 258 256 247 241 238 238 238 241 242 247 247 244 243 244 245 245 244 245 249 253 255 255 255 257 262 266 275 287 289 288 288 290 291 292 293 293 293 293 294 294 295 295 295 295 296 297 298 297 293 284 276 269 271 272 273 281 292 294 289 288 294 293 291 296 301 301 296 292 286 283 280 281 281 281 280 280 280 279 279 279 279 282 293 301 290 287 288 288 288 289 290 292 293
242 250 249 251 258 255 246 237 237 237 238 243 249 246 241 242 243 244 244 246 250 258 263 264 260 260 259 263 268 280 287 286 284 287 289 290 291 291 291 291 291 292 292 292 292 293 292 291 294 294 294 293 290 279 271 267 271 277 284 291 290 281 287 291 286 289 297 299 297 289 290 288 281 275 280 280 279 279 279 278 278 278 278 279 285 295 297 284 287 287 286 287 288 290 291 292
240 246 242 246 255 257 245 238 236 236 238 244 245 241 241 241 242 243 246 249 258 268 271 272 268 268 269 273 278 283 283 280 281 288 288 289 289 289 289 289 289 290 290 289 286 289 287 285 291 292 291 288 287 282 272 266 271 280 287 291 285 279 284 282 282 290 295 296 292 285 285 287 278 274 277 278 278 278 277 277 276 276 276 278 284 292 290 282 284 285 286 287 288 289 290 291
