inputs/landscapes/Maria2019-elevation.asc
ncols        673
nrows        673
xllcorner    -2092425.000000000000
yllcorner    1494885.000000000000
cellsize     30.000000000000
NODATA_value -32768
[rows 396 to 439 of 673, columns 384 to 479 of 673]
329 314 298 280 272 268 268 269 267 265 264 262 262 261 263 268 273 280 287 286 281 285 295 304 309 318 326 324 321 320 330 339 337 336 333 323 313 309 305 294 291 292 287 282 276 269 265 264 262 261 261 260 260 261 261 256 255 254 254 256 260 262 262 263 265 267 269 274 277 280 282 286 294 308 331 330 307 308 315 301 285 284 281 283 292 304 320 328 329 339 343 332 328 327 330 331
336 324 308 289 275 269 267 266 264 262 261 261 260 260 264 269 275 286 296 297 289 287 292 297 303 312 321 327 326 326 331 326 323 322 328 320 312 309 305 298 293 290 285 276 269 266 264 262 262 260 259 259 258 257 256 255 254 253 253 254 255 256 258 261 264 267 269 273 274 276 281 289 302 321 341 333 307 299 306 303 283 276 273 277 288 296 308 313 317 333 334 320 315 313 316 318
322 319 312 293 277 269 266 264 262 261 260 260 259 261 267 270 274 282 294 304 301 293 292 293 295 303 308 313 325 321 312 314 309 312 319 318 313 307 297 289 283 281 277 270 266 265 265 263 262 260 260 259 258 257 255 254 253 252 252 253 254 256 258 261 263 265 267 272 277 281 289 300 313 333 342 332 308 292 292 295 284 271 272 277 280 290 296 303 311 326 324 311 302 300 299 308
306 304 302 292 278 270 266 264 262 260 260 259 259 262 270 276 277 282 293 308 312 302 295 297 304 309 314 315 322 312 298 302 298 301 305 303 303 310 303 293 287 281 275 271 273 272 273 275 273 265 261 259 258 256 255 253 252 251 251 252 254 260 264 264 263 264 270 277 287 297 304 316 332 337 331 325 309 292 283 286 283 273 269 273 275 285 287 292 305 322 312 302 286 282 288 301
293 291 289 285 276 269 266 263 262 260 260 259 259 262 268 279 287 296 304 308 310 310 302 302 308 313 318 317 313 303 293 289 291 293 295 292 297 310 312 300 291 283 280 283 287 287 289 293 288 278 266 262 259 255 255 253 251 250 250 250 254 263 270 265 261 264 268 274 281 292 304 326 341 332 321 318 313 297 281 278 279 273 269 268 273 282 283 288 304 320 303 289 276 271 289 296
288 283 280 276 272 269 267 264 262 261 260 259 259 261 269 282 292 295 296 296 295 297 300 298 297 299 304 304 299 291 287 285 285 286 286 285 292 301 314 310 297 289 291 297 304 305 307 310 300 287 275 274 272 262 255 252 250 249 248 249 253 262 266 257 258 263 265 268 276 293 310 332 337 327 311 305 310 304 288 275 273 271 267 266 271 278 284 294 311 318 303 282 270 270 284 284
304 297 288 278 275 272 267 263 261 260 260 260 259 261 268 281 284 281 283 283 286 295 303 297 285 286 290 290 290 281 286 279 281 279 277 282 288 294 306 318 303 300 305 311 315 321 323 323 308 295 288 293 286 272 259 252 249 248 247 248 254 259 255 254 257 260 264 273 287 303 321 332 325 314 300 290 301 306 295 279 271 267 265 265 268 273 284 299 314 317 303 284 269 265 274 275
311 304 301 294 289 283 272 264 261 261 260 259 258 260 265 273 274 271 273 277 284 293 304 299 285 277 278 278 282 274 277 277 275 272 275 281 292 300 313 324 315 314 318 320 322 326 331 329 316 302 302 304 296 280 265 251 249 247 245 246 249 251 251 253 256 264 272 283 299 312 322 326 317 306 293 279 285 295 296 281 270 264 262 263 270 278 285 293 309 314 300 285 269 262 268 275
307 296 294 289 281 280 275 268 263 261 260 259 254 261 263 266 267 267 272 280 288 297 302 299 290 276 269 270 272 272 271 272 271 271 280 293 304 312 326 332 325 322 321 316 312 315 321 328 321 311 313 313 303 284 266 252 248 246 244 245 247 248 251 254 261 272 282 292 301 307 316 323 314 301 289 275 274 281 290 280 269 263 260 264 273 277 279 288 306 309 295 284 271 260 264 270
301 285 279 275 271 271 272 270 264 261 260 258 254 261 262 263 264 273 281 291 298 302 302 294 290 279 269 264 266 266 267 265 267 272 285 293 304 320 324 324 322 315 308 303 298 300 305 317 317 309 308 305 301 285 266 251 248 246 244 244 246 248 251 260 269 278 285 288 291 298 312 321 315 304 292 276 267 270 284 278 268 261 258 264 270 268 276 291 306 305 288 276 269 261 261 266
299 282 271 267 266 265 265 266 263 261 259 256 254 259 261 262 268 280 291 301 304 305 302 293 284 280 270 261 261 261 262 261 264 275 277 285 298 314 314 313 313 308 300 294 287 288 297 308 310 301 295 295 294 284 267 251 247 245 243 244 246 249 255 267 272 273 278 279 280 291 306 317 313 300 291 279 267 263 274 272 263 257 257 262 264 266 277 295 304 300 288 271 266 259 256 263
304 289 277 270 266 264 262 261 260 259 259 254 252 256 258 265 276 287 301 310 313 310 299 294 287 279 270 261 256 256 257 257 262 267 272 282 298 311 306 304 304 296 290 282 276 280 291 297 303 299 290 287 286 281 266 251 246 243 241 242 245 250 260 267 264 267 271 267 272 286 299 311 309 297 285 278 270 260 265 265 257 254 257 259 262 271 283 299 303 294 281 268 261 258 254 257
309 303 293 283 274 270 262 259 257 257 259 256 249 253 260 274 286 296 305 314 315 308 297 293 287 279 271 263 255 252 254 255 260 261 271 279 296 307 301 294 293 287 282 273 266 275 284 284 295 294 287 280 278 276 269 254 243 241 240 242 245 252 262 261 256 263 265 262 267 280 292 305 305 293 278 269 266 259 257 261 252 253 256 257 264 275 286 299 301 290 275 264 258 255 251 253
310 313 305 294 288 280 270 262 256 256 257 257 248 255 267 278 290 296 301 309 313 307 297 290 285 277 270 265 257 253 253 255 259 265 273 280 295 302 294 286 283 278 274 265 258 268 277 278 289 288 286 273 269 267 263 253 243 239 239 241 245 251 256 249 251 258 257 256 266 276 291 308 305 291 278 265 259 257 253 250 250 252 254 256 267 276 286 291 293 290 276 266 258 253 249 250
306 319 314 305 300 291 281 274 261 255 255 251 250 258 269 279 286 290 299 307 302 302 299 286 282 275 266 263 260 253 253 255 259 267 274 283 294 296 289 280 274 268 263 258 253 260 266 276 283 283 282 271 262 260 253 248 241 238 237 238 241 244 243 242 246 249 250 259 269 278 293 302 297 291 281 268 255 253 251 249 249 251 253 256 268 276 283 283 283 285 278 271 262 254 249 248
302 320 325 315 308 301 291 280 265 255 249 250 255 259 267 274 279 287 297 302 294 293 296 286 277 271 264 261 260 254 253 255 257 262 268 276 290 288 282 273 266 260 254 250 248 252 256 272 272 272 273 269 257 250 246 243 239 236 236 237 237 238 238 239 243 247 253 263 272 281 290 290 285 286 283 273 261 251 249 247 248 250 253 261 273 279 278 274 274 276 274 270 268 258 250 248
307 322 319 309 307 302 290 277 264 254 246 254 256 258 262 268 275 283 290 294 289 285 289 284 274 265 262 257 257 255 252 253 254 255 261 274 285 285 277 269 262 255 249 245 243 245 250 264 263 260 266 266 256 246 242 240 238 235 235 235 236 236 237 237 243 248 256 266 272 277 284 279 275 274 281 277 263 253 249 246 246 249 256 271 282 279 270 267 267 267 263 262 263 257 249 247
310 318 312 300 296 297 290 280 263 251 247 255 256 257 260 265 270 274 282 288 284 278 277 281 277 265 257 253 253 253 251 250 251 253 262 277 281 281 276 267 261 253 245 243 241 242 248 257 252 250 256 260 255 246 240 239 239 236 233 234 235 236 236 237 245 251 261 269 269 271 278 274 265 267 277 273 260 253 249 245 245 249 260 277 276 267 261 258 261 263 252 253 254 249 246 246
313 312 305 294 288 288 284 276 261 247 245 254 255 256 258 260 263 268 276 282 276 274 272 269 272 266 256 251 250 250 249 247 248 253 265 278 275 277 277 267 257 250 243 241 240 240 245 250 246 244 247 252 254 246 239 237 238 236 232 233 234 236 237 240 247 255 267 271 264 268 275 270 260 264 273 268 258 249 245 243 243 248 261 272 265 257 253 251 255 257 245 244 245 243 245 244
309 303 295 287 280 275 275 268 259 246 245 253 255 255 257 257 259 265 270 275 270 271 271 265 262 263 258 250 247 246 245 244 246 252 264 273 267 270 274 268 259 250 243 240 238 237 241 246 245 241 242 246 252 249 240 236 235 233 231 232 234 235 237 241 246 255 263 270 260 265 271 265 257 261 268 260 255 247 244 242 241 247 261 262 257 250 246 244 252 250 242 241 241 241 242 241
308 301 293 283 274 267 263 260 254 247 245 253 254 255 255 256 257 262 264 266 264 265 266 263 257 255 255 250 245 243 242 242 245 251 264 271 261 262 268 267 261 253 246 238 236 235 238 244 243 238 239 243 248 248 241 235 232 232 231 232 233 235 236 238 241 248 260 266 257 262 270 260 254 259 262 253 248 244 242 240 240 247 259 253 250 246 240 241 247 244 238 238 239 240 239 242
311 304 296 289 281 272 261 255 252 248 242 251 253 253 253 255 255 256 257 259 261 261 261 260 257 252 249 247 243 242 240 241 245 251 267 268 256 253 257 262 260 254 247 238 233 232 234 240 240 236 236 241 245 245 241 233 231 231 231 231 232 235 236 238 242 249 261 263 253 258 264 253 250 258 257 250 243 242 241 239 238 244 252 244 242 241 237 238 241 238 236 237 238 237 238 244
316 307 298 289 281 274 264 257 253 251 242 247 251 251 252 252 252 253 255 260 261 258 259 257 254 252 247 244 242 240 238 239 245 252 268 264 252 246 249 257 258 251 244 236 231 230 231 238 239 234 232 236 240 241 237 231 231 230 230 231 234 237 238 243 250 258 265 262 251 252 257 247 246 254 256 249 244 241 238 237 236 241 245 238 235 234 233 236 237 236 234 234 235 236 239 243
312 310 302 291 281 272 265 260 255 252 245 244 248 250 251 251 251 253 257 263 263 261 258 256 253 250 246 243 240 238 236 237 242 252 264 257 248 240 242 252 256 248 239 232 229 228 229 233 234 232 230 231 233 234 233 231 230 230 230 233 238 245 248 252 260 269 268 258 249 249 254 245 242 249 256 254 247 242 238 235 233 237 240 234 231 230 232 234 234 234 233 232 233 236 239 244
304 315 308 296 282 272 266 261 256 252 248 240 248 249 251 251 251 256 261 263 260 259 258 256 252 248 243 240 237 236 234 235 240 253 259 249 243 236 237 248 251 244 234 229 227 227 227 228 229 228 228 229 230 230 230 230 229 229 230 236 245 254 261 264 273 275 266 256 245 246 255 249 240 246 254 257 251 246 238 235 232 233 236 232 230 231 237 232 232 231 230 232 234 236 240 244
302 314 311 301 288 277 269 262 256 252 247 242 247 249 251 251 252 260 265 262 256 255 256 257 249 242 239 236 234 233 232 234 243 257 257 245 237 230 233 242 245 238 230 226 225 225 225 226 226 225 226 227 228 229 229 229 229 229 232 238 245 255 266 277 282 276 265 253 243 243 252 250 239 241 247 253 250 242 237 235 232 230 231 231 230 232 233 231 230 229 228 232 235 239 245 248
299 303 301 297 289 281 271 261 253 251 247 238 244 249 250 250 251 255 261 258 254 249 250 253 251 244 236 234 232 231 232 232 243 254 256 245 236 229 229 236 236 232 226 224 224 224 224 224 224 225 226 227 227 228 228 228 228 230 242 252 252 256 265 278 288 278 267 255 243 240 248 249 239 237 243 249 248 241 237 235 233 230 229 229 229 231 232 231 229 227 228 232 237 245 251 256
292 289 285 280 277 275 269 260 251 249 248 243 236 247 249 249 246 251 252 252 250 245 241 244 246 245 236 232 230 229 230 231 238 251 251 244 234 226 225 229 227 225 223 223 223 223 223 223 224 225 226 226 227 227 227 227 228 235 250 260 264 265 272 280 285 281 271 258 244 237 245 248 241 235 241 247 248 246 240 235 232 229 228 228 228 230 232 231 228 225 228 233 239 248 255 257
280 281 275 270 268 265 260 253 247 246 247 245 237 244 247 248 246 251 249 247 244 239 234 235 238 239 233 229 228 227 229 234 244 246 245 240 231 222 221 222 220 219 221 221 222 222 222 223 223 224 225 225 226 226 228 229 233 239 248 261 271 276 278 274 275 277 272 260 246 236 241 247 242 235 239 244 246 247 244 238 232 228 226 226 226 226 230 229 225 224 228 234 238 244 247 247
274 280 270 265 262 259 254 249 246 245 244 243 237 242 246 247 249 256 254 253 247 240 231 227 232 232 228 227 226 226 230 239 240 235 237 235 226 220 219 219 219 219 220 220 220 221 221 223 224 225 226 227 231 233 240 237 240 244 251 262 276 287 283 270 261 264 268 262 250 237 237 244 241 232 235 239 243 246 247 245 239 233 227 226 225 225 226 226 223 224 228 233 236 239 240 239
280 279 264 259 256 254 251 247 245 244 243 243 239 239 245 246 253 262 260 255 249 241 230 223 226 226 224 224 224 226 233 241 234 229 228 227 222 219 219 218 219 219 219 219 220 224 231 232 233 234 238 238 245 251 257 250 249 258 264 269 278 289 284 270 256 254 263 263 252 238 230 239 240 234 231 233 240 241 243 245 242 236 229 225 224 224 224 224 223 224 227 231 234 235 235 234
281 270 258 252 249 248 246 245 243 243 242 242 238 240 245 249 256 264 257 251 246 238 228 219 220 222 221 221 224 228 236 236 227 222 221 220 220 219 218 218 218 219 219 220 228 241 249 248 252 253 253 256 258 267 272 262 263 272 277 272 276 282 279 268 254 247 254 259 254 240 230 233 240 237 231 230 234 235 234 236 237 234 230 226 224 223 222 222 222 224 225 226 229 231 230 230
274 264 253 246 243 243 243 242 242 242 242 238 237 247 254 257 258 259 256 252 245 236 228 219 218 220 221 221 226 231 237 230 221 218 219 219 219 218 218 218 218 219 222 231 244 257 266 264 268 269 267 265 267 272 272 271 273 270 267 268 272 275 272 264 252 243 245 251 251 242 231 227 233 235 230 227 228 229 229 230 231 228 227 225 223 222 221 221 222 223 224 225 226 227 227 227
274 273 261 250 243 241 240 240 240 240 239 234 240 249 248 254 250 243 242 244 246 242 239 228 218 219 219 221 226 231 233 224 217 218 218 218 218 217 217 219 221 226 232 246 258 269 272 271 273 276 272 264 260 264 264 271 272 263 260 266 269 269 266 261 250 238 238 242 245 242 233 225 227 229 227 225 225 224 225 226 226 224 224 223 222 221 220 220 221 222 223 224 224 225 225 225
286 286 273 260 248 242 239 239 238 238 237 235 239 240 241 252 244 235 233 235 239 246 251 239 220 218 218 220 222 225 229 218 217 218 218 218 217 218 222 230 236 239 245 259 266 261 262 264 269 271 266 258 252 256 262 266 262 257 258 263 264 260 257 254 248 239 231 235 237 237 234 227 224 225 225 224 223 223 224 224 223 223 222 222 221 221 220 220 221 222 223 223 224 224 224 224
295 294 285 272 258 244 238 238 238 237 237 236 237 239 241 251 248 238 229 226 229 232 237 242 227 218 217 219 220 220 222 216 217 217 217 217 218 223 235 247 253 254 256 265 260 248 249 260 265 262 258 252 248 255 262 262 256 254 256 258 257 253 248 245 243 237 228 228 230 228 226 225 223 222 221 221 221 222 222 223 223 222 221 220 220 220 219 220 221 222 222 223 224 224 224 224
291 290 290 280 266 250 243 238 238 237 238 232 236 243 248 242 241 242 232 224 221 221 225 233 232 220 218 218 218 218 217 216 216 217 217 218 226 238 248 260 265 259 260 261 251 239 245 258 260 254 251 247 246 254 258 256 251 250 252 251 249 243 239 236 234 232 227 225 224 224 224 223 221 219 219 219 220 222 224 224 224 223 221 220 219 218 219 220 221 221 223 223 224 224 224 224
280 278 287 282 269 255 249 239 238 237 237 231 235 244 242 229 227 232 234 227 219 217 220 226 234 225 219 220 217 216 215 215 216 216 217 219 228 244 256 262 260 251 250 254 243 234 245 256 256 249 243 241 245 251 252 250 244 242 243 241 236 231 231 230 228 227 226 224 224 223 222 221 220 219 218 219 221 225 226 227 226 226 223 220 219 217 216 219 220 222 223 224 225 225 225 226
269 272 281 280 276 266 252 240 238 237 237 233 233 246 235 222 221 224 230 232 225 217 218 221 227 232 220 220 217 214 214 215 215 216 217 218 227 242 247 254 251 241 242 247 237 233 246 251 250 245 237 237 243 246 245 242 238 237 236 234 232 229 228 227 225 225 224 223 223 222 222 221 220 218 218 219 222 227 228 230 231 230 226 221 219 217 216 218 221 222 224 225 225 228 230 231
263 272 270 263 265 268 255 240 236 236 237 231 234 247 234 219 220 224 228 235 234 220 218 218 222 227 223 220 217 215 214 215 215 216 219 221 233 234 234 241 244 234 232 237 231 234 242 242 244 239 233 234 237 236 236 236 236 235 234 232 230 229 228 227 226 225 224 223 222 221 221 220 219 217 217 218 220 225 229 234 235 234 229 220 218 216 215 219 221 222 225 226 229 233 239 236
270 277 263 251 252 257 255 240 235 234 236 231 228 236 235 223 221 225 228 231 239 227 218 218 219 220 223 220 217 214 214 214 214 218 227 232 229 223 224 232 238 231 224 227 223 228 233 231 229 228 228 230 231 231 233 235 236 236 235 234 233 232 231 230 229 228 227 227 225 223 221 219 216 214 218 222 225 232 236 240 234 231 225 218 216 215 214 216 219 222 228 233 235 234 235 232
275 272 262 247 241 242 245 238 234 233 233 230 223 226 236 231 225 225 226 227 234 226 219 219 217 219 221 219 216 214 214 214 214 220 230 229 222 218 217 220 225 222 217 218 217 217 220 222 222 226 229 232 233 234 236 238 239 240 239 238 237 235 235 234 232 233 234 233 231 229 225 220 213 213 217 226 232 238 241 237 226 219 219 215 214 214 213 217 220 225 234 242 239 229 227 228
273 262 255 243 238 239 239 234 231 230 231 229 221 220 234 240 230 224 223 224 227 221 220 219 218 218 219 217 214 214 214 214 214 218 220 218 215 213 214 215 215 215 216 216 218 219 223 227 228 233 235 236 238 238 240 244 245 243 243 243 240 239 242 241 238 239 243 242 240 240 235 228 221 214 214 221 227 235 239 236 229 221 216 213 214 213 217 224 229 230 239 247 240 225 222 224
272 262 252 245 240 240 242 234 230 229 228 226 219 217 224 232 230 224 222 223 223 221 219 219 218 218 217 215 213 214 214 214 214 214 214 211 212 212 215 218 218 219 220 220 225 231 235 237 237 240 241 242 245 245 251 254 252 248 249 249 246 246 251 248 243 246 253 251 250 252 247 237 229 218 212 214 219 227 229 237 235 221 214 213 212 215 221 233 236 234 234 242 237 222 219 220
