inputs/landscapes/Maria2019-elevation.asc
ncols        673
nrows        673
xllcorner    -2092425.000000000000
yllcorner    1494885.000000000000
cellsize     30.000000000000
NODATA_value -32768
[rows 176 to 219 of 673, columns 480 to 575 of 673]
127 128 128 129 129 130 130 130 131 132 132 132 133 133 133 134 134 135 135 135 136 136 136 136 135 135 135 135 135 135 135 135 134 134 134 134 134 134 134 133 133 131 130 129 126 128 129 127 125 124 127 128 128 127 126 125 124 123 123 121 121 122 122 122 122 122 123 123 123 123 123 123 123 123 121 121 121 120 120 120 120 120 120 120 120 119 119 119 118 118 116 114 112 110 110 110
127 127 128 128 128 129 129 130 130 130 131 131 131 132 132 133 133 134 134 134 134 134 134 134 134 134 133 133 134 133 132 133 133 132 132 133 133 133 132 132 131 130 129 128 125 126 127 127 124 124 125 126 126 126 125 125 124 123 123 122 120 120 121 121 121 122 123 123 123 122 120 121 123 122 119 117 116 118 119 119 119 119 120 119 119 117 117 118 116 114 114 110 110 110 110 109
126 126 127 127 127 128 128 129 129 129 130 130 130 131 131 132 132 132 132 133 133 133 133 133 133 132 131 131 132 131 131 131 131 131 132 132 132 132 131 130 128 128 129 128 126 123 124 125 123 123 124 125 125 125 124 124 124 123 123 123 122 120 119 119 119 121 122 122 122 118 117 116 120 117 116 115 115 116 117 118 117 117 118 118 117 115 117 117 116 112 110 110 109 109 109 109
125 126 126 126 127 127 127 128 128 128 129 129 129 130 130 130 131 131 131 131 131 131 131 131 132 131 130 130 130 130 130 129 129 129 130 130 130 130 129 128 126 126 127 127 126 123 122 123 121 123 124 124 124 124 124 124 123 123 123 123 122 120 116 116 117 119 120 120 118 115 113 113 113 113 114 114 114 115 115 115 115 114 114 115 116 113 114 116 115 110 110 109 109 109 109 109
124 124 125 125 126 126 126 127 127 127 128 128 129 129 129 130 130 130 130 130 130 130 130 130 130 130 130 129 127 128 127 128 128 128 128 128 128 128 128 127 125 125 126 126 125 123 121 120 119 122 123 124 124 124 124 123 123 123 122 123 121 116 113 113 114 116 116 115 114 113 112 112 112 112 113 113 114 114 114 114 113 112 111 110 110 110 111 112 110 110 109 109 109 109 109 109
123 124 124 124 124 125 125 125 126 126 127 128 128 128 129 129 129 129 129 129 129 129 130 130 130 130 129 128 126 126 126 127 127 127 127 127 127 127 127 126 124 123 125 125 125 123 120 119 118 121 123 123 123 123 123 123 123 119 114 112 112 110 109 109 109 110 109 109 111 111 111 111 111 111 112 112 113 114 113 113 112 111 110 109 109 109 109 109 109 109 109 109 109 108 108 109
122 123 123 123 123 123 124 124 125 126 127 127 128 128 128 128 128 128 128 128 128 128 129 129 129 128 128 127 124 124 125 126 126 126 126 126 126 126 126 125 123 121 124 125 124 123 120 118 118 119 123 123 123 123 123 121 116 109 107 107 106 107 107 107 107 107 107 107 108 109 111 111 111 111 111 112 112 113 113 112 111 110 110 109 109 109 109 109 109 109 108 108 108 108 108 108
121 121 122 122 122 122 122 123 123 124 125 126 127 127 127 127 127 127 127 127 127 127 127 127 127 127 127 126 123 123 124 125 125 125 125 125 125 125 125 124 122 119 123 124 124 123 120 117 117 117 119 123 122 120 115 110 106 107 107 106 107 107 107 107 107 107 107 107 107 108 110 111 111 110 110 111 111 111 111 111 111 110 109 109 108 108 108 108 108 108 108 108 108 108 108 108
118 119 119 120 120 120 121 121 122 123 124 125 125 126 125 126 126 126 126 126 126 126 126 126 126 126 126 125 123 121 123 123 124 124 124 124 124 124 124 123 120 117 121 123 123 122 120 117 115 115 116 117 113 108 107 106 106 106 106 106 106 106 106 106 106 106 106 107 107 108 110 110 110 110 110 110 110 110 110 111 110 109 109 108 108 108 108 108 108 108 108 108 107 107 107 108
117 117 118 118 118 118 119 119 120 121 122 123 124 124 124 124 124 124 124 124 124 124 124 124 124 124 124 124 123 120 121 122 123 123 123 124 124 124 123 122 119 116 119 122 121 121 119 118 116 113 109 106 104 105 106 106 105 105 105 106 106 106 106 106 106 106 106 107 107 108 109 109 109 109 110 110 110 110 110 110 109 109 108 108 107 108 108 108 107 107 107 107 107 107 107 108
117 117 117 117 117 117 117 117 118 119 121 121 122 123 122 121 122 123 123 122 122 122 123 123 123 123 123 123 123 120 119 121 122 122 123 123 123 123 122 121 117 115 119 121 121 120 119 117 114 107 104 104 105 105 105 105 105 105 105 106 106 106 106 106 106 106 106 107 107 108 108 108 108 108 109 109 109 109 109 108 108 108 107 107 107 107 107 107 107 107 107 107 107 107 107 108
118 117 117 117 117 117 118 118 115 116 116 118 119 121 117 118 121 121 121 120 120 121 121 121 122 122 122 122 123 120 118 119 120 121 122 122 122 122 121 119 115 113 119 121 120 119 116 111 104 103 104 104 104 104 104 104 105 105 105 106 106 106 106 106 106 106 106 107 107 108 107 107 108 108 108 108 108 108 108 107 107 107 107 107 107 107 107 107 107 107 107 107 107 107 107 107
117 117 112 112 117 112 109 112 111 111 109 110 113 114 114 116 118 119 118 118 118 119 119 120 120 121 121 121 121 118 116 118 118 118 119 121 121 121 120 117 113 112 118 119 118 115 108 103 103 103 103 103 104 104 104 104 105 105 105 105 105 105 105 106 106 106 106 107 107 107 107 107 107 107 107 107 107 107 107 107 107 107 107 107 107 107 107 107 107 107 107 107 107 107 107 107
102 105 103 101 102 103 101 101 101 103 103 104 104 105 109 110 112 114 115 117 117 117 118 118 119 119 120 120 119 116 116 116 117 117 118 119 120 120 119 116 112 113 116 116 114 108 103 103 103 103 103 103 103 104 104 104 105 105 105 105 105 105 105 105 105 106 106 106 106 106 106 106 107 107 107 107 107 107 107 107 106 106 106 106 106 106 106 106 106 106 106 106 107 107 107 107
100 100 101 101 101 101 100 100 100 101 101 102 103 105 106 106 106 108 114 119 117 117 117 117 118 118 118 118 117 116 116 116 115 116 117 117 117 117 117 115 112 113 114 114 108 103 103 103 103 103 102 102 103 103 104 104 104 104 105 105 105 105 105 105 105 105 105 105 106 106 106 106 106 106 106 106 106 106 106 106 106 106 106 106 106 106 106 106 106 106 106 106 106 107 107 107
100 100 100 100 100 100 100 100 100 100 100 102 103 104 105 106 106 107 112 119 118 117 117 117 117 117 117 117 115 116 116 116 114 113 115 115 115 114 115 114 112 112 111 106 103 103 103 103 102 102 102 102 102 103 104 104 104 104 104 104 104 104 104 105 105 105 105 105 105 105 105 105 105 106 106 106 106 106 106 106 106 106 106 106 106 106 106 106 106 106 106 106 106 106 106 106
99 99 99 99 99 99 99 98 98 99 100 101 103 104 104 105 106 107 110 116 117 116 116 116 117 117 117 116 115 115 116 116 114 113 113 114 112 110 112 113 112 109 105 102 103 103 103 102 102 102 102 102 102 102 103 103 103 104 104 104 104 104 104 104 104 104 104 104 104 104 105 105 105 105 105 105 105 105 106 106 106 106 106 105 105 106 106 106 106 106 106 106 106 106 106 106
98 98 98 98 98 98 98 98 98 98 98 99 101 103 104 105 106 107 109 112 114 115 115 115 116 116 116 116 115 114 114 114 113 112 111 111 109 107 107 108 108 104 103 103 103 103 102 102 102 102 102 102 102 102 102 103 103 103 104 104 104 104 104 104 104 104 104 104 104 104 104 104 104 104 105 105 105 105 105 105 105 105 105 105 105 105 105 105 106 106 106 106 106 106 106 106
97 97 97 97 97 97 97 97 97 97 97 97 98 100 102 104 105 106 108 110 112 113 113 114 114 114 114 114 111 111 112 113 112 110 106 106 106 104 103 103 103 103 103 103 103 103 102 102 102 102 101 101 102 102 102 103 103 103 104 104 104 103 103 103 103 103 103 103 104 104 104 104 104 104 105 105 105 105 105 105 105 105 105 105 105 105 105 105 105 105 105 106 106 106 106 106
96 96 96 97 97 97 97 97 97 97 97 97 97 98 100 103 104 105 106 109 110 111 112 112 112 113 113 112 111 110 110 112 111 107 103 103 104 104 102 101 102 103 103 103 103 103 103 102 102 101 101 101 101 101 102 102 102 103 103 104 104 103 103 103 103 103 104 104 104 104 104 104 104 104 104 104 104 104 105 105 105 105 105 105 105 105 105 105 105 105 105 105 105 106 106 106
96 96 96 96 96 96 96 96 96 97 97 97 97 97 98 101 103 104 105 106 110 111 111 111 111 111 111 111 110 108 109 111 108 103 103 103 103 103 102 101 102 103 103 103 103 103 102 102 102 102 102 101 101 101 101 102 102 102 103 103 103 103 103 102 102 102 104 104 104 103 103 104 104 103 104 104 104 104 104 104 104 104 105 105 105 105 105 105 105 105 105 105 105 105 106 106
96 96 96 96 96 96 96 96 96 96 96 97 97 97 97 98 100 102 103 104 105 107 108 109 110 110 110 110 109 105 106 108 105 103 102 102 101 101 101 101 101 102 102 102 102 102 102 102 102 102 102 101 101 101 101 101 102 101 101 102 102 102 101 101 101 101 101 101 102 101 101 101 102 102 103 104 104 104 104 104 104 104 104 104 105 105 105 105 105 105 105 105 105 105 106 106
96 96 96 96 96 96 96 96 96 96 96 96 97 97 97 97 98 100 101 102 103 103 104 105 106 106 106 107 106 104 104 104 104 103 102 101 100 100 100 100 101 101 102 102 101 101 101 101 101 101 101 101 101 101 101 101 100 100 100 101 101 101 102 101 101 101 101 101 102 102 102 102 102 102 103 103 104 104 104 104 104 104 104 104 104 104 104 105 105 105 105 105 105 105 105 106
96 96 96 96 96 96 96 96 96 96 96 96 96 97 97 97 97 98 100 101 102 102 103 104 104 103 101 103 104 103 104 104 104 103 101 100 99 99 100 100 100 101 101 101 101 101 101 101 101 101 101 101 101 101 101 100 100 100 99 99 100 101 101 101 102 102 102 102 102 102 102 102 102 103 103 103 104 104 104 104 104 104 104 104 104 104 104 104 104 104 105 105 105 105 105 105
96 96 96 95 96 96 96 96 96 96 96 96 96 97 97 97 97 98 99 100 101 101 102 102 102 102 101 101 102 103 103 103 104 102 101 99 98 98 99 100 99 99 99 100 100 100 100 100 100 100 101 101 101 101 101 100 100 100 99 99 99 101 101 101 102 102 102 102 102 102 102 102 102 103 103 103 103 104 104 104 104 104 104 104 104 104 104 104 104 104 104 105 105 105 105 105
96 95 96 96 96 96 96 96 96 96 96 96 96 97 97 97 97 97 98 99 100 100 101 101 101 101 101 101 102 103 102 101 102 101 100 99 98 98 98 99 98 98 98 99 100 100 100 100 100 100 100 101 101 101 100 100 100 100 99 99 100 101 101 101 101 102 102 102 102 102 102 102 102 103 103 103 103 103 104 104 104 104 104 104 104 104 104 104 104 104 104 104 105 105 105 105
96 96 96 96 96 96 96 96 96 96 96 96 96 97 97 97 97 97 98 98 99 100 100 100 100 100 101 101 102 102 101 100 99 99 98 98 98 98 98 98 98 98 98 99 99 100 100 100 100 100 100 100 100 100 100 100 100 99 99 99 100 101 101 101 101 101 102 102 102 102 102 102 102 103 103 103 103 103 103 104 104 104 104 104 104 104 104 104 104 104 104 104 104 105 105 105
96 96 96 96 96 96 96 96 96 96 96 97 97 97 97 97 97 97 97 98 99 100 100 100 100 100 100 100 100 100 99 98 98 98 98 98 98 98 98 98 98 99 99 99 99 100 100 100 100 100 100 100 100 100 100 100 100 99 99 100 100 100 101 101 101 101 101 101 101 101 102 102 102 103 103 103 103 103 103 103 104 104 104 104 104 104 104 104 104 104 104 104 104 105 105 105
96 96 96 96 96 96 96 96 96 97 97 97 97 97 97 97 97 97 98 98 99 99 99 99 99 99 99 98 98 98 98 98 98 98 98 98 98 98 98 99 99 99 99 99 99 100 100 100 100 100 100 100 100 100 100 100 100 100 100 100 100 100 100 101 101 101 101 101 101 101 101 101 102 103 103 103 103 103 103 103 104 104 104 104 104 104 104 104 104 104 104 104 104 104 105 105
96 96 96 96 96 96 96 96 97 97 97 97 97 97 98 97 98 98 98 99 99 99 99 99 99 98 98 98 97 97 98 98 98 98 98 98 98 98 98 99 99 99 99 99 100 100 100 100 100 100 100 100 100 100 100 100 100 100 100 100 100 100 100 101 101 101 101 101 101 101 101 101 102 103 103 103 104 103 104 104 104 104 104 104 104 104 104 104 104 104 104 104 104 105 105 105
96 96 96 96 96 96 96 97 97 97 97 97 98 98 98 98 98 98 99 99 99 99 98 98 98 98 97 97 97 97 98 98 98 98 98 98 98 99 99 99 99 99 99 99 100 100 100 100 100 100 100 100 100 100 100 100 100 100 100 100 100 100 101 101 101 101 101 101 101 101 101 101 103 104 104 104 104 104 104 104 104 104 104 104 104 104 104 104 104 104 104 104 104 105 105 105
96 96 96 96 96 96 96 97 97 97 97 98 98 98 98 98 98 98 99 98 98 98 98 98 98 97 97 97 97 97 98 98 98 98 98 98 98 99 99 99 99 99 99 100 100 100 100 100 100 100 100 100 100 100 100 100 100 100 100 100 100 100 101 101 101 101 101 101 101 101 101 102 104 104 104 104 104 104 104 104 104 104 104 104 104 104 104 104 104 104 104 104 104 105 105 105
96 96 96 96 96 96 96 97 97 97 97 98 98 98 98 98 98 98 98 98 98 98 98 97 97 97 97 97 97 98 98 98 98 98 98 98 99 99 99 99 99 99 100 100 100 100 100 100 100 100 100 101 101 101 101 101 101 101 101 100 100 101 101 101 101 101 101 101 101 101 101 102 103 104 104 104 104 104 104 104 104 104 104 104 104 104 104 104 104 104 104 104 104 104 105 105
95 96 96 96 96 96 97 97 97 97 97 98 98 98 98 98 98 98 98 98 98 98 97 97 97 97 97 97 98 98 98 98 98 98 98 98 98 99 99 99 99 99 100 100 100 100 100 101 101 101 101 101 101 101 101 101 101 101 101 101 100 101 101 101 101 101 101 101 102 102 102 102 103 103 104 104 104 104 104 104 104 104 104 104 104 104 104 104 104 104 104 104 104 104 105 105
96 96 96 96 96 96 96 97 97 97 97 97 97 98 98 98 98 98 98 98 97 97 97 97 97 97 97 97 98 98 98 98 98 98 98 98 98 99 99 99 99 100 100 100 100 100 101 101 101 101 101 101 101 101 101 101 101 101 101 101 101 101 101 101 101 102 102 102 102 102 102 102 103 103 103 104 104 104 104 104 104 104 104 104 104 104 104 104 104 104 104 104 104 104 105 105
95 96 96 96 96 96 96 96 97 97 97 97 97 97 97 97 98 97 97 97 97 97 97 97 97 97 97 97 98 98 98 98 98 98 98 98 98 99 99 99 100 100 100 100 100 101 101 101 101 101 101 101 102 102 102 102 102 102 102 101 101 101 101 101 101 102 102 102 102 102 103 103 103 103 103 103 104 104 104 104 104 104 104 104 104 104 104 104 104 104 104 104 104 104 105 105
95 96 96 96 96 96 96 96 96 96 97 97 97 97 97 97 97 97 97 97 97 97 97 97 98 98 98 98 98 98 98 98 98 98 98 98 98 99 99 100 100 100 100 100 101 101 101 101 101 102 102 102 102 102 102 102 102 102 102 102 101 101 101 101 101 101 102 102 102 103 103 103 103 103 103 103 103 104 104 104 104 104 104 104 104 104 104 104 104 104 104 104 104 104 105 105
95 96 96 96 96 96 96 96 96 96 96 96 96 96 97 97 97 97 96 97 97 97 97 98 98 98 98 98 98 98 98 98 98 98 98 98 99 99 100 100 100 100 100 101 101 101 101 102 102 102 102 102 102 102 102 102 102 102 102 102 102 102 101 101 101 101 102 103 103 103 103 103 103 103 103 103 103 104 104 104 104 104 104 104 104 104 104 104 104 104 104 104 104 104 105 105
95 95 95 95 96 96 96 96 96 96 96 96 96 96 96 96 96 96 96 96 97 97 98 98 98 98 98 98 98 98 98 98 98 98 98 99 99 99 100 100 100 100 101 101 101 101 102 102 102 103 103 103 103 103 103 103 103 103 103 103 102 102 102 102 102 102 103 103 103 103 103 103 103 103 103 104 104 104 104 104 104 104 104 104 104 104 104 104 104 104 104 104 104 105 105 105
95 95 95 95 96 96 96 96 96 96 96 96 96 96 96 96 96 95 95 96 97 98 98 98 98 98 98 98 98 98 98 98 98 98 99 99 99 100 100 100 100 101 101 101 101 101 102 103 103 103 103 103 103 103 103 103 103 103 103 103 103 103 103 103 103 103 103 103 104 104 104 104 104 104 104 104 104 104 104 104 104 104 104 104 104 104 104 104 104 104 104 104 105 105 105 105
95 95 95 95 95 95 95 95 95 95 95 95 95 95 95 95 95 95 95 96 98 98 98 98 98 98 98 98 98 98 98 98 99 99 99 99 100 100 100 101 101 101 101 101 101 102 103 103 104 104 104 104 104 104 104 104 104 104 104 104 104 104 104 104 104 104 104 104 104 104 104 104 104 104 104 104 104 104 104 104 104 104 104 104 104 104 104 104 104 104 104 104 105 105 105 106
95 95 95 95 95 95 95 95 95 95 95 95 95 95 95 95 95 95 95 98 98 98 98 98 98 98 98 98 98 99 99 99 99 99 99 100 100 100 101 101 101 101 101 101 101 102 103 104 104 104 104 104 104 104 104 104 104 104 104 104 104 104 104 104 104 104 104 104 104 104 104 104 104 104 104 104 104 104 104 104 104 104 104 104 104 104 104 104 104 104 104 104 105 105 105 106
95 95 95 95 95 95 95 95 95 95 95 95 95 95 95 95 95 96 98 98 98 98 98 98 98 98 98 99 99 99 99 99 99 99 99 100 100 100 101 101 101 101 101 101 102 102 103 103 103 103 103 103 103 104 103 104 104 104 104 104 103 104 104 104 104 104 103 104 104 104 104 104 104 104 104 104 104 104 104 104 104 104 104 104 104 104 104 104 104 104 104 105 105 105 105 106
95 95 95 95 95 95 95 95 95 95 95 95 95 95 95 96 97 98 98 98 98 98 98 98 98 99 99 99 99 99 99 99 99 99 100 100 100 101 101 101 101 101 101 101 102 102 102 103 103 103 103 103 103 103 103 103 103 103 103 103 103 103 103 103 103 103 103 103 104 104 104 104 104 104 104 104 104 104 104 104 104 104 104 104 104 104 104 104 104 104 104 105 105 105 105 106
