inputs/landscapes/Maria2019-elevation.asc
ncols        673
nrows        673
xllcorner    -2092425.000000000000
yllcorner    1494885.000000000000
cellsize     30.000000000000
NODATA_value -32768
[rows 88 to 131 of 673, columns 0 to 95 of 673]
244 257 268 275 277 271 261 250 240 229 222 215 211 207 203 200 197 198 201 201 199 194 191 194 194 196 204 218 227 233 241 253 263 271 275 275 271 267 273 286 297 308 318 322 323 328 336 345 356 367 379 379 367 352 340 333 329 321 312 299 292 288 284 281 281 279 272 266 256 248 242 235 228 225 223 222 220 218 216 215 206 213 208 199 198 198 196 199 201 198 200 206 213 218 223 227
255 261 264 259 265 272 268 255 243 235 229 222 216 210 207 203 196 196 198 199 196 191 191 193 194 197 205 215 221 228 239 251 261 271 274 267 262 269 278 292 303 311 312 308 310 320 327 335 346 358 378 379 367 351 337 326 319 313 307 297 290 285 280 275 272 272 268 269 263 256 250 244 235 230 226 219 217 215 214 211 205 204 201 201 201 198 194 195 203 203 203 207 213 217 222 226
244 247 251 250 253 269 272 259 246 238 236 231 226 221 215 208 201 196 195 196 193 190 191 192 194 197 204 212 222 232 244 256 267 271 268 259 261 273 285 295 300 299 299 295 300 309 316 328 339 353 375 377 362 348 334 321 312 305 300 292 285 281 275 269 266 264 261 261 262 261 257 251 242 237 229 217 211 210 208 205 202 202 205 210 212 208 199 193 203 206 205 205 210 214 222 229
229 235 242 244 251 263 269 252 240 232 226 226 226 226 224 217 208 199 194 193 192 190 189 191 193 198 208 218 230 240 252 263 269 267 258 254 263 275 286 287 287 286 284 283 288 298 315 326 336 354 373 375 359 346 333 324 315 305 296 289 283 276 269 264 259 258 256 254 256 257 258 253 246 236 223 210 207 204 201 201 208 211 215 218 218 215 206 194 196 199 201 205 209 218 224 232
223 228 231 236 246 258 263 243 231 222 215 214 216 218 218 216 209 201 193 191 191 190 189 189 194 201 213 223 235 245 257 265 265 260 250 252 264 273 277 273 272 274 271 276 288 301 314 326 340 356 373 374 363 349 340 329 321 313 303 293 286 278 272 266 259 255 253 249 246 246 248 250 246 230 218 208 205 203 205 210 218 221 222 225 226 219 210 199 194 194 200 208 217 228 235 235
215 219 222 233 244 259 259 240 225 215 208 205 205 207 206 204 204 198 190 189 190 190 189 188 197 207 216 227 238 245 255 262 257 249 242 248 257 262 261 260 261 262 268 281 294 306 319 331 342 355 370 376 371 358 345 336 326 319 311 301 290 282 276 272 267 258 250 248 244 238 236 239 242 229 214 209 206 209 216 222 227 232 233 235 228 219 214 205 198 195 201 212 222 230 236 240
210 216 226 238 249 262 257 241 225 214 209 205 202 198 196 196 196 192 187 187 189 189 189 192 204 215 222 230 237 241 245 249 242 237 237 241 242 245 248 252 258 266 274 288 300 309 315 323 333 347 364 378 374 363 358 346 335 326 318 309 299 291 286 279 271 265 259 256 250 242 232 228 234 230 216 212 210 215 224 232 238 243 242 234 224 217 214 206 205 200 199 205 211 216 228 233
213 222 233 245 255 262 258 244 230 221 216 211 205 198 193 186 186 186 187 190 190 190 192 196 211 221 223 225 227 231 234 235 232 231 235 238 238 241 248 254 260 267 275 287 295 298 302 309 325 346 364 381 379 370 364 353 343 333 320 309 301 295 290 281 269 258 254 252 251 245 237 226 225 223 219 216 213 216 227 235 241 250 243 231 220 215 212 211 212 203 194 191 196 212 224 230
221 231 238 246 254 254 255 250 238 231 225 219 211 204 199 193 184 183 186 189 191 192 194 197 211 217 214 214 216 223 227 228 230 233 238 240 242 246 253 260 262 265 272 278 285 291 301 317 336 353 369 379 375 371 363 353 345 331 319 305 291 284 281 277 268 257 246 242 243 243 238 225 221 221 221 216 216 218 221 233 243 253 245 233 224 219 219 222 220 210 199 196 195 207 217 221
231 235 237 238 243 244 249 253 243 238 231 225 217 210 205 199 184 183 187 190 191 192 194 196 204 208 209 211 213 217 222 227 236 242 246 251 254 255 258 269 272 271 277 282 291 300 314 331 345 357 369 371 367 367 360 350 343 330 317 305 289 276 270 269 263 258 245 237 233 227 226 222 221 221 218 213 219 227 226 230 242 257 251 239 233 230 232 232 222 213 205 197 194 198 208 213
234 235 230 228 229 231 239 248 239 229 221 219 220 215 207 197 183 184 187 189 191 192 194 195 201 205 207 208 211 214 222 231 238 247 252 264 267 266 262 271 284 285 287 295 305 316 327 336 344 351 359 359 362 365 358 347 336 325 312 302 287 274 263 257 255 248 241 241 238 230 221 223 228 225 215 217 227 236 235 233 243 256 259 248 241 241 241 229 218 212 207 203 193 194 199 206
228 222 219 218 218 223 234 244 235 223 212 208 209 210 204 190 183 185 187 189 190 192 194 195 202 204 206 209 211 215 221 228 236 247 256 264 268 274 270 274 290 296 301 309 318 321 325 331 336 341 347 350 357 363 354 347 338 326 311 298 284 273 265 257 250 249 249 245 234 226 228 234 236 223 215 224 233 241 244 243 248 258 264 258 251 250 243 230 225 221 215 205 194 191 190 193
214 211 210 210 214 224 236 246 236 224 212 202 199 198 196 186 183 185 186 188 189 192 194 200 206 207 206 209 212 215 219 225 233 244 251 256 264 271 276 279 291 306 312 315 310 311 313 316 319 329 337 346 351 352 346 339 333 323 314 302 290 280 270 266 263 256 248 237 230 234 239 244 235 221 220 226 230 236 244 250 254 261 272 267 261 252 244 240 236 230 220 207 195 187 185 196
207 206 205 205 212 226 237 250 238 225 212 203 196 191 189 184 182 184 186 187 189 191 196 206 214 215 214 214 215 216 219 224 230 237 245 251 257 263 271 282 296 313 313 305 301 300 303 311 314 321 329 338 345 345 342 331 321 316 312 302 287 274 266 259 253 247 238 234 239 244 250 247 234 221 224 228 229 234 240 249 255 263 273 277 267 259 252 249 243 234 225 212 200 190 183 194
201 203 201 202 215 229 238 245 237 225 214 208 200 194 189 184 182 184 185 187 188 190 197 209 220 225 225 223 221 219 220 224 227 231 238 246 254 265 277 289 304 310 302 298 293 290 293 297 307 317 326 332 338 337 340 332 319 310 304 293 280 270 262 250 241 240 241 247 253 259 257 245 234 222 225 235 239 238 239 245 254 265 274 276 268 266 264 261 254 244 233 221 206 192 180 188
199 200 200 202 216 229 239 246 238 228 221 215 206 201 192 183 181 184 185 186 188 190 198 211 221 225 226 225 227 227 227 226 227 231 238 245 253 267 280 292 304 301 294 287 282 279 281 286 296 310 323 326 327 324 330 333 322 308 299 293 283 272 261 251 247 250 254 259 267 267 257 245 234 222 225 237 244 248 248 249 256 269 273 267 263 261 262 263 259 250 241 227 208 194 181 182
196 199 201 205 215 226 240 252 242 233 226 221 215 205 193 182 180 183 185 186 188 191 199 212 220 216 217 216 217 218 220 222 225 228 231 240 248 260 275 293 299 294 285 278 270 268 268 274 287 304 315 313 310 309 316 328 327 312 298 287 276 267 259 257 262 264 269 274 274 266 254 241 230 221 226 236 246 254 261 262 263 275 272 262 255 252 252 252 249 245 238 225 210 196 183 175
196 200 204 208 216 227 242 251 238 228 224 221 214 205 195 186 180 182 184 185 187 191 201 211 212 207 207 206 207 209 214 218 222 228 237 245 250 264 278 293 298 292 277 268 256 257 258 267 286 299 299 298 295 294 304 314 327 318 303 290 278 269 268 272 276 278 280 283 276 264 253 242 231 220 228 235 245 255 266 274 275 280 276 264 251 241 239 238 237 235 227 217 206 194 184 177
198 201 208 215 223 231 241 241 227 218 215 211 207 201 195 187 181 180 182 183 186 191 201 206 202 201 199 201 205 212 217 223 232 240 251 260 264 273 284 291 295 291 278 263 245 247 251 267 283 288 286 287 281 283 293 309 323 323 310 297 289 281 282 286 289 291 288 280 270 261 253 243 232 223 231 237 244 254 264 274 283 284 278 266 253 241 229 225 224 223 216 206 199 192 193 190
197 200 207 217 227 233 238 237 224 214 209 204 199 195 192 189 182 180 179 181 184 189 199 199 197 196 197 203 211 217 224 231 241 253 264 273 279 283 287 289 290 285 272 259 242 238 252 268 276 276 273 276 269 276 292 308 313 322 320 309 303 297 297 301 299 291 284 275 263 253 248 241 228 229 238 245 248 256 266 274 278 282 278 266 255 240 228 218 215 216 212 206 206 207 207 203
196 200 209 222 228 227 234 244 230 218 211 203 197 194 189 185 183 181 179 178 182 186 192 193 193 193 200 209 217 225 233 241 252 262 267 271 274 280 280 280 277 279 267 254 238 233 248 264 266 264 264 264 260 271 292 299 300 306 320 323 317 311 310 309 298 283 273 266 257 246 237 230 226 235 245 252 257 262 267 266 266 272 275 270 257 246 236 226 223 222 219 217 220 222 218 210
194 199 209 222 224 221 233 242 240 228 217 210 203 195 189 185 182 181 179 178 180 184 188 190 190 193 205 215 221 226 234 239 248 257 261 261 271 275 271 271 271 273 265 251 236 229 242 256 253 255 256 250 254 272 286 288 290 294 304 322 328 323 317 309 297 283 270 259 251 245 239 227 232 240 250 258 267 269 261 254 254 259 270 273 267 256 245 238 233 232 231 230 233 232 222 212
192 197 205 212 213 217 227 240 244 234 225 216 205 195 187 183 182 180 179 178 179 183 186 188 189 195 205 209 214 221 225 230 240 250 254 256 268 272 266 261 267 270 263 246 234 225 240 244 244 245 248 241 254 269 274 276 280 286 301 319 328 318 308 303 297 288 276 263 250 241 233 227 237 247 255 264 275 272 255 240 239 250 263 273 275 271 259 248 245 244 244 243 242 233 221 210
191 194 198 201 203 211 224 237 243 229 217 207 199 192 183 182 181 180 179 178 178 181 184 185 187 192 196 200 210 213 219 228 236 242 244 248 263 269 260 251 261 267 259 242 227 223 237 236 238 239 239 241 253 259 260 264 273 284 300 314 319 309 302 295 289 285 278 264 253 242 231 233 243 254 266 274 276 269 254 240 230 241 253 259 269 275 270 260 259 257 255 249 241 229 219 214
189 192 194 198 203 210 222 235 243 225 213 205 196 188 182 182 180 179 179 178 177 180 184 187 185 187 192 198 203 209 218 226 231 234 234 243 259 265 252 241 251 261 250 238 225 220 232 229 233 232 232 239 244 250 256 263 274 285 299 314 313 304 298 288 278 272 269 260 251 239 233 242 252 263 270 271 266 260 249 238 225 230 240 243 254 267 275 271 273 269 263 251 239 230 226 228
188 191 195 200 208 216 226 239 240 228 218 207 195 186 182 181 179 179 178 177 177 184 196 197 190 187 188 192 198 205 216 220 222 222 228 238 252 259 243 236 245 251 241 233 222 219 224 226 228 225 229 232 241 250 258 268 281 290 306 314 304 293 288 284 275 264 258 251 243 234 238 250 259 260 256 258 252 249 241 231 221 219 226 236 247 261 267 262 268 276 270 258 247 241 240 241
188 191 199 207 215 224 230 240 232 219 211 202 191 185 181 179 178 178 178 176 177 188 200 206 201 193 188 187 191 198 207 210 210 214 226 234 241 250 238 232 243 243 233 227 219 215 221 226 222 223 230 236 246 257 265 272 283 294 311 312 299 284 276 276 273 262 248 241 236 239 248 258 258 247 239 244 244 237 235 224 213 214 225 240 252 263 258 247 256 269 273 267 256 251 252 253
187 191 203 213 219 220 223 235 227 213 203 194 185 179 178 178 177 177 177 175 181 193 203 214 211 203 195 192 190 192 197 201 205 214 222 227 231 238 231 226 236 237 227 221 215 215 220 220 218 225 235 245 254 263 271 283 293 303 315 312 300 288 275 266 260 251 243 240 244 250 259 261 249 237 227 227 235 227 222 217 206 214 229 245 256 256 244 235 238 248 260 260 251 249 244 246
186 191 200 209 210 206 213 225 222 207 198 189 183 178 177 176 176 176 174 179 189 199 208 219 218 212 203 198 195 189 190 196 202 209 214 217 223 228 223 220 230 230 223 215 213 215 217 215 219 226 234 242 250 260 271 286 301 315 319 312 304 294 279 266 256 246 247 250 254 263 270 264 246 231 221 216 223 226 212 207 201 214 227 237 242 235 229 220 226 235 246 249 241 235 228 231
184 186 192 196 197 197 209 223 220 209 197 187 181 178 176 176 175 174 174 181 189 197 207 219 224 217 212 207 201 199 194 193 197 203 207 210 215 220 214 217 224 223 217 212 212 213 214 218 220 226 233 242 252 262 273 287 302 319 315 304 296 290 281 267 254 254 258 264 267 276 279 268 253 237 223 209 213 225 215 202 198 208 216 222 223 225 214 211 216 222 230 237 232 220 214 221
181 183 186 188 192 196 207 223 221 208 198 186 180 177 176 175 174 173 178 181 187 197 206 218 229 227 223 215 207 205 201 196 195 196 199 203 207 211 210 214 217 215 211 208 212 217 223 229 230 230 238 249 259 270 280 290 303 315 309 302 293 282 273 262 261 268 273 277 280 282 275 263 250 236 222 206 205 220 219 206 195 199 205 209 211 217 207 203 207 212 218 225 219 210 207 217
180 182 185 187 191 198 208 221 216 203 195 185 180 177 176 175 174 172 181 182 184 197 208 220 233 238 235 224 216 213 211 205 199 195 194 195 199 201 203 206 206 206 205 211 218 225 232 237 243 241 245 256 267 278 289 301 313 313 301 293 286 275 267 267 275 281 284 286 276 271 267 253 239 229 218 204 199 213 220 212 196 189 198 199 204 209 201 194 199 204 211 213 206 202 207 217
179 181 183 188 196 203 213 223 218 205 195 185 180 177 176 174 173 172 178 182 187 201 213 222 230 236 239 234 227 224 222 215 208 205 203 200 197 195 199 201 202 203 207 215 223 232 239 246 254 254 254 260 272 284 296 309 323 321 306 296 285 277 277 282 283 282 279 272 263 255 260 249 233 220 211 198 194 203 211 212 195 186 194 190 195 204 198 188 193 195 202 202 196 198 207 217
177 180 182 189 197 201 208 221 225 212 200 188 179 176 175 174 173 171 172 179 191 204 212 214 217 223 234 239 237 235 233 223 218 216 211 212 211 209 207 206 212 215 214 213 220 228 233 242 254 263 266 271 280 289 300 312 325 323 313 301 291 287 288 283 280 273 266 261 251 241 247 247 236 222 208 196 187 187 194 201 192 184 190 181 182 193 194 190 190 183 193 194 191 196 205 211
177 179 182 184 189 191 201 217 226 217 204 191 179 176 175 174 172 171 172 177 187 199 202 202 204 212 222 231 240 242 239 232 229 227 221 222 223 219 215 214 221 227 224 218 219 223 230 239 250 264 276 279 281 289 297 306 313 314 310 302 297 287 277 272 272 263 256 250 244 231 232 239 239 229 217 204 194 187 185 188 192 179 182 177 173 182 188 188 183 176 185 188 187 193 200 201
175 179 180 182 183 187 197 210 223 216 205 193 180 176 175 173 171 171 173 176 182 190 194 196 198 203 210 223 233 229 232 237 240 238 232 233 235 231 225 223 226 237 234 229 229 234 239 247 257 269 272 268 271 279 282 291 296 296 298 301 292 280 271 260 261 256 244 237 233 224 219 222 228 233 225 217 208 199 189 182 183 177 173 171 167 170 177 177 176 174 179 181 181 187 191 190
174 177 179 181 182 186 194 208 221 210 200 189 179 176 175 173 172 171 172 175 179 183 188 191 195 202 212 224 222 216 219 225 233 238 241 245 247 244 237 234 236 244 244 242 241 246 254 262 269 266 257 249 258 266 271 280 283 284 286 293 284 273 263 250 246 253 243 229 221 220 213 214 220 228 226 219 214 206 197 188 180 174 169 167 168 172 172 170 172 166 172 175 174 175 180 178
174 177 179 181 182 187 195 208 218 209 198 186 178 176 174 173 172 171 171 174 177 181 187 194 201 209 220 224 215 206 210 216 222 231 243 255 259 255 251 248 247 255 258 258 257 260 265 265 261 259 243 235 247 255 264 272 272 274 274 284 277 262 250 240 232 236 238 230 217 212 211 201 210 221 219 207 203 199 188 181 179 177 178 178 181 181 176 169 167 163 165 167 163 164 167 169
173 176 178 181 183 192 202 213 217 206 195 183 177 175 174 173 172 170 171 174 177 186 195 202 211 219 222 216 206 200 204 209 216 227 239 255 267 264 258 257 258 260 268 270 268 262 255 251 241 244 233 228 240 243 257 262 260 260 266 281 272 255 239 230 221 220 224 223 215 204 199 197 199 215 218 202 191 187 181 181 185 187 191 192 193 192 187 183 180 175 169 164 157 152 151 156
171 175 178 181 184 195 207 220 219 206 195 182 176 175 174 172 171 167 169 174 178 190 202 213 219 220 216 207 198 197 200 204 210 222 235 251 263 258 250 242 245 255 267 271 266 257 245 240 235 231 222 222 229 239 251 250 248 250 260 277 276 261 246 232 219 211 211 210 207 202 194 192 191 203 206 201 188 180 182 189 192 197 202 204 203 202 199 196 195 191 184 174 165 158 150 147
172 174 177 180 189 201 209 217 217 208 198 183 176 175 173 172 170 167 165 170 177 187 204 212 212 211 208 199 193 196 199 204 214 226 239 256 253 242 236 229 234 246 261 261 258 253 239 229 227 221 214 215 225 240 246 238 236 240 254 272 281 267 249 237 223 213 207 202 199 195 188 187 186 190 194 189 182 180 188 191 196 204 213 218 213 213 212 210 208 201 191 180 177 173 166 160
172 174 176 180 187 191 197 209 213 202 194 182 176 175 173 172 170 168 165 166 175 182 198 203 202 202 199 192 190 195 199 207 220 235 246 252 247 234 225 220 228 240 256 251 243 243 229 218 218 214 207 213 229 241 236 225 224 235 252 268 283 271 253 239 230 223 216 212 208 205 202 196 188 184 185 181 182 189 194 199 202 207 219 229 226 226 225 222 218 208 197 189 187 185 181 177
171 174 176 179 181 187 195 206 215 205 195 184 177 175 173 171 170 168 166 164 172 178 187 196 194 195 194 187 189 193 199 211 224 237 244 238 239 231 219 211 220 236 249 242 234 233 219 212 209 206 207 218 233 235 223 212 220 239 254 264 275 273 259 247 241 234 229 228 224 219 216 209 198 186 184 184 190 198 203 210 211 214 224 236 238 242 242 235 224 213 204 202 199 197 193 187
171 174 177 179 182 187 196 206 220 213 200 190 178 175 173 171 169 167 166 165 169 175 183 190 187 187 186 183 188 194 200 214 224 230 236 228 231 227 214 204 211 228 240 231 221 224 214 203 201 202 211 223 232 225 211 211 228 239 243 249 259 272 269 262 254 248 243 238 235 230 222 211 198 187 187 192 196 205 213 219 222 224 231 246 251 253 254 246 232 221 216 212 211 208 201 191
