inputs/landscapes/test-aspect.asc
ncols        767
nrows        728
xllcorner    -2094945.000000000000
yllcorner    1493535.000000000000
cellsize     30.000000000000
NODATA_value -32768
[rows 414 to 459 of 728, columns 576 to 671 of 767]
102 119 119 96 94 122 228 233 241 250 255 251 251 264 265 178 167 192 179 136 107 97 113 129 152 193 238 252 236 136 119 147 214 190 173 203 162 94 57 38 48 78 -1 156 135 130 108 119 271 272 282 292 287 222 169 163 141 120 104 225 266 259 172 119 127 248 231 162 154 194 255 -1 90 90 108 196 206 154 143 239 225 131 118 143 188 195 180 168 153 139 -1 -1 -1 -1 -1 -1
100 107 129 117 94 101 242 260 270 280 289 289 280 277 266 131 146 200 211 161 118 104 101 108 130 225 258 258 235 129 117 148 217 181 159 203 182 153 171 113 82 93 135 146 141 138 121 -1 275 283 293 302 310 130 151 171 158 136 112 229 264 244 152 129 145 230 193 160 230 300 214 170 109 85 86 -1 187 159 161 233 218 135 127 163 195 198 175 161 153 145 -1 -1 -1 -1 -1 -1
106 104 118 135 110 103 282 283 279 280 280 271 269 266 229 120 128 205 226 185 140 124 110 111 129 255 264 254 235 116 105 135 211 176 156 187 179 166 190 186 133 117 132 140 137 122 123 247 273 278 276 274 135 112 129 171 174 143 118 242 260 212 144 141 164 207 188 242 296 353 120 169 158 103 90 97 140 147 168 227 205 141 127 171 198 190 171 163 163 -1 -1 -1 -1 -1 270 285
100 106 116 136 118 135 277 280 271 271 258 242 251 247 199 116 117 197 224 194 164 143 113 105 128 257 251 248 254 85 87 105 185 169 156 176 177 171 192 191 159 132 127 131 124 93 93 252 261 261 256 245 146 110 111 145 189 145 110 246 251 183 139 148 169 229 280 297 294 96 108 153 181 139 119 115 119 128 -1 212 192 149 135 167 183 180 174 176 -1 -1 -1 -1 -1 319 311 311
90 92 100 115 104 -1 270 268 276 274 234 230 250 252 199 109 108 174 215 199 185 166 120 105 131 241 241 257 266 81 82 77 90 125 119 141 168 171 184 189 174 143 128 130 135 94 88 242 255 258 257 235 155 122 117 108 165 168 125 227 241 172 142 -1 -1 310 311 303 246 126 111 128 173 166 150 139 -1 -1 -1 -1 180 153 139 156 169 183 -1 -1 310 327 335 338 345 339 333 332
100 90 87 92 97 241 260 268 283 273 182 240 264 270 -1 99 97 129 211 207 202 188 126 114 149 245 259 265 263 -1 67 42 26 19 19 16 22 37 -1 -1 173 146 135 129 140 122 99 225 264 270 264 205 157 146 167 84 105 160 155 237 243 175 167 -1 306 306 308 309 135 132 122 116 143 180 166 153 171 -1 -1 -1 -1 153 139 150 -1 -1 274 293 308 322 335 340 344 343 337 333
127 105 100 105 109 242 268 278 278 165 176 256 265 254 167 100 87 94 202 211 208 199 138 121 -1 286 291 283 271 -1 49 28 22 15 10 8 15 21 27 40 77 -1 -1 113 129 126 99 -1 267 274 273 143 147 173 230 -1 92 120 251 291 258 192 273 306 306 296 290 102 108 116 126 124 124 176 171 147 177 210 -1 105 -1 145 143 -1 -1 -1 259 278 297 310 325 336 343 345 338 335
157 122 109 111 115 283 280 275 248 141 210 258 249 207 175 147 97 90 141 192 198 194 162 148 285 297 303 302 282 175 180 -1 16 0 1 4 17 26 29 31 26 21 45 85 115 115 92 -1 266 266 270 93 110 194 236 170 112 113 292 296 -1 281 299 316 320 303 281 101 93 94 103 119 131 158 168 151 171 213 191 148 150 147 147 -1 -1 -1 280 290 304 315 326 335 345 355 3 131
176 152 125 117 -1 285 278 268 175 136 228 248 232 179 173 182 126 107 125 175 200 207 220 312 313 307 302 307 -1 140 183 218 288 331 356 20 54 71 69 61 48 43 66 85 104 105 96 -1 267 263 255 83 88 171 213 166 142 239 271 -1 -1 302 303 309 317 -1 183 138 93 84 84 95 116 135 152 158 171 199 188 164 161 165 -1 -1 -1 -1 297 300 311 321 332 340 1 64 128 137
180 164 138 130 275 278 268 250 147 136 231 242 230 152 159 189 148 127 135 -1 306 325 333 329 326 323 315 333 85 113 187 264 287 308 4 66 84 96 114 130 148 154 122 107 113 105 100 -1 273 273 249 119 109 147 183 170 203 279 261 -1 301 307 298 232 189 176 185 183 90 82 84 90 83 33 52 96 167 195 180 163 167 -1 -1 -1 302 306 303 301 304 315 334 354 85 116 135 138
170 165 150 -1 288 270 245 210 155 150 235 242 235 143 126 174 154 135 167 294 311 325 335 333 329 318 284 -1 105 108 239 275 275 245 162 117 78 58 70 93 126 163 151 130 128 115 100 275 280 277 172 141 139 156 199 276 302 295 -1 284 291 280 172 172 184 206 265 319 71 87 89 66 10 356 35 67 -1 -1 167 -1 -1 -1 259 293 319 321 318 309 303 306 -1 130 136 132 138 141
157 178 254 303 307 291 237 195 168 -1 270 247 239 174 101 124 145 142 282 294 297 304 315 309 200 187 202 176 120 116 256 271 254 180 170 168 148 54 59 68 81 119 158 149 -1 122 106 283 277 239 143 140 151 236 304 302 283 -1 262 278 251 170 160 176 240 287 309 348 67 87 75 10 356 358 56 79 95 -1 -1 -1 -1 -1 270 298 318 326 331 323 309 278 136 134 136 138 145 144
154 284 297 307 323 -1 -1 -1 329 334 -1 245 241 210 107 104 123 -1 280 281 276 263 212 180 166 178 213 187 120 122 261 266 223 152 167 185 201 181 93 82 86 102 159 168 156 120 125 270 252 174 145 141 296 311 309 284 -1 -1 263 241 169 159 176 270 293 298 313 16 78 78 21 349 4 37 87 94 103 -1 -1 -1 -1 -1 279 285 294 304 316 288 213 163 145 136 132 136 146 146
277 298 292 283 -1 -1 -1 315 326 -1 124 191 234 220 123 112 123 256 266 266 259 228 182 172 165 200 242 174 120 135 266 261 178 136 153 185 204 194 150 115 106 115 165 171 154 110 138 235 205 167 159 270 299 297 -1 -1 190 205 212 175 158 181 286 308 309 301 306 83 95 79 5 332 49 88 99 101 113 -1 -1 -1 -1 -1 277 267 261 255 190 172 180 161 144 141 133 129 136 160
275 275 253 217 205 225 280 294 -1 140 152 178 226 219 133 117 145 261 270 273 275 225 154 169 182 239 244 149 130 194 260 241 163 138 142 176 200 188 161 133 119 119 -1 161 149 107 110 217 221 -1 315 298 272 241 -1 161 169 188 183 165 167 280 291 305 316 298 187 135 127 139 165 190 181 110 102 104 118 -1 -1 -1 -1 273 276 274 274 259 145 153 179 167 135 133 135 124 127 -1
275 249 209 206 246 291 306 323 78 111 143 185 235 222 135 127 192 262 274 278 277 128 135 170 219 249 200 146 143 220 238 208 168 150 146 164 186 178 157 135 125 126 -1 147 138 138 135 285 300 329 328 302 273 -1 161 143 159 188 221 320 340 318 289 289 304 142 147 147 149 154 160 193 210 129 99 100 115 -1 -1 218 241 267 274 276 276 -1 121 142 174 184 121 111 131 133 143 264
281 198 193 235 275 297 313 352 60 84 110 194 247 214 126 140 225 268 276 270 233 136 133 183 238 226 169 149 161 220 216 194 175 162 154 158 173 167 150 135 123 -1 -1 122 120 133 255 297 297 285 -1 -1 -1 176 151 145 161 274 305 323 341 342 306 285 273 115 128 141 145 148 152 200 222 169 99 91 102 -1 -1 206 243 273 280 270 257 156 116 141 180 240 63 86 113 142 -1 262
-1 144 191 249 273 286 285 -1 98 96 104 196 248 196 118 140 267 282 280 250 180 143 142 210 231 199 168 159 181 208 200 190 182 173 160 154 163 160 150 138 122 -1 -1 108 107 117 285 286 265 -1 -1 198 180 159 149 -1 330 318 309 315 333 346 326 298 -1 99 108 123 124 128 140 192 215 192 124 99 108 -1 -1 -1 234 253 261 259 250 149 107 129 208 264 56 91 105 161 253 239
108 128 200 259 268 251 190 171 143 118 111 -1 245 195 126 -1 274 271 242 191 165 153 165 214 209 188 180 176 188 197 193 189 190 185 160 146 149 152 158 158 -1 -1 141 121 107 -1 269 259 240 212 173 171 174 159 -1 321 324 322 313 305 292 285 297 300 71 91 87 57 46 50 61 118 196 193 154 119 126 -1 -1 -1 243 255 257 258 258 135 99 112 243 265 110 97 105 194 225 184
129 127 212 251 239 197 173 176 159 132 119 -1 237 192 155 195 246 231 193 176 169 170 189 204 195 193 197 189 190 192 196 205 220 -1 -1 96 113 138 173 -1 -1 -1 124 128 123 285 286 270 225 182 162 175 218 302 316 315 313 318 318 190 188 210 240 254 96 82 38 10 25 40 56 74 -1 176 156 129 135 -1 -1 -1 278 281 278 273 270 111 95 100 254 264 98 91 95 -1 203 173
149 135 214 233 210 182 177 183 169 142 135 -1 218 187 172 198 227 211 184 181 188 196 202 202 198 209 206 195 193 198 225 259 286 304 4 60 90 121 192 -1 -1 -1 90 102 135 272 275 -1 165 162 185 251 296 302 311 313 308 312 139 152 186 232 254 249 110 60 3 18 59 78 82 75 27 33 76 106 128 -1 -1 -1 277 276 253 243 242 145 96 95 254 260 128 96 96 -1 -1 -1
167 166 200 216 202 188 194 195 180 159 -1 -1 -1 -1 -1 -1 244 225 198 208 213 213 213 206 201 210 206 200 209 241 275 289 302 319 348 63 85 104 -1 -1 -1 -1 75 77 93 236 235 214 135 161 257 288 294 289 294 299 299 111 126 144 220 263 271 256 132 135 -1 105 95 90 80 37 356 26 60 84 -1 -1 -1 237 258 234 200 219 223 185 98 95 257 262 127 103 107 -1 -1 300
180 186 205 215 215 220 220 209 192 -1 -1 -1 -1 -1 -1 -1 -1 -1 -1 -1 -1 -1 212 201 206 248 288 -1 315 298 305 312 315 326 -1 96 99 116 220 243 -1 -1 90 76 81 212 233 204 133 232 287 319 315 280 273 274 255 116 117 139 262 273 273 233 137 163 174 159 97 61 43 15 1 64 83 86 98 -1 -1 214 222 191 189 225 238 227 100 98 256 264 110 101 110 -1 280 290
-1 -1 -1 237 -1 -1 -1 -1 -1 -1 -1 -1 -1 -1 -1 237 243 -1 -1 -1 -1 -1 -1 -1 321 323 333 350 355 321 309 321 338 -1 135 129 118 128 221 231 191 -1 -1 73 73 86 235 205 139 270 289 331 348 315 274 244 187 123 120 180 273 275 271 175 123 135 163 190 178 90 59 61 114 120 108 98 93 -1 -1 192 199 184 216 253 258 244 103 98 250 256 112 98 110 246 276 280
-1 -1 -1 -1 -1 -1 -1 -1 -1 -1 -1 -1 -1 -1 -1 236 236 -1 -1 -1 293 325 334 335 337 332 333 354 7 336 307 315 357 48 79 92 90 83 -1 216 201 237 -1 72 71 68 225 208 225 287 286 298 -1 187 198 203 178 136 129 255 278 275 256 157 126 115 140 207 195 158 155 119 106 105 96 93 104 -1 -1 -1 -1 -1 259 261 261 252 100 99 246 254 116 98 107 261 273 272
-1 -1 -1 -1 -1 231 -1 -1 -1 -1 -1 -1 -1 -1 -1 248 251 -1 -1 280 295 315 326 331 334 330 326 349 11 348 318 319 353 22 32 38 48 54 -1 -1 248 272 -1 87 74 63 68 206 268 277 246 190 176 169 182 194 178 153 160 281 285 277 235 154 131 115 127 223 185 153 190 -1 59 46 46 63 88 128 -1 -1 -1 -1 292 291 287 297 100 108 238 256 115 102 117 250 250 250
-1 -1 -1 -1 -1 -1 -1 -1 -1 -1 -1 -1 -1 -1 -1 266 -1 -1 -1 278 279 282 284 284 291 301 304 325 358 347 333 334 345 0 16 35 58 72 82 -1 283 284 -1 102 76 61 66 -1 265 249 193 177 179 173 186 194 181 181 279 294 292 276 201 153 124 120 139 221 167 145 236 285 16 29 42 64 75 98 -1 -1 -1 286 303 315 304 -1 103 108 243 256 109 99 126 225 220 229
-1 -1 -1 -1 -1 -1 -1 -1 -1 -1 -1 -1 -1 -1 -1 288 288 -1 288 273 253 235 221 221 231 238 251 272 311 327 335 7 -1 241 321 63 83 91 107 -1 264 251 -1 118 86 66 77 94 252 240 196 -1 -1 -1 -1 -1 -1 294 296 296 296 -1 190 147 111 114 151 210 160 158 262 270 317 40 65 75 76 80 -1 -1 243 275 280 261 203 159 101 93 237 249 108 87 93 -1 225 258
-1 -1 -1 -1 -1 -1 -1 -1 -1 -1 -1 -1 329 341 348 337 326 335 344 345 285 245 233 234 246 262 280 289 295 307 345 102 143 194 203 140 108 103 114 -1 248 225 165 146 -1 103 95 105 265 276 312 332 342 353 357 359 353 328 311 301 281 156 229 113 102 107 150 196 166 228 255 239 236 119 97 91 86 84 -1 -1 230 246 228 184 189 212 80 78 -1 246 164 83 79 -1 296 295
-1 -1 -1 -1 -1 -1 -1 -1 -1 -1 -1 308 322 342 3 4 331 331 349 7 358 340 347 345 303 293 309 327 326 317 30 95 120 176 191 164 122 106 105 -1 242 212 176 165 154 131 116 -1 301 316 336 337 339 351 356 2 0 340 325 315 155 189 266 92 97 100 135 183 196 244 222 226 230 151 122 115 106 98 -1 -1 -1 216 201 182 226 264 56 82 104 243 220 94 84 -1 286 286
-1 -1 -1 -1 309 331 319 318 342 352 337 313 314 334 12 25 334 308 331 3 359 343 356 12 349 302 304 330 343 334 51 83 92 128 176 174 136 114 -1 -1 225 198 180 166 150 139 144 299 310 326 342 338 336 347 357 6 7 351 -1 141 159 266 283 98 99 99 116 190 239 231 207 253 259 116 110 115 113 101 -1 -1 -1 188 202 215 255 264 -1 77 78 229 213 138 108 265 270 240
330 329 334 338 344 356 347 315 329 0 343 309 304 321 17 42 6 290 298 344 358 344 357 27 17 312 302 326 355 6 78 90 88 91 126 168 153 139 167 -1 198 183 180 144 138 145 286 299 302 314 333 338 335 343 14 49 90 130 147 156 267 292 290 107 107 110 122 210 235 209 255 282 298 48 71 75 64 53 86 -1 86 -1 198 228 247 252 251 69 66 75 208 162 137 246 249 191
347 347 335 335 353 11 7 328 310 344 339 303 297 314 15 43 21 312 287 307 352 353 2 36 28 322 303 327 12 73 112 113 105 99 103 135 155 163 191 -1 -1 -1 163 128 129 251 294 291 276 270 282 315 -1 -1 141 138 141 142 154 267 299 298 -1 102 101 105 123 210 225 256 293 297 308 45 57 39 17 30 59 108 123 112 -1 232 252 253 234 107 77 65 -1 153 161 232 227 194
350 359 343 326 351 15 18 10 318 305 328 315 298 308 11 39 19 344 298 287 324 358 19 49 33 329 299 298 73 96 110 120 123 122 114 105 120 -1 212 -1 -1 149 145 134 127 292 294 289 274 267 262 214 154 160 150 144 143 147 274 302 306 -1 130 98 86 86 100 214 257 289 297 294 219 147 74 21 13 41 60 69 116 110 -1 239 259 249 210 177 83 59 64 106 -1 220 228 257
347 6 358 322 337 11 23 27 11 304 306 317 306 306 3 32 15 0 325 292 299 4 69 93 -1 298 229 182 178 107 96 105 114 118 92 67 80 -1 -1 212 176 135 138 154 315 310 311 317 313 305 285 160 156 161 143 140 150 270 301 305 -1 139 149 130 92 87 95 -1 274 287 289 256 145 173 219 -1 86 91 80 73 75 90 -1 237 252 225 189 216 -1 64 74 86 -1 -1 255 268
244 -1 355 318 323 4 26 28 25 338 281 290 298 303 346 22 12 7 350 302 285 -1 101 122 183 221 147 164 207 137 90 82 76 49 19 67 84 -1 -1 183 152 129 133 300 311 309 310 321 323 324 122 140 159 165 140 137 249 294 296 289 127 121 141 163 119 104 109 266 285 286 266 154 137 186 249 221 122 125 112 95 90 98 -1 -1 233 197 183 230 241 86 81 84 -1 -1 261 243
198 203 223 270 293 347 26 24 33 27 281 261 266 280 315 8 9 15 21 -1 231 180 101 106 174 212 146 154 225 200 75 54 45 30 51 91 98 -1 -1 138 133 130 303 303 305 300 298 306 316 -1 119 128 155 164 144 172 289 292 281 -1 123 111 126 167 137 118 130 279 288 284 171 149 151 268 280 -1 115 126 133 124 116 116 -1 -1 206 189 191 236 247 -1 77 82 -1 -1 236 210
201 207 221 234 243 250 6 15 31 31 353 275 255 251 251 288 3 57 90 133 188 196 121 88 111 204 156 157 232 244 10 37 44 55 88 104 109 -1 135 124 121 210 289 299 301 302 300 290 213 128 107 104 129 158 170 278 291 286 246 161 133 108 108 146 144 124 180 275 278 239 133 147 238 285 286 104 101 104 118 129 120 135 -1 108 -1 198 213 254 259 233 94 91 113 218 210 196
344 261 233 233 227 217 222 278 21 26 16 342 276 255 246 246 -1 126 131 137 169 199 180 101 87 154 158 175 255 263 277 52 75 91 102 108 112 111 126 127 118 290 288 295 298 298 299 -1 159 153 118 105 114 155 268 292 290 246 188 152 142 115 96 111 137 132 261 277 275 135 122 172 276 280 248 113 82 70 56 17 41 65 -1 122 -1 -1 -1 270 259 196 119 106 125 -1 -1 -1
0 3 333 251 225 218 228 234 258 5 16 8 331 301 280 250 145 120 130 140 157 192 197 162 100 105 145 235 266 246 218 164 112 107 109 113 116 113 114 119 304 305 302 302 300 295 290 116 136 162 147 122 119 225 286 295 277 177 178 148 145 140 109 104 117 147 276 279 274 112 114 241 266 246 194 150 85 62 33 3 39 59 73 -1 -1 -1 262 271 245 163 137 124 147 -1 -1 -1
353 4 6 356 259 236 231 225 225 241 331 3 346 336 -1 201 155 105 106 119 135 176 194 189 142 106 126 253 249 199 195 184 130 111 114 132 145 125 114 105 297 300 303 304 305 294 -1 100 104 137 154 136 131 279 287 286 139 155 180 139 136 152 128 113 115 -1 273 273 260 106 113 234 236 201 194 195 143 85 56 39 83 82 80 98 -1 -1 267 275 -1 131 142 140 -1 -1 -1 -1
337 355 7 17 7 320 270 240 241 252 274 325 347 30 115 168 188 108 89 77 82 120 169 187 178 133 141 251 223 169 188 199 140 111 116 151 153 120 115 291 291 291 292 297 303 244 198 99 84 95 126 139 236 291 289 -1 135 157 197 126 115 140 141 124 127 265 279 280 298 96 109 206 212 199 220 227 166 132 142 160 146 118 104 106 -1 -1 263 268 112 107 135 -1 -1 -1 -1 -1
329 341 358 16 12 347 345 335 304 296 299 305 -1 105 109 144 201 147 72 45 54 71 105 165 184 160 191 255 197 143 188 219 143 105 110 157 141 109 114 281 288 291 290 288 171 173 215 -1 90 91 102 132 277 286 279 135 133 173 225 120 101 114 139 137 -1 293 297 295 66 101 111 182 220 253 276 258 156 112 112 137 156 146 132 126 -1 -1 256 264 95 90 98 -1 -1 -1 -1 -1
329 334 348 14 15 341 341 348 328 313 302 -1 143 135 115 116 193 221 21 33 55 67 73 88 158 175 241 263 138 122 188 227 161 107 104 140 133 115 158 270 281 293 294 288 124 168 234 209 103 102 106 164 271 270 200 133 138 212 255 105 100 106 130 153 276 296 300 303 108 111 122 191 278 291 292 -1 180 85 76 78 100 135 138 140 -1 -1 257 263 100 88 86 -1 -1 -1 -1 -1
318 327 341 12 14 338 331 343 329 295 190 178 137 130 137 125 176 242 261 45 65 66 65 67 81 168 255 258 120 112 178 223 175 123 119 135 119 118 262 282 287 295 292 153 115 164 247 213 109 105 106 229 270 269 135 127 151 237 257 100 96 100 116 -1 286 290 290 -1 113 113 128 270 289 288 -1 161 208 139 98 92 94 113 135 -1 -1 -1 255 254 139 99 100 -1 -1 -1 -1 -1
308 313 329 7 5 338 326 331 169 154 170 197 139 101 121 128 188 256 256 -1 69 63 65 69 77 106 251 244 123 105 151 207 177 143 138 145 123 116 283 286 287 279 202 157 137 187 255 225 103 101 102 257 272 278 88 101 143 237 241 129 97 96 103 284 288 286 266 133 116 114 147 283 280 241 149 173 227 156 99 91 88 94 -1 -1 -1 -1 240 239 160 108 101 -1 -1 -1 -1 -1
