inputs/landscapes/test-aspect.asc
ncols        767
nrows        728
xllcorner    -2094945.000000000000
yllcorner    1493535.000000000000
cellsize     30.000000000000
NODATA_value -32768
[rows 414 to 459 of 728, columns 288 to 383 of 767]
336 318 309 312 317 321 321 311 295 281 273 292 53 51 40 29 24 25 35 46 60 164 233 248 254 255 257 -1 105 128 137 130 109 91 87 83 79 254 256 254 251 244 236 246 274 303 235 222 211 117 91 73 60 57 53 48 205 200 196 173 149 151 162 270 301 308 325 330 323 306 286 278 277 100 95 102 144 206 240 272 296 308 312 311 299 169 161 167 167 149 135 82 70 76 81 257
347 341 332 332 333 331 334 333 323 309 283 243 79 43 32 23 23 31 44 53 62 77 239 247 245 233 208 185 146 142 155 163 159 127 104 94 87 -1 262 249 240 235 240 253 239 174 178 203 203 155 142 141 95 61 52 48 47 -1 180 140 137 163 297 312 310 316 326 335 340 339 329 312 305 119 117 116 154 227 260 290 298 299 278 256 148 135 150 171 179 164 174 172 109 94 96 265
338 344 337 335 336 332 335 337 333 335 -1 190 210 180 53 33 35 51 59 63 69 76 215 244 242 221 202 206 153 117 133 156 166 150 128 112 100 -1 260 253 260 268 273 272 221 147 178 215 212 143 135 164 167 136 81 65 64 94 141 129 126 300 308 314 315 317 322 331 340 345 341 343 32 89 108 116 159 241 266 282 276 239 226 219 154 111 117 159 180 172 183 191 136 106 108 251
325 341 341 335 332 331 333 335 339 33 102 159 214 205 169 168 125 99 102 99 92 88 115 241 231 208 215 239 182 99 102 120 146 150 142 120 99 165 247 261 279 282 273 257 172 120 174 220 221 136 102 135 169 179 159 116 88 101 127 131 298 305 311 323 323 318 317 323 335 343 349 14 62 79 87 96 143 254 257 250 221 207 242 212 164 124 84 93 153 175 188 185 153 122 115 273
313 332 342 338 332 330 325 324 0 87 94 115 206 203 182 196 180 109 105 107 104 97 104 219 216 215 244 262 270 84 84 86 97 116 132 119 95 123 240 247 248 243 234 227 181 122 156 222 241 219 79 85 121 176 179 164 131 111 114 -1 308 313 322 333 329 322 318 316 327 341 2 49 75 83 88 93 129 261 247 225 209 241 263 145 145 187 89 61 65 113 174 167 152 138 323 315
305 317 335 340 340 341 280 202 159 124 102 106 172 198 195 220 217 91 70 71 79 86 99 175 215 235 250 254 234 86 71 64 65 68 72 90 83 86 239 242 229 229 232 223 182 141 157 235 251 245 82 78 85 126 176 176 153 116 105 300 307 315 325 334 330 324 319 316 324 356 118 99 83 79 85 95 146 259 242 232 255 273 265 130 133 189 190 91 62 63 97 132 139 245 295 303
309 309 319 330 0 133 161 173 169 158 122 107 138 194 211 223 215 194 66 67 71 77 90 131 222 240 244 239 212 147 80 57 61 64 67 83 80 77 -1 245 245 263 262 202 168 155 175 241 249 234 122 96 92 100 147 160 143 120 -1 290 295 300 306 318 319 317 316 311 -1 125 140 135 99 78 81 90 -1 259 257 285 297 294 265 123 125 173 204 185 103 65 63 73 83 264 268 276
315 301 244 171 160 150 151 163 171 179 153 105 107 180 212 212 217 234 108 83 79 79 84 108 207 232 237 231 210 184 175 104 82 81 89 108 119 88 90 254 263 277 276 133 149 165 208 255 253 219 149 119 107 106 126 132 133 135 296 289 280 272 274 283 291 295 299 188 157 146 137 143 142 105 89 88 124 253 267 292 304 312 69 104 113 141 196 206 183 105 64 63 70 255 262 270
290 183 172 162 156 153 145 151 167 194 194 113 97 136 206 217 242 251 164 104 96 90 86 91 176 221 229 230 218 187 187 171 115 96 98 113 135 106 108 252 261 262 229 118 126 173 249 259 234 190 157 135 124 124 135 125 131 283 300 298 291 288 290 296 298 298 329 105 140 164 157 145 154 141 112 97 125 245 258 270 273 277 91 95 105 123 185 223 203 183 117 97 98 266 274 273
170 154 172 169 131 125 123 127 152 203 215 150 95 99 197 239 253 240 169 118 104 100 98 97 122 209 231 239 227 177 179 187 147 114 106 110 116 99 108 237 259 255 180 133 133 180 240 230 199 179 161 144 135 143 146 131 -1 296 297 300 303 306 308 313 316 317 13 77 98 142 166 152 148 147 133 109 125 236 239 238 233 215 127 100 97 101 166 231 208 186 145 117 115 287 292 294
152 141 184 213 113 82 85 91 111 187 218 217 85 82 142 238 243 225 170 135 110 100 101 105 111 -1 229 236 217 169 169 185 167 135 120 120 116 95 93 263 272 261 143 144 156 180 218 208 190 176 165 150 135 145 152 -1 310 298 286 279 282 289 297 300 298 296 75 88 87 98 142 155 145 141 136 108 119 222 234 235 237 222 146 114 99 84 97 223 208 178 144 121 -1 289 296 295
135 130 186 209 184 142 86 81 91 133 225 242 119 90 114 226 238 216 167 151 127 101 92 94 108 -1 207 220 201 171 164 179 174 148 130 123 -1 100 92 283 270 201 138 150 168 184 210 205 190 173 168 147 135 144 308 324 319 304 289 283 277 272 266 259 256 232 129 104 96 93 101 130 138 139 137 97 92 225 253 267 273 240 137 126 124 98 94 177 193 173 154 135 288 290 301 299
119 119 168 199 192 198 133 90 94 109 232 245 182 104 107 221 237 203 163 162 149 122 106 103 116 -1 -1 202 194 172 160 169 176 162 149 -1 -1 102 100 276 254 177 155 164 -1 -1 198 198 183 165 150 139 144 295 316 320 320 311 297 289 277 269 263 267 272 206 128 112 103 98 85 73 73 88 117 99 83 -1 265 272 276 159 125 131 144 119 104 136 181 175 161 309 305 304 309 307
100 103 129 183 198 221 197 102 96 105 216 239 205 112 106 213 233 193 154 162 160 144 132 124 135 -1 -1 -1 188 165 154 158 164 169 172 -1 135 111 139 267 239 185 191 -1 -1 -1 -1 192 180 149 131 131 267 297 301 298 294 296 300 305 295 286 290 291 271 145 127 122 105 106 112 86 60 69 91 120 114 160 261 262 247 139 121 129 154 147 126 127 312 344 346 324 313 318 318 311
99 96 106 147 203 229 219 111 92 98 185 236 223 122 108 192 220 185 146 149 156 146 139 131 135 -1 -1 -1 -1 161 153 158 156 167 171 176 141 121 221 262 220 205 219 -1 156 180 201 208 -1 131 125 141 296 292 281 280 289 293 297 309 315 307 301 280 199 152 127 135 112 101 122 155 148 111 99 100 104 200 267 260 214 144 128 134 153 155 148 305 322 342 343 322 310 317 323 313
114 103 110 136 191 225 230 136 92 91 127 236 234 146 101 162 206 180 149 136 142 144 143 135 -1 -1 -1 -1 -1 -1 -1 147 -1 -1 151 156 129 114 251 256 205 185 184 162 160 188 215 200 157 137 123 309 308 306 291 288 292 290 285 289 300 300 285 165 174 153 123 139 141 99 93 127 158 141 123 100 88 304 274 244 184 150 139 142 151 154 307 307 311 324 326 317 303 302 316 318
121 107 112 133 180 226 238 183 100 91 99 225 233 202 108 130 217 177 141 124 108 -1 -1 -1 -1 -1 -1 28 56 -1 -1 -1 -1 -1 -1 108 81 82 244 246 173 158 168 162 159 200 217 187 160 147 322 324 330 333 326 302 292 292 294 295 287 246 197 159 175 153 112 128 165 127 88 89 124 146 138 122 102 294 270 204 162 149 145 145 324 335 325 312 320 324 321 322 307 293 299 316
129 108 106 115 168 240 244 199 113 102 103 185 226 207 142 149 252 -1 41 26 7 7 19 21 5 358 355 10 51 83 128 140 -1 -1 -1 -1 62 86 168 223 158 149 180 6 21 342 276 248 339 324 322 337 349 341 346 335 311 301 300 301 208 183 187 176 191 181 102 109 160 167 123 97 106 139 137 120 135 270 245 158 143 147 155 328 326 330 328 320 327 328 321 322 318 296 286 293
138 108 102 107 156 241 240 195 130 118 115 143 214 203 159 181 245 268 15 0 347 358 21 19 0 5 8 48 87 97 125 140 -1 -1 -1 -1 -1 86 110 199 163 -1 320 341 3 9 0 348 337 322 320 346 356 338 345 350 332 313 308 331 125 162 188 190 213 214 102 99 135 169 159 123 112 137 139 117 186 249 175 141 138 176 315 324 320 313 315 319 325 329 321 316 320 305 286 266
143 103 101 108 152 220 225 186 141 130 126 143 196 191 162 199 236 220 188 204 245 296 32 16 358 34 83 127 123 115 122 135 -1 -1 -1 -1 -1 75 77 127 239 296 304 316 353 20 15 348 330 317 316 346 356 333 334 348 341 322 321 77 106 138 186 206 227 218 116 96 108 150 163 142 126 139 138 112 188 221 147 136 156 309 314 317 306 300 304 312 323 333 329 320 317 299 264 219
157 113 106 110 137 206 219 186 141 127 117 135 191 175 167 225 234 201 185 199 212 218 251 349 11 62 81 91 81 66 80 -1 -1 -1 -1 -1 -1 75 70 68 285 281 280 277 303 26 28 351 325 315 313 338 353 334 325 337 327 286 232 103 99 117 174 213 222 215 146 93 93 121 151 145 131 151 144 116 167 183 141 149 295 304 309 316 310 303 304 309 319 334 340 337 -1 209 204 199
162 129 120 119 135 184 219 200 146 128 114 116 173 174 191 261 239 167 183 213 224 235 258 300 35 63 64 46 15 38 65 86 -1 -1 -1 213 184 124 84 78 274 267 266 268 280 352 21 357 330 318 309 318 336 331 311 175 192 201 192 126 94 92 135 205 215 219 192 98 90 102 135 137 126 162 151 123 155 168 143 305 299 300 315 324 318 307 303 305 309 320 349 91 148 183 195 207
166 135 129 131 149 167 217 204 155 149 145 131 135 167 215 254 172 129 192 244 257 267 273 281 65 75 75 55 6 57 76 81 -1 -1 180 201 186 153 109 103 258 271 280 284 283 303 7 357 331 315 284 260 244 191 149 160 193 209 225 102 66 63 77 167 212 227 220 112 97 101 124 126 116 158 153 128 152 306 329 322 315 312 318 325 323 312 304 301 289 235 161 130 141 179 203 228
181 143 135 150 166 171 209 194 146 145 161 165 -1 135 198 221 167 132 274 291 295 291 284 258 132 117 111 132 214 90 85 81 -1 110 147 207 225 127 119 113 294 295 300 301 285 255 225 -1 239 208 216 221 187 167 147 157 219 251 272 317 41 55 66 88 215 243 228 129 113 113 137 131 111 142 160 132 323 326 328 326 325 323 320 322 325 319 307 290 202 172 164 140 136 180 225 252
196 156 137 163 180 184 192 201 -1 42 77 159 177 147 182 217 180 -1 303 306 313 306 285 184 147 135 125 152 217 106 87 84 90 97 117 228 246 117 117 319 306 300 298 289 243 214 202 187 183 192 218 212 159 154 154 185 271 277 262 239 106 76 78 86 219 259 212 125 121 124 145 142 113 123 186 307 317 315 308 310 319 323 323 320 315 300 261 203 155 154 158 149 141 192 249 256
211 163 135 166 180 186 191 216 265 17 64 95 171 163 -1 298 328 325 310 307 312 308 176 157 151 137 131 171 231 119 86 81 78 74 78 231 207 122 -1 301 301 291 273 220 201 202 194 173 180 211 225 199 146 141 180 270 284 255 218 207 182 126 97 94 -1 258 164 111 113 124 138 135 120 119 296 303 301 300 297 297 306 310 303 266 216 190 201 191 146 147 144 147 162 213 245 235
220 167 141 165 169 180 195 219 252 266 78 86 139 213 284 310 328 326 314 300 276 167 150 154 156 144 139 190 233 176 87 76 68 69 78 116 170 142 279 285 284 272 232 195 196 197 186 168 192 226 219 190 138 135 246 268 243 207 215 205 169 157 122 109 229 256 141 107 106 120 129 119 117 208 285 292 298 313 320 315 312 272 192 191 179 180 209 200 147 144 136 132 172 222 227 215
296 -1 120 154 167 173 194 245 270 259 102 105 138 221 261 280 301 306 287 242 185 165 148 149 151 137 132 202 236 207 109 85 81 100 94 96 123 212 276 275 265 244 208 194 195 192 181 174 212 228 215 187 130 138 258 242 207 212 231 196 142 155 145 132 244 227 140 123 115 125 128 114 110 290 294 303 307 312 318 324 21 147 175 185 171 191 222 205 153 137 131 127 175 225 217 216
339 63 75 102 154 180 201 261 270 -1 109 109 132 225 253 258 245 218 208 187 177 175 152 144 137 107 106 207 238 213 154 112 111 123 98 80 79 270 266 262 252 234 209 197 191 184 181 194 220 223 210 180 132 173 243 217 215 227 221 180 135 140 154 180 249 162 134 130 121 117 118 112 -1 295 303 305 289 274 277 282 117 139 180 181 169 207 227 217 154 136 127 122 173 217 217 231
168 171 -1 76 113 191 208 242 237 183 97 86 96 251 266 252 202 197 196 183 186 187 163 161 165 113 105 175 229 209 173 140 130 143 115 78 73 -1 253 255 255 242 210 192 186 181 190 211 220 215 203 170 141 193 226 221 230 220 201 172 141 134 165 268 289 97 94 80 78 90 100 99 281 283 285 257 230 241 249 178 113 131 189 180 169 216 237 249 113 118 130 123 162 217 228 246
166 203 215 106 109 183 199 207 217 223 87 79 81 275 263 213 177 197 196 191 202 196 169 173 181 141 111 146 223 204 176 155 143 153 135 111 104 135 272 275 265 236 199 183 183 191 209 218 214 205 197 164 150 199 231 233 223 203 186 168 147 136 289 298 336 42 41 50 69 85 88 86 271 266 244 197 227 250 251 167 114 130 195 186 176 225 257 273 79 102 126 135 171 238 255 267
155 214 226 135 100 156 195 189 232 255 -1 88 86 263 239 176 169 199 206 219 225 195 171 180 185 151 115 117 225 205 176 168 176 -1 135 123 120 300 300 295 262 216 194 184 189 204 213 210 203 197 190 167 162 216 236 225 210 194 174 164 160 273 302 302 332 25 43 73 99 128 119 107 260 259 230 227 266 268 262 138 113 136 195 186 190 253 276 276 104 105 120 142 206 254 277 283
108 221 245 243 84 105 191 216 270 273 -1 83 86 206 205 162 171 219 251 256 225 180 169 187 189 154 125 116 -1 207 176 176 205 -1 126 110 -1 296 300 285 225 203 198 198 202 207 204 196 191 188 183 178 189 231 230 212 203 186 162 166 246 292 294 283 261 -1 87 97 113 145 152 120 296 281 272 291 300 294 287 88 97 123 188 193 246 283 285 252 122 111 118 154 217 254 272 274
86 202 248 248 81 77 -1 265 273 259 203 100 98 157 186 158 196 268 277 245 192 174 175 194 188 158 142 135 -1 198 184 -1 198 194 137 107 294 286 276 215 202 194 201 206 201 186 174 180 189 192 193 205 225 232 221 206 197 175 159 221 278 277 255 220 203 167 131 114 113 135 258 323 321 310 298 296 301 293 270 96 89 95 180 252 286 291 283 149 131 122 120 158 219 250 261 255
95 140 255 260 78 84 111 246 236 213 197 132 112 143 176 -1 295 285 261 188 178 180 184 188 183 169 168 167 -1 -1 -1 176 176 170 147 128 292 282 233 200 193 190 199 204 196 161 158 186 217 235 239 225 221 218 214 206 193 157 176 271 271 249 217 205 200 151 134 120 108 104 295 309 318 316 309 303 297 215 202 152 103 96 -1 287 292 292 -1 119 128 129 124 155 225 254 265 265
107 128 263 262 111 99 131 216 213 204 207 146 113 -1 -1 305 315 300 213 164 175 190 182 182 184 180 186 188 -1 -1 -1 161 153 149 171 303 295 264 196 192 192 190 196 199 183 149 155 267 284 263 225 202 214 218 218 212 198 140 243 265 251 229 211 212 200 133 124 121 114 267 281 288 305 315 315 315 4 126 178 176 130 113 261 285 291 293 90 101 108 122 127 162 244 269 278 290
100 -1 259 245 155 106 113 214 221 216 215 162 118 -1 -1 279 257 168 180 167 175 199 194 -1 -1 -1 -1 -1 -1 171 155 163 159 -1 309 306 282 220 191 188 195 193 193 191 172 153 237 268 242 212 200 200 217 225 221 213 198 161 237 248 227 215 212 215 183 129 124 128 135 283 288 293 305 313 312 313 60 87 123 174 148 136 264 280 282 261 115 104 106 115 115 183 267 275 277 281
101 -1 248 232 174 124 113 -1 225 216 208 177 154 -1 225 227 192 165 182 174 180 212 210 198 -1 -1 -1 -1 180 153 149 180 -1 308 292 267 205 200 191 185 193 195 187 177 180 -1 270 248 216 206 200 206 221 225 221 212 188 180 225 229 208 208 217 212 159 128 124 128 295 300 296 297 302 303 283 228 113 77 73 103 138 169 266 274 259 183 135 112 114 119 111 266 273 271 272 263
132 184 235 222 178 150 146 -1 -1 209 194 182 176 192 214 212 198 -1 -1 -1 -1 -1 219 212 -1 -1 -1 -1 161 127 135 273 310 311 251 210 188 192 192 188 188 189 180 177 225 264 265 237 213 209 213 218 225 225 225 210 176 194 228 216 201 214 221 193 147 131 126 -1 306 307 297 291 279 227 191 189 183 101 68 71 93 214 267 265 214 165 159 107 90 103 128 252 271 270 269 244
149 198 209 203 184 176 -1 -1 -1 -1 -1 -1 -1 -1 -1 -1 -1 -1 -1 -1 -1 -1 -1 -1 -1 -1 -1 -1 -1 105 -1 288 299 -1 225 206 183 188 195 193 180 177 186 230 270 258 225 206 198 206 216 219 225 225 225 210 -1 -1 220 199 201 215 207 169 139 131 135 301 296 290 281 266 217 186 180 187 197 187 101 78 84 225 263 255 170 154 199 -1 67 86 120 244 260 271 266 193
-1 -1 -1 200 202 198 198 -1 -1 -1 -1 -1 -1 -1 -1 -1 -1 -1 -1 -1 -1 -1 -1 -1 -1 -1 -1 -1 129 105 285 278 -1 -1 -1 -1 175 183 196 191 177 180 246 274 263 225 202 185 193 209 220 225 225 225 225 210 191 203 200 188 199 204 183 150 134 121 311 299 276 271 264 237 194 180 180 186 199 203 172 102 95 180 253 242 148 144 231 246 90 94 109 248 261 272 261 149
-1 -1 -1 -1 -1 -1 -1 -1 -1 -1 -1 -1 -1 -1 -1 -1 -1 -1 -1 -1 -1 -1 -1 -1 -1 -1 -1 -1 108 117 265 263 213 -1 -1 -1 -1 175 187 183 203 -1 270 243 212 203 194 180 200 225 237 235 225 219 214 205 194 200 194 191 198 191 152 136 132 312 311 300 271 262 245 214 190 180 180 181 195 204 191 127 104 156 253 238 139 144 239 230 119 104 113 262 271 271 237 133
-1 -1 -1 -1 -1 -1 -1 -1 -1 -1 -1 -1 -1 -1 -1 -1 -1 -1 -1 -1 -1 -1 -1 -1 -1 -1 -1 -1 115 135 271 261 212 -1 -1 -1 -1 167 176 192 244 246 213 210 204 203 194 187 209 232 235 225 219 219 208 203 201 201 191 194 194 171 127 129 295 310 308 291 272 253 222 194 183 181 181 178 188 200 192 143 113 154 252 237 132 149 240 220 128 110 124 266 273 262 186 132
-1 -1 -1 -1 -1 -1 -1 -1 -1 -1 -1 -1 -1 -1 -1 -1 -1 -1 -1 -1 -1 -1 -1 -1 -1 -1 147 156 149 278 288 -1 -1 -1 -1 -1 -1 -1 -1 -1 237 220 201 208 206 205 203 208 225 242 239 225 219 219 206 206 206 198 -1 192 187 152 119 -1 284 293 -1 251 253 235 201 178 176 183 183 176 187 203 193 149 122 167 249 231 129 152 244 204 131 120 159 266 268 244 161 132
-1 -1 -1 -1 -1 -1 -1 -1 -1 -1 -1 -1 -1 -1 -1 -1 -1 -1 -1 -1 -1 -1 -1 -1 198 158 145 157 263 300 296 -1 -1 -1 -1 -1 -1 -1 -1 -1 225 220 218 -1 -1 213 225 236 -1 251 243 230 225 219 212 -1 -1 -1 -1 -1 165 135 117 281 278 -1 -1 220 221 202 181 167 169 187 189 173 186 207 194 150 123 176 251 217 133 170 248 181 124 120 236 272 264 227 148 125
-1 -1 -1 -1 -1 -1 -1 -1 -1 -1 -1 -1 -1 -1 -1 -1 -1 -1 -1 -1 -1 -1 -1 -1 167 141 137 273 293 283 -1 -1 -1 -1 -1 -1 -1 -1 -1 -1 -1 237 231 -1 -1 -1 -1 246 243 241 235 225 225 218 212 213 -1 -1 -1 -1 138 126 -1 286 270 192 195 202 198 185 173 164 168 190 197 174 175 204 198 154 130 196 245 192 139 208 247 158 116 112 282 276 257 213 147 122
