inputs/landscapes/test-aspect.asc
ncols        767
nrows        728
xllcorner    -2094945.000000000000
yllcorner    1493535.000000000000
cellsize     30.000000000000
NODATA_value -32768
[rows 644 to 689 of 728, columns 384 to 479 of 767]
-1 -1 -1 -1 -1 -1 -1 -1 -1 -1 -1 -1 -1 -1 -1 -1 -1 -1 -1 -1 -1 -1 -1 -1 -1 -1 -1 -1 -1 -1 -1 -1 -1 -1 -1 -1 -1 -1 -1 -1 -1 -1 -1 -1 -1 -1 -1 -1 -1 -1 -1 -1 -1 -1 -1 -1 -1 -1 167 167 158 161 176 188 -1 -1 -1 -1 -1 164 159 161 -1 -1 330 332 329 324 329 337 341 339 339 324 307 299 292 282 275 273 274 282 304 331 351 8
-1 -1 -1 -1 -1 -1 -1 -1 -1 -1 -1 -1 -1 -1 -1 -1 -1 -1 -1 -1 -1 -1 -1 -1 -1 -1 -1 -1 -1 -1 -1 -1 -1 -1 -1 -1 -1 -1 -1 -1 -1 -1 -1 -1 -1 -1 -1 -1 -1 -1 -1 -1 -1 -1 -1 -1 145 142 159 178 181 173 184 198 -1 -1 -1 -1 -1 -1 -1 -1 336 330 329 -1 -1 308 309 319 324 325 326 317 305 300 295 286 271 258 258 264 272 296 333 4
-1 -1 -1 -1 -1 -1 -1 -1 -1 -1 -1 -1 -1 -1 -1 -1 -1 -1 -1 -1 -1 -1 -1 -1 -1 -1 -1 -1 -1 -1 -1 -1 -1 -1 -1 -1 -1 -1 -1 -1 -1 -1 -1 -1 -1 -1 -1 -1 -1 -1 -1 -1 218 203 177 162 155 148 153 194 219 -1 -1 -1 -1 -1 -1 -1 -1 -1 345 343 340 339 -1 -1 -1 -1 -1 290 295 299 302 303 298 293 288 278 268 267 272 271 268 270 290 340
-1 -1 -1 -1 -1 -1 -1 -1 -1 -1 -1 -1 -1 -1 -1 -1 -1 -1 -1 -1 -1 -1 -1 -1 -1 -1 -1 -1 -1 -1 -1 -1 -1 -1 -1 -1 -1 -1 -1 -1 -1 -1 -1 -1 -1 -1 -1 -1 -1 -1 -1 -1 -1 177 160 156 155 141 -1 -1 308 -1 -1 -1 -1 -1 -1 -1 341 334 341 344 347 356 344 344 338 327 -1 281 267 271 281 291 299 302 300 301 298 290 285 283 282 278 273 272
-1 -1 -1 -1 -1 -1 -1 -1 -1 -1 -1 -1 -1 -1 -1 -1 -1 -1 -1 -1 -1 -1 -1 -1 -1 -1 -1 -1 -1 -1 -1 -1 -1 -1 -1 -1 -1 -1 -1 -1 -1 -1 -1 -1 -1 -1 -1 -1 -1 -1 -1 -1 151 156 148 146 -1 -1 -1 -1 -1 -1 -1 -1 -1 303 331 345 336 332 330 344 355 355 344 344 344 341 -1 302 280 277 285 292 304 317 322 326 327 316 302 299 304 302 279 239
-1 -1 -1 -1 -1 -1 -1 -1 -1 -1 -1 -1 -1 -1 -1 -1 -1 -1 -1 -1 -1 -1 -1 -1 -1 -1 -1 -1 -1 -1 -1 -1 -1 -1 -1 -1 -1 -1 -1 -1 -1 -1 -1 -1 -1 -1 -1 -1 -1 -1 -1 140 139 144 -1 -1 -1 -1 -1 -1 -1 -1 -1 -1 325 315 324 331 -1 -1 -1 -1 -1 -1 -1 -1 -1 -1 -1 309 303 297 295 293 293 301 310 320 331 327 313 304 305 291 225 242
-1 -1 -1 -1 -1 -1 -1 -1 -1 -1 -1 -1 -1 -1 -1 -1 -1 -1 -1 -1 -1 -1 -1 -1 -1 -1 -1 -1 -1 -1 -1 -1 -1 -1 -1 -1 -1 -1 -1 -1 -1 -1 -1 -1 -1 -1 -1 -1 -1 -1 -1 130 129 -1 -1 -1 -1 -1 -1 -1 -1 -1 -1 -1 309 303 -1 -1 -1 -1 -1 -1 -1 -1 -1 -1 -1 -1 -1 293 300 305 307 305 300 300 301 307 321 323 309 292 265 206 243 283
-1 -1 -1 -1 -1 -1 -1 -1 -1 -1 -1 -1 -1 -1 -1 -1 -1 -1 -1 -1 -1 -1 -1 -1 -1 -1 -1 -1 -1 -1 -1 -1 -1 -1 -1 -1 -1 -1 -1 -1 -1 -1 -1 -1 -1 -1 -1 -1 -1 161 151 129 -1 -1 321 326 326 333 -1 -1 -1 -1 -1 -1 -1 -1 -1 -1 -1 -1 -1 -1 -1 -1 -1 -1 -1 -1 311 316 312 313 317 320 318 315 313 309 309 309 288 268 261 300 315 302
-1 -1 -1 -1 -1 -1 -1 -1 -1 -1 -1 -1 -1 -1 -1 -1 -1 -1 -1 -1 -1 -1 -1 -1 -1 -1 -1 -1 -1 -1 -1 -1 -1 -1 -1 -1 -1 -1 -1 -1 -1 -1 -1 -1 -1 -1 -1 -1 -1 147 -1 -1 -1 315 320 326 326 -1 -1 -1 -1 -1 -1 -1 -1 -1 -1 -1 -1 -1 -1 -1 -1 -1 -1 -1 343 328 326 327 322 319 320 323 323 322 322 309 270 264 273 271 283 304 315 299
-1 -1 -1 -1 -1 -1 -1 -1 -1 -1 -1 -1 -1 -1 -1 -1 -1 -1 -1 -1 -1 -1 -1 -1 -1 -1 -1 -1 -1 -1 -1 -1 -1 -1 -1 -1 -1 -1 -1 -1 -1 -1 -1 -1 -1 -1 -1 -1 147 -1 -1 -1 315 319 325 326 326 341 18 -1 -1 -1 333 -1 -1 -1 -1 -1 -1 -1 -1 315 337 346 352 352 349 339 333 330 324 321 320 320 320 317 302 213 244 262 270 265 268 278 288 -1
-1 -1 -1 -1 -1 -1 -1 -1 -1 -1 -1 -1 -1 -1 -1 -1 -1 -1 -1 -1 -1 -1 -1 -1 -1 -1 -1 -1 -1 -1 -1 -1 -1 -1 -1 -1 -1 -1 -1 -1 -1 -1 -1 -1 -1 -1 -1 -1 -1 -1 -1 308 306 315 326 326 326 -1 -1 -1 347 348 339 343 353 349 0 -1 -1 324 318 324 340 350 353 354 349 341 338 335 326 320 313 300 280 214 186 229 276 272 257 259 267 264 244 130
-1 -1 -1 -1 -1 -1 -1 -1 -1 -1 -1 -1 -1 -1 -1 -1 -1 -1 -1 -1 -1 -1 -1 -1 -1 -1 -1 -1 -1 -1 -1 -1 -1 -1 -1 -1 -1 -1 -1 -1 -1 -1 -1 -1 -1 -1 -1 -1 -1 -1 327 315 300 302 -1 -1 -1 -1 -1 -1 338 350 354 341 345 356 15 8 331 326 324 324 334 347 355 359 342 330 331 334 325 301 258 226 209 206 257 290 282 264 260 270 266 251 199 129
-1 -1 -1 -1 -1 -1 -1 -1 -1 -1 -1 -1 -1 -1 -1 -1 -1 -1 -1 -1 -1 -1 -1 -1 -1 -1 -1 -1 140 159 173 176 180 187 198 198 -1 -1 -1 -1 -1 -1 -1 -1 122 -1 -1 -1 -1 334 334 326 303 -1 -1 -1 309 336 348 347 348 1 14 1 342 346 0 355 335 325 326 324 317 334 19 8 312 303 307 321 327 203 209 225 244 270 284 278 263 257 259 253 244 227 164 135
-1 -1 -1 -1 -1 -1 -1 -1 -1 -1 -1 -1 -1 -1 -1 -1 -1 -1 -1 -1 -1 -1 -1 -1 -1 -1 -1 135 138 159 183 -1 -1 -1 -1 195 194 191 201 212 -1 198 195 158 135 -1 -1 333 334 332 339 343 332 333 341 346 339 338 346 350 353 8 14 5 351 343 353 354 339 328 329 308 265 186 161 292 308 302 288 243 145 167 246 276 282 271 255 244 246 247 240 227 225 206 141 141
-1 -1 -1 -1 -1 -1 -1 -1 -1 -1 -1 -1 -1 -1 -1 -1 -1 -1 -1 -1 -1 -1 -1 -1 -1 -1 -1 119 128 -1 308 -1 -1 -1 341 351 356 -1 -1 -1 195 -1 -1 -1 348 345 349 347 343 343 346 348 348 346 347 351 342 328 331 339 350 13 12 3 352 340 346 349 336 332 -1 202 205 171 231 286 298 259 203 183 168 225 280 280 270 254 231 227 232 229 229 222 215 182 133 157
-1 -1 -1 -1 -1 -1 -1 -1 -1 -1 -1 -1 -1 -1 -1 -1 -1 -1 -1 -1 -1 -1 -1 -1 -1 -1 -1 115 117 273 300 0 3 334 334 349 2 10 8 0 354 348 351 348 342 347 354 353 349 348 344 345 348 349 349 3 -1 270 264 251 253 -1 12 0 345 323 299 278 -1 149 150 184 187 187 245 247 207 178 185 198 235 291 297 278 240 219 209 225 222 225 229 203 182 162 142 201
-1 -1 -1 -1 -1 -1 -1 -1 -1 -1 -1 -1 -1 -1 -1 -1 -1 -1 -1 -1 -1 -1 -1 -1 -1 -1 128 109 -1 262 253 -1 -1 309 311 335 2 7 5 358 355 356 356 347 338 342 346 347 348 345 330 329 -1 152 162 171 237 264 241 233 245 243 -1 -1 -1 -1 214 203 173 141 145 177 189 215 240 220 192 188 239 283 296 294 284 206 198 198 210 226 227 239 200 169 168 162 166 297
-1 -1 -1 -1 -1 -1 -1 -1 -1 -1 -1 -1 -1 -1 -1 -1 -1 -1 -1 -1 -1 -1 -1 -1 -1 -1 123 106 -1 251 242 240 265 270 261 250 -1 -1 343 341 345 5 0 322 311 310 298 282 -1 -1 257 183 147 148 166 -1 267 245 228 247 255 240 -1 -1 -1 -1 -1 -1 152 129 128 169 246 286 299 315 315 318 323 320 308 265 205 168 183 213 236 245 250 228 153 155 178 295 318 308
-1 -1 -1 -1 -1 -1 -1 -1 -1 -1 -1 -1 -1 -1 -1 -1 -1 -1 -1 -1 -1 -1 -1 -1 -1 -1 -1 102 -1 -1 264 266 270 253 234 225 218 219 230 218 180 171 206 262 284 298 -1 -1 -1 -1 180 158 150 156 -1 246 217 222 246 262 252 225 -1 -1 -1 -1 -1 -1 135 124 121 -1 299 309 324 345 333 315 302 294 192 181 182 176 204 249 259 253 227 172 147 172 309 318 307 280
-1 -1 -1 -1 -1 -1 -1 -1 -1 -1 -1 -1 -1 -1 -1 -1 -1 -1 -1 -1 -1 -1 -1 -1 -1 -1 -1 -1 -1 -1 272 278 281 -1 229 225 225 228 230 -1 -1 -1 278 283 291 306 327 -1 -1 167 155 145 150 -1 248 -1 -1 272 277 270 249 219 191 191 192 198 201 164 131 120 131 273 285 290 300 -1 231 219 225 200 155 165 187 209 246 246 227 211 183 162 181 291 297 278 245 229
-1 -1 -1 -1 -1 -1 -1 -1 -1 -1 -1 -1 -1 -1 -1 -1 -1 -1 -1 -1 -1 -1 -1 -1 -1 -1 -1 61 -1 -1 272 284 298 -1 -1 246 242 236 225 -1 -1 309 315 304 298 306 -1 -1 -1 -1 113 124 -1 -1 293 309 319 300 282 257 239 218 -1 191 194 194 190 163 139 130 -1 274 277 266 195 181 184 192 212 190 155 167 238 264 250 214 196 192 182 202 291 285 261 218 220 207
-1 -1 -1 -1 -1 -1 -1 -1 -1 -1 -1 -1 -1 -1 -1 -1 -1 -1 -1 -1 -1 -1 -1 -1 -1 -1 -1 67 86 -1 275 280 299 331 343 337 319 262 239 257 293 308 321 315 304 308 -1 -1 -1 82 90 -1 -1 311 318 319 311 299 277 -1 230 208 165 186 196 190 180 156 139 142 284 284 266 213 169 184 189 186 205 191 170 198 239 236 207 181 186 211 266 302 300 271 225 202 210 192
-1 -1 -1 -1 -1 -1 -1 -1 -1 -1 -1 -1 -1 -1 -1 -1 -1 -1 -1 -1 -1 -1 -1 -1 -1 -1 -1 103 100 278 275 275 291 318 329 339 0 352 298 288 295 303 315 311 305 -1 -1 -1 151 138 128 -1 315 318 321 -1 258 248 231 212 209 188 164 191 202 180 165 152 144 -1 291 277 234 181 166 199 203 188 205 203 199 214 222 213 198 184 257 294 299 289 270 233 203 198 207 176
-1 -1 -1 -1 -1 -1 -1 -1 -1 -1 -1 -1 -1 -1 -1 -1 -1 -1 -1 -1 -1 -1 -1 -1 -1 -1 145 124 -1 280 278 280 292 308 311 319 8 10 334 294 283 283 290 296 -1 -1 -1 -1 125 139 180 282 303 -1 174 199 211 202 197 201 190 173 182 219 188 164 161 160 -1 293 277 240 198 180 183 247 255 -1 -1 292 300 306 310 299 290 315 313 297 273 244 225 209 188 188 198 159
-1 -1 -1 -1 -1 -1 -1 -1 -1 -1 -1 -1 -1 -1 -1 -1 -1 -1 -1 -1 -1 -1 -1 -1 -1 150 143 129 -1 290 285 283 286 296 298 -1 -1 -1 343 311 285 281 282 278 -1 -1 -1 81 99 114 255 273 -1 143 171 212 210 195 204 207 180 172 209 210 161 160 183 288 315 306 251 198 194 225 -1 280 270 274 297 309 322 329 334 340 327 309 277 236 217 222 227 216 169 164 182 156
-1 -1 -1 -1 -1 -1 -1 -1 -1 -1 -1 -1 -1 -1 -1 -1 -1 -1 -1 -1 -1 -1 -1 -1 135 140 141 -1 -1 290 282 280 279 278 -1 -1 -1 308 330 323 301 300 300 -1 -1 -1 -1 99 99 104 255 240 164 140 198 251 -1 -1 244 -1 168 192 188 183 170 -1 282 292 293 -1 -1 180 229 257 258 263 273 273 270 270 270 270 265 -1 230 220 198 205 225 244 251 225 149 137 158 154
-1 -1 -1 -1 -1 -1 -1 -1 -1 -1 -1 -1 -1 -1 -1 -1 -1 -1 -1 -1 -1 -1 -1 140 135 -1 -1 -1 285 280 275 280 287 288 -1 -1 -1 285 296 309 300 293 -1 -1 -1 -1 156 125 117 127 221 200 169 170 234 239 188 200 221 174 168 188 168 182 225 265 261 235 216 206 -1 -1 263 257 251 270 288 -1 266 258 243 217 205 199 203 195 194 238 268 273 257 212 135 117 125 142
-1 -1 -1 -1 -1 -1 -1 -1 -1 -1 -1 -1 -1 -1 -1 -1 -1 -1 -1 -1 -1 -1 147 141 -1 -1 -1 -1 291 281 271 272 279 -1 -1 -1 -1 274 270 265 236 203 198 198 169 160 157 143 135 141 -1 180 177 210 228 209 183 191 198 180 180 -1 -1 321 295 -1 225 209 212 217 -1 -1 254 243 261 270 253 -1 220 222 199 191 195 200 200 206 255 281 274 251 217 201 144 105 104 121
-1 -1 -1 -1 -1 -1 -1 -1 -1 -1 -1 -1 -1 -1 -1 -1 -1 -1 -1 -1 -1 -1 -1 -1 -1 -1 -1 -1 288 282 267 263 262 -1 -1 -1 -1 -1 214 186 175 178 190 195 177 161 158 152 158 -1 -1 352 348 348 -1 -1 -1 -1 -1 -1 315 337 343 346 348 -1 -1 -1 219 235 241 -1 -1 220 230 220 199 186 192 192 184 191 199 205 220 252 277 274 251 225 212 212 161 117 107 117
-1 -1 -1 -1 -1 -1 -1 -1 -1 -1 -1 -1 -1 -1 -1 -1 -1 -1 -1 -1 -1 -1 -1 -1 -1 -1 -1 -1 -1 -1 261 257 254 253 -1 -1 -1 -1 167 162 163 176 191 192 184 175 167 -1 -1 -1 333 326 343 15 28 -1 -1 -1 336 309 315 334 341 349 0 9 12 4 -1 290 280 -1 -1 315 278 225 200 194 194 185 187 215 236 263 281 283 272 251 240 251 280 -1 -1 104 94 97
-1 -1 -1 -1 -1 -1 -1 -1 -1 -1 -1 -1 -1 -1 -1 -1 -1 -1 -1 -1 -1 -1 -1 -1 -1 -1 -1 -1 -1 -1 246 247 242 236 235 -1 165 153 152 150 151 180 200 192 205 228 290 329 346 344 327 299 315 33 42 12 345 350 346 315 305 325 343 348 353 17 21 0 351 329 325 339 333 336 354 0 341 338 347 357 349 331 310 303 303 298 284 273 275 285 298 339 41 45 38 46
-1 -1 -1 -1 -1 -1 -1 -1 -1 -1 -1 -1 -1 -1 -1 -1 -1 -1 -1 -1 -1 -1 -1 -1 -1 -1 -1 -1 -1 -1 231 231 226 217 202 181 167 161 149 -1 18 356 347 348 323 313 319 334 358 7 352 320 309 37 35 1 349 351 355 340 322 332 347 351 358 27 18 350 354 341 334 336 328 332 1 8 347 343 350 358 350 343 333 315 305 311 315 310 299 297 298 329 25 18 19 47
-1 -1 -1 -1 -1 -1 -1 -1 -1 -1 -1 -1 -1 -1 -1 -1 -1 -1 -1 -1 -1 -1 -1 -1 -1 -1 -1 -1 -1 -1 -1 -1 225 207 192 181 183 257 326 351 10 10 355 342 329 315 309 317 355 17 2 342 334 5 11 349 347 353 0 353 340 343 353 358 8 25 4 345 357 356 348 337 328 337 3 3 347 343 350 3 349 332 333 329 319 317 326 329 315 306 306 325 4 14 30 70
-1 -1 -1 -1 -1 -1 -1 -1 -1 -1 -1 -1 -1 -1 -1 -1 -1 -1 -1 -1 -1 -1 -1 -1 -1 -1 -1 -1 -1 315 328 344 356 -1 -1 -1 299 300 313 342 15 23 4 339 328 313 297 292 323 17 10 348 337 353 4 343 336 350 2 356 345 349 356 3 14 23 358 340 354 0 356 345 334 343 5 1 349 348 353 6 355 321 312 325 331 320 322 332 330 321 310 316 350 19 45 70
-1 -1 -1 -1 -1 -1 -1 -1 -1 -1 -1 -1 -1 -1 -1 -1 -1 -1 -1 -1 -1 -1 -1 -1 -1 -1 -1 261 277 299 317 345 1 354 355 358 334 295 291 315 12 24 6 345 335 328 313 310 328 345 358 349 337 346 2 345 322 335 0 0 350 353 358 4 21 26 355 334 346 357 357 349 344 352 5 358 350 0 5 4 357 334 315 317 331 327 317 317 326 332 322 315 337 24 47 56
-1 -1 -1 -1 -1 -1 -1 -1 -1 -1 -1 -1 -1 -1 -1 -1 -1 -1 -1 -1 -1 -1 -1 -1 -1 -1 -1 243 260 278 290 319 343 340 350 6 356 296 272 271 323 8 3 348 340 337 329 327 335 333 343 347 337 338 353 348 318 310 342 358 353 356 0 8 33 25 348 332 340 351 351 351 357 4 4 358 351 3 12 5 352 338 329 319 324 333 321 297 300 317 319 310 318 30 51 52
-1 -1 -1 -1 -1 -1 -1 -1 -1 -1 -1 -1 -1 -1 -1 -1 -1 -1 -1 -1 -1 -1 -1 -1 -1 66 -1 -1 266 272 275 277 285 295 315 356 6 321 279 271 282 323 350 338 330 329 331 330 324 320 327 340 338 326 332 338 323 304 302 -1 -1 355 356 14 31 10 342 330 335 344 341 345 1 7 6 4 0 6 14 5 347 336 338 326 311 320 309 287 277 265 242 236 235 -1 77 61
-1 -1 -1 -1 -1 -1 -1 -1 -1 -1 -1 -1 -1 -1 -1 -1 -1 -1 -1 -1 -1 -1 -1 -1 -1 90 -1 -1 270 268 263 259 270 277 278 -1 345 340 304 285 276 266 -1 273 280 288 304 315 306 303 310 329 339 323 315 319 315 309 -1 -1 -1 -1 -1 12 16 354 333 323 327 334 330 332 0 13 12 14 12 10 9 0 342 337 347 344 -1 -1 248 251 221 192 198 214 206 180 162 113
-1 -1 -1 -1 -1 -1 -1 -1 -1 -1 -1 -1 -1 -1 -1 -1 -1 -1 -1 -1 -1 -1 -1 -1 -1 -1 -1 -1 266 264 245 232 247 257 261 273 299 324 306 276 259 246 -1 239 250 253 259 281 290 286 284 -1 -1 -1 288 -1 -1 -1 -1 -1 -1 -1 -1 -1 -1 -1 303 295 293 -1 -1 -1 -1 -1 -1 -1 -1 -1 -1 338 322 322 355 -1 -1 -1 199 197 175 175 205 222 194 177 185 186
-1 -1 -1 -1 -1 -1 -1 -1 -1 -1 -1 -1 -1 -1 -1 -1 -1 -1 -1 -1 -1 -1 -1 -1 -1 -1 -1 -1 254 248 225 221 234 236 249 267 270 -1 -1 251 248 240 -1 241 247 246 250 258 262 258 251 237 -1 -1 225 230 230 218 -1 -1 -1 -1 -1 -1 -1 -1 225 225 212 199 194 198 184 168 160 167 178 186 213 230 225 200 169 174 167 149 170 178 164 177 221 223 181 176 195 195
-1 -1 -1 -1 -1 -1 -1 -1 -1 -1 -1 -1 -1 -1 -1 -1 -1 -1 -1 -1 -1 -1 -1 -1 -1 -1 -1 -1 236 235 222 221 234 243 254 249 216 211 220 242 248 244 -1 -1 243 245 246 248 243 235 225 210 206 206 206 216 216 206 206 202 194 194 190 190 188 180 194 199 191 188 189 190 181 171 163 168 181 188 205 203 188 177 166 178 178 152 155 169 162 184 223 213 175 178 203 195
-1 -1 -1 -1 -1 -1 -1 -1 -1 -1 -1 -1 -1 -1 -1 -1 -1 -1 -1 -1 -1 -1 -1 -1 -1 -1 -1 -1 219 233 227 228 249 259 257 229 180 208 230 242 248 239 230 231 247 244 239 236 225 216 212 206 206 202 200 210 210 201 198 192 195 203 194 183 180 170 181 193 191 184 186 188 181 172 161 167 183 186 199 202 186 169 163 180 181 155 150 165 169 187 215 204 176 182 205 188
-1 -1 -1 -1 -1 -1 -1 -1 -1 -1 -1 -1 -1 -1 -1 -1 -1 -1 -1 -1 -1 -1 -1 -1 -1 102 124 -1 -1 232 230 225 237 247 244 198 164 225 251 254 249 235 225 229 242 244 235 225 210 204 206 203 201 193 192 203 202 195 192 188 195 199 188 180 175 169 175 188 190 181 183 191 185 174 160 162 178 181 197 203 186 167 161 175 176 162 154 164 174 188 207 197 180 187 198 182
-1 -1 -1 -1 -1 -1 -1 -1 -1 -1 -1 -1 -1 -1 -1 -1 -1 -1 -1 -1 -1 -1 -1 -1 -1 101 119 -1 -1 235 232 212 223 230 213 183 191 253 270 259 233 216 212 225 235 236 225 218 209 203 208 203 198 189 189 199 198 195 194 186 187 191 185 181 181 176 175 181 183 180 185 194 187 178 167 162 167 178 193 192 183 170 159 166 171 167 160 164 175 188 199 193 186 187 188 180
-1 -1 -1 -1 -1 -1 -1 -1 -1 -1 -1 -1 -1 -1 -1 -1 -1 -1 -1 -1 -1 -1 -1 -1 -1 107 113 -1 -1 243 236 212 228 226 206 200 235 252 242 225 210 199 208 225 231 228 216 216 216 207 210 205 195 188 188 194 195 193 192 183 178 186 186 186 188 180 174 180 181 181 187 190 184 180 175 168 165 173 184 181 180 175 161 159 162 167 166 164 176 183 192 194 188 183 181 179
-1 -1 -1 -1 -1 -1 -1 -1 -1 -1 -1 -1 -1 -1 -1 -1 -1 -1 -1 -1 -1 -1 -1 -1 113 113 123 -1 -1 251 -1 -1 -1 235 233 246 238 217 214 216 208 198 218 231 231 225 210 207 205 198 199 198 192 190 188 190 193 185 184 182 180 183 186 188 185 180 177 181 183 184 188 185 181 178 176 171 167 171 178 177 176 177 167 161 160 165 167 161 170 178 186 190 187 180 177 177
