inputs/landscapes/test-aspect.asc
ncols        767
nrows        728
xllcorner    -2094945.000000000000
yllcorner    1493535.000000000000
cellsize     30.000000000000
NODATA_value -32768
[rows 184 to 229 of 728, columns 192 to 287 of 767]
195 178 170 176 195 244 261 243 225 217 215 229 244 251 248 218 168 55 43 60 77 100 116 120 118 111 103 92 69 63 77 -1 274 267 260 252 243 234 220 211 228 297 330 315 300 21 90 144 198 168 147 154 161 203 282 306 307 299 295 294 328 47 61 87 160 189 172 138 177 249 122 82 73 75 98 113 132 201 199 197 190 128 105 126 260 237 174 183 217 154 141 201 222 195 94 74
-1 -1 -1 -1 228 249 251 239 241 250 259 268 271 269 243 192 191 205 158 80 85 97 106 112 114 112 107 95 -1 92 95 -1 264 255 240 229 221 216 215 233 254 255 192 190 213 181 122 142 193 166 134 146 225 291 296 301 309 308 303 298 323 70 75 79 101 165 171 157 208 251 265 59 61 64 62 56 62 115 190 206 200 148 116 149 244 208 180 250 237 131 136 195 228 240 345 34
3 14 33 45 -1 247 246 237 264 292 303 296 288 274 200 169 197 218 229 68 68 67 66 72 82 86 88 90 94 92 88 -1 254 246 235 229 226 234 258 272 263 212 165 182 217 193 127 135 191 171 135 174 283 287 277 271 276 288 295 293 -1 108 98 82 71 77 124 160 230 251 262 51 70 69 59 49 59 72 112 205 195 163 136 169 228 227 271 272 153 139 142 199 248 267 300 36
11 32 48 55 60 259 254 239 260 277 289 285 262 212 165 167 208 231 247 -1 72 67 61 60 61 66 73 84 97 105 101 -1 262 254 243 241 247 263 274 270 231 174 156 188 221 191 142 136 180 181 162 286 297 304 299 284 276 278 284 295 91 103 107 100 73 58 70 101 242 247 244 176 82 74 71 80 89 80 47 45 154 163 153 188 258 285 295 123 129 141 154 235 270 277 280 94
34 59 67 70 79 257 255 243 250 253 252 241 215 179 162 176 228 241 251 234 103 101 93 76 68 71 77 87 101 108 111 -1 278 270 259 252 252 255 250 230 191 164 154 193 213 183 159 147 181 255 310 315 318 326 329 325 317 303 295 320 65 81 93 114 131 125 96 97 228 236 231 220 93 85 93 102 100 47 12 36 59 95 139 210 257 258 234 126 106 121 180 262 275 272 222 139
107 88 80 77 80 -1 252 237 238 244 236 213 189 172 171 209 252 258 262 222 116 122 131 125 105 93 90 95 102 105 113 262 268 254 230 217 227 228 219 205 186 168 162 194 201 177 172 190 304 308 313 311 312 323 332 333 329 309 291 312 64 69 72 83 110 140 131 111 185 227 230 232 131 80 76 79 60 344 2 43 52 52 63 -1 228 220 205 156 113 117 218 270 269 246 174 166
157 120 95 85 83 -1 240 219 227 239 225 197 184 183 202 250 266 277 284 -1 96 100 116 133 133 120 110 102 87 75 63 -1 231 220 209 208 219 215 210 204 192 178 180 204 208 188 278 300 306 301 298 294 294 304 318 297 241 244 236 218 95 65 67 74 82 100 129 127 153 224 232 227 208 80 64 59 27 337 5 46 47 47 56 81 192 215 209 168 136 137 256 275 256 206 165 179
170 148 117 98 83 83 212 205 211 220 209 200 215 262 292 290 293 295 295 91 94 91 94 104 119 125 124 117 85 58 55 -1 210 227 252 299 319 291 241 228 217 228 295 317 334 347 345 327 315 309 306 300 291 290 -1 151 197 212 205 214 222 80 73 72 67 64 73 96 123 217 227 221 219 181 85 56 20 348 26 61 54 56 62 71 108 212 214 167 149 177 265 268 222 181 164 180
169 160 137 114 83 64 -1 -1 199 209 230 273 309 324 330 324 315 305 202 141 126 109 105 101 102 112 129 144 -1 118 102 108 -1 250 268 295 333 2 349 326 328 331 331 334 337 347 0 348 325 319 319 318 310 308 78 115 191 202 199 226 239 -1 60 52 46 46 50 54 64 150 222 225 218 200 159 93 54 57 111 118 116 92 80 79 87 173 212 171 156 228 263 243 174 167 163 178
-1 -1 102 100 86 66 40 55 128 225 268 287 306 320 326 321 315 -1 140 149 149 121 116 120 116 114 128 150 159 143 132 137 214 245 266 280 308 359 359 341 338 336 329 332 334 342 5 359 334 322 321 322 322 347 93 108 168 189 207 239 240 229 71 52 53 57 60 63 67 87 206 226 214 209 195 160 158 150 127 133 149 142 111 88 78 91 188 180 178 248 250 199 161 163 165 175
11 24 47 65 78 77 -1 90 101 276 277 277 279 272 256 257 229 133 131 147 165 141 119 121 126 122 126 140 143 132 132 -1 291 308 294 283 289 332 352 344 341 338 330 330 335 341 3 357 333 320 316 316 331 46 83 92 127 176 220 240 229 212 195 139 95 87 82 80 77 81 129 216 221 228 202 160 167 161 132 126 141 152 141 104 72 72 107 177 216 249 229 181 161 161 167 172
14 36 59 76 82 -1 -1 95 90 286 280 270 246 203 211 233 209 117 113 130 162 160 132 121 127 125 124 128 119 106 103 297 310 320 315 299 291 303 330 336 336 333 325 318 311 306 -1 273 281 278 278 285 315 76 84 86 99 153 234 241 214 200 207 183 129 122 110 91 81 79 90 194 231 230 192 158 164 167 147 131 130 139 149 141 92 79 86 140 238 245 216 173 161 160 164 171
47 78 89 91 90 -1 90 88 -1 271 262 241 210 195 232 258 234 110 105 111 140 161 146 130 129 124 116 -1 -1 82 83 280 294 309 315 310 294 269 241 237 240 244 232 199 194 182 172 199 223 236 255 260 222 106 99 97 97 120 239 232 193 202 231 197 128 132 141 126 106 93 87 112 233 226 186 160 161 167 157 144 141 143 151 167 142 98 90 105 236 235 210 170 161 161 163 169
114 113 111 104 97 -1 -1 90 112 245 239 220 212 233 270 275 187 117 118 112 113 131 138 137 135 -1 -1 -1 -1 107 112 273 283 293 297 284 236 206 203 205 204 207 192 181 189 181 178 216 251 272 280 272 193 110 91 91 93 109 218 209 196 239 255 182 121 119 131 140 135 112 90 89 225 228 186 159 162 164 155 150 151 156 161 171 162 119 100 106 217 229 210 172 161 158 163 166
130 120 117 118 113 -1 -1 101 113 263 275 289 299 298 292 283 118 111 108 82 59 65 85 116 -1 -1 128 135 144 141 -1 286 274 260 236 204 191 192 203 203 204 205 185 182 194 194 218 273 286 291 291 265 167 139 86 84 89 102 177 205 239 266 252 158 127 123 120 127 140 133 106 101 178 233 197 154 160 160 151 149 155 164 169 174 169 132 109 113 196 229 210 180 166 158 161 163
136 124 116 116 -1 -1 108 102 108 282 298 319 326 317 308 319 72 70 40 25 39 57 68 75 -1 -1 124 125 135 187 282 278 254 229 210 195 189 196 207 201 202 202 189 197 229 260 292 297 295 290 282 131 155 190 108 88 88 97 137 226 256 255 222 147 126 130 132 126 133 150 132 114 162 239 209 153 155 153 148 147 151 163 174 180 175 135 105 104 176 225 208 186 170 161 161 163
129 109 92 81 -1 108 110 100 125 255 267 284 305 306 302 339 53 29 20 30 52 66 72 79 -1 -1 111 114 122 257 258 244 229 218 207 196 197 208 213 214 228 239 262 299 312 311 306 304 297 281 245 123 138 194 156 94 81 84 102 231 246 239 213 147 115 111 118 123 127 147 147 125 172 248 212 151 153 148 144 145 146 156 173 184 182 152 106 92 126 211 208 192 172 161 156 164
68 70 71 75 90 104 111 105 116 249 252 247 246 249 216 177 194 334 32 58 69 73 78 85 -1 -1 98 103 128 247 239 231 225 221 212 215 244 272 295 311 323 332 327 321 325 323 311 302 285 254 203 122 123 182 187 128 89 81 88 213 244 240 210 157 136 121 109 109 119 138 149 141 218 255 197 150 154 150 143 143 146 152 169 184 184 173 131 97 99 183 210 199 177 165 158 163
36 63 83 93 100 104 107 110 116 272 266 252 242 228 183 179 214 229 135 91 88 90 88 80 50 74 85 87 -1 229 232 233 241 261 291 309 316 324 326 326 330 338 335 329 332 330 320 297 254 233 181 130 120 157 190 165 122 95 90 153 240 232 193 160 152 151 139 112 105 115 135 162 249 246 176 155 155 157 149 143 143 145 165 185 188 180 157 120 99 120 195 199 185 167 165 162
78 95 109 115 113 110 97 94 116 259 265 276 281 239 162 189 237 247 186 93 85 77 66 50 42 62 75 75 75 -1 220 227 250 273 297 310 319 323 318 314 319 329 331 333 334 328 322 196 208 203 169 141 125 140 180 173 146 118 99 115 227 221 185 160 155 163 164 131 109 103 114 201 251 219 168 162 158 160 158 151 145 141 159 187 195 181 165 146 123 115 153 194 193 174 167 162
111 105 102 111 119 116 94 79 78 244 255 271 289 101 135 232 266 276 323 46 48 42 40 44 49 59 67 64 52 34 -1 218 243 254 264 268 269 265 267 274 286 299 311 319 241 186 160 173 191 186 172 153 135 136 165 173 155 135 110 105 202 214 185 163 159 173 174 150 133 118 117 221 243 195 165 165 160 159 161 155 144 136 152 189 203 185 168 160 146 128 124 171 194 185 167 161
66 56 64 85 108 125 113 99 94 275 271 269 263 107 124 256 268 273 302 25 35 36 46 52 56 65 74 68 49 38 51 -1 241 247 244 236 227 231 252 264 269 268 237 167 172 168 159 177 183 179 182 164 145 141 156 168 157 142 124 104 132 200 182 166 164 180 176 158 145 131 133 227 235 181 165 164 163 165 166 156 144 131 142 190 210 190 169 167 161 149 128 142 189 195 165 156
39 52 69 88 115 144 143 132 -1 311 288 264 221 133 143 261 266 263 264 341 31 41 50 52 58 65 74 87 81 78 88 -1 271 272 269 259 259 273 283 286 283 257 176 160 170 162 159 181 176 174 189 176 155 147 149 154 151 144 141 131 115 139 160 161 167 180 174 164 153 141 161 235 222 170 165 164 164 171 171 159 147 131 135 186 212 195 172 168 171 167 138 128 180 201 163 149
69 82 89 98 117 146 151 -1 307 303 270 234 195 159 199 263 262 253 250 269 12 45 52 57 65 71 78 95 122 129 132 -1 289 289 299 307 301 296 291 289 283 193 150 157 174 155 154 182 170 168 196 193 166 154 147 143 136 129 137 154 155 130 111 116 137 160 168 168 156 147 191 231 201 164 162 165 164 171 170 162 153 135 129 178 212 200 180 171 180 177 150 128 163 198 169 149
115 111 105 95 90 104 143 236 239 225 217 208 198 202 267 269 256 251 259 264 261 83 78 77 80 82 86 96 115 120 143 262 272 277 291 311 313 302 292 285 225 147 146 160 180 149 148 177 165 166 212 215 180 163 154 141 122 105 108 135 163 158 130 111 104 115 143 158 148 143 205 226 195 167 160 165 166 168 168 165 160 144 135 168 210 203 187 182 188 177 160 138 149 195 177 156
131 121 94 59 56 60 48 -1 202 210 211 219 261 303 317 318 311 296 280 266 177 135 127 111 96 90 91 98 102 97 -1 251 262 269 276 290 307 305 295 273 142 134 147 174 181 143 147 168 160 178 226 225 192 166 160 148 130 111 103 118 156 167 157 149 135 122 126 142 137 132 216 228 194 172 162 163 164 166 169 168 164 155 150 174 214 208 194 192 190 174 161 142 140 180 171 161
114 63 19 33 57 60 40 23 -1 236 232 258 282 298 311 320 322 314 300 289 124 128 139 137 122 106 99 99 94 90 -1 242 261 268 270 271 280 288 268 182 147 127 139 195 177 133 143 138 141 192 232 236 207 169 167 154 140 137 122 118 147 164 160 152 146 138 130 137 137 137 210 220 188 171 162 161 164 168 171 169 165 161 168 200 220 206 194 193 190 177 165 153 150 159 159 158
21 5 17 64 84 81 64 53 54 -1 239 258 262 253 237 233 253 278 279 178 128 116 118 131 133 120 108 100 100 107 126 239 263 271 275 273 267 252 178 160 162 129 126 202 178 137 171 112 121 213 248 234 196 176 176 159 137 143 141 127 142 165 163 155 149 141 132 132 135 144 196 205 180 164 157 159 165 172 176 171 165 167 189 217 216 196 188 191 191 180 168 163 159 157 153 153
15 25 81 104 105 100 95 86 77 86 231 250 244 228 219 233 251 255 204 155 153 139 113 108 115 118 112 104 106 118 146 264 276 278 276 271 257 216 150 154 180 141 121 186 180 169 196 123 122 232 240 206 188 184 181 165 142 141 151 138 144 168 169 160 155 147 143 141 140 146 180 189 175 157 149 154 165 175 181 176 167 175 203 215 208 196 186 188 191 183 167 159 163 163 158 158
146 120 107 103 98 96 100 94 -1 90 -1 244 248 254 270 277 269 244 167 138 151 158 142 119 106 107 116 114 98 88 -1 276 273 270 260 245 232 189 135 145 191 161 125 165 179 190 199 127 129 220 211 189 185 188 183 168 152 145 156 143 140 169 180 167 158 154 150 151 153 156 161 172 167 151 139 143 161 174 182 180 174 183 207 207 203 202 188 185 191 182 169 161 161 164 161 158
172 156 123 102 88 85 86 -1 -1 81 93 239 253 265 276 276 254 217 170 101 91 117 136 135 119 110 114 113 78 52 45 255 254 248 234 224 217 187 135 135 187 174 132 151 174 197 207 133 135 200 191 182 185 188 182 170 158 150 162 155 139 164 185 170 160 156 152 153 161 165 157 157 153 143 135 135 151 168 180 180 183 192 208 205 203 204 192 188 188 177 170 167 163 163 161 151
167 166 149 130 108 94 90 -1 -1 56 68 -1 249 254 259 246 209 202 211 85 57 56 69 93 111 113 109 102 90 87 94 -1 252 238 224 221 213 193 149 135 174 178 142 147 171 198 207 148 135 191 186 172 186 191 183 172 159 152 167 169 145 156 181 174 167 162 157 158 161 165 163 158 149 138 130 135 146 158 176 180 191 201 201 198 196 200 196 188 185 180 169 168 167 161 161 -1
132 147 149 145 138 124 115 -1 -1 -1 88 113 255 261 255 218 194 205 227 221 98 75 70 74 86 100 111 110 120 125 123 -1 267 240 223 220 211 196 164 141 160 175 154 152 170 191 200 162 140 186 180 160 183 193 183 172 157 153 171 177 153 149 172 177 177 176 167 170 168 161 161 157 149 139 130 129 -1 -1 -1 -1 -1 -1 192 191 194 200 196 186 190 191 -1 -1 -1 -1 -1 -1
32 37 50 79 107 122 -1 -1 -1 -1 97 104 271 270 244 208 207 210 230 216 155 135 112 95 90 93 109 123 119 120 -1 277 259 235 221 214 207 195 175 154 155 170 162 160 171 185 193 170 154 178 168 156 182 190 180 173 161 158 175 178 160 149 164 176 181 187 177 177 176 163 161 158 146 140 135 135 -1 -1 -1 -1 -1 -1 -1 -1 198 201 195 192 198 198 -1 -1 -1 -1 -1 -1
12 21 30 40 49 59 -1 -1 -1 -1 96 93 270 260 225 230 236 193 226 211 160 147 139 123 110 107 116 121 112 102 -1 251 229 225 216 207 202 192 179 165 160 168 164 164 174 181 187 171 164 167 151 149 182 183 172 171 168 165 173 174 160 147 152 172 191 198 187 180 180 165 165 165 153 150 141 -1 -1 -1 -1 -1 -1 -1 -1 -1 -1 -1 -1 -1 -1 192 188 -1 -1 -1 -1 -1
13 26 36 46 57 70 101 141 -1 -1 100 108 254 238 221 249 241 152 212 208 162 145 141 136 129 124 128 115 98 90 -1 -1 219 228 213 195 189 187 180 172 165 167 164 167 174 180 185 171 171 157 131 130 167 167 158 163 171 172 164 164 153 135 -1 -1 -1 192 183 180 180 168 164 161 154 161 -1 -1 -1 -1 -1 -1 -1 -1 -1 -1 -1 -1 -1 -1 -1 -1 -1 -1 -1 -1 -1 -1
150 118 86 79 84 92 113 150 171 145 107 111 242 233 236 248 203 146 190 198 171 152 145 143 142 137 135 119 104 98 -1 -1 -1 225 210 194 183 184 175 176 165 159 159 165 176 180 183 176 171 156 135 129 -1 147 147 -1 -1 -1 -1 -1 -1 -1 -1 -1 -1 -1 -1 -1 175 171 167 -1 -1 -1 -1 -1 -1 -1 -1 -1 -1 -1 -1 -1 -1 -1 -1 -1 -1 -1 -1 -1 -1 -1 -1 -1
174 167 161 133 114 109 119 151 167 150 117 102 234 234 230 221 182 156 177 186 174 163 154 150 153 156 141 122 108 -1 -1 -1 -1 201 206 198 192 -1 -1 -1 161 -1 -1 -1 -1 -1 -1 -1 -1 153 140 135 -1 -1 -1 -1 -1 -1 -1 -1 -1 -1 -1 -1 -1 -1 -1 -1 -1 -1 -1 -1 -1 -1 -1 -1 -1 -1 -1 -1 -1 -1 -1 -1 -1 -1 -1 -1 -1 -1 -1 -1 -1 -1 -1 -1
174 162 168 157 133 121 129 161 164 151 135 -1 -1 222 210 199 179 163 173 177 171 167 159 153 161 -1 -1 -1 -1 -1 -1 -1 -1 -1 -1 212 -1 -1 -1 -1 -1 -1 -1 -1 -1 -1 -1 -1 -1 -1 -1 -1 -1 -1 -1 -1 -1 -1 -1 -1 -1 -1 -1 -1 -1 -1 -1 -1 -1 -1 -1 -1 -1 -1 -1 -1 -1 -1 -1 -1 -1 -1 -1 -1 -1 -1 -1 -1 -1 -1 -1 -1 -1 -1 -1 -1
169 155 162 165 146 136 141 165 168 161 -1 -1 -1 198 198 194 181 166 167 168 164 -1 -1 -1 -1 -1 -1 -1 -1 -1 -1 -1 -1 -1 -1 -1 -1 -1 -1 -1 -1 -1 -1 -1 -1 -1 -1 -1 -1 -1 -1 -1 -1 -1 -1 -1 -1 -1 -1 -1 -1 -1 -1 -1 -1 -1 -1 -1 -1 -1 -1 -1 -1 -1 -1 -1 -1 -1 -1 -1 -1 -1 -1 -1 -1 -1 -1 -1 -1 -1 -1 -1 -1 -1 -1 -1
164 160 159 167 156 150 152 167 -1 -1 -1 -1 -1 -1 -1 -1 -1 -1 -1 -1 -1 -1 -1 -1 -1 -1 -1 -1 -1 -1 -1 -1 -1 -1 -1 -1 -1 -1 -1 -1 -1 -1 -1 -1 -1 -1 -1 -1 -1 -1 -1 -1 -1 -1 -1 -1 -1 -1 -1 -1 -1 -1 -1 -1 -1 -1 -1 -1 -1 -1 -1 -1 -1 -1 -1 -1 -1 -1 -1 -1 -1 -1 -1 -1 -1 -1 -1 -1 -1 -1 -1 -1 -1 -1 -1 -1
162 167 163 168 169 167 161 -1 -1 -1 -1 -1 -1 -1 -1 -1 -1 -1 -1 -1 -1 -1 -1 -1 -1 -1 -1 -1 -1 -1 -1 -1 -1 -1 -1 -1 -1 -1 -1 -1 -1 -1 -1 -1 -1 -1 -1 -1 -1 -1 -1 -1 -1 -1 -1 -1 -1 -1 -1 -1 -1 -1 -1 -1 -1 -1 -1 -1 -1 -1 -1 -1 -1 -1 -1 -1 -1 -1 -1 -1 -1 -1 -1 -1 -1 -1 -1 -1 -1 -1 -1 -1 -1 -1 -1 -1
163 170 167 168 183 187 -1 -1 -1 -1 -1 -1 116 -1 -1 -1 -1 -1 -1 -1 -1 -1 -1 -1 -1 -1 -1 -1 -1 -1 -1 -1 -1 -1 -1 -1 -1 -1 -1 -1 -1 -1 -1 -1 -1 -1 -1 -1 -1 -1 -1 -1 -1 -1 -1 -1 -1 -1 -1 -1 -1 -1 -1 -1 -1 -1 -1 -1 -1 -1 -1 -1 -1 -1 -1 -1 -1 -1 -1 -1 -1 -1 -1 -1 -1 -1 -1 -1 -1 -1 -1 -1 -1 -1 -1 -1
175 180 172 168 192 198 -1 -1 -1 -1 -1 -1 -1 -1 -1 -1 -1 -1 -1 -1 -1 -1 -1 -1 -1 -1 -1 -1 -1 -1 -1 -1 -1 -1 -1 -1 -1 -1 -1 -1 -1 -1 -1 -1 -1 -1 -1 -1 -1 -1 -1 -1 -1 -1 -1 -1 -1 -1 -1 -1 -1 -1 -1 -1 -1 -1 -1 -1 -1 -1 -1 -1 -1 -1 -1 -1 -1 -1 -1 -1 -1 -1 -1 -1 -1 -1 -1 -1 -1 -1 -1 -1 -1 -1 -1 -1
191 192 -1 -1 -1 -1 -1 -1 -1 -1 -1 -1 -1 -1 -1 -1 -1 -1 -1 -1 -1 -1 -1 -1 -1 -1 -1 -1 -1 -1 -1 -1 -1 -1 -1 -1 122 -1 -1 -1 -1 -1 -1 -1 -1 -1 -1 -1 -1 -1 -1 -1 -1 -1 -1 -1 -1 -1 -1 -1 -1 -1 -1 -1 -1 -1 -1 -1 -1 -1 -1 -1 -1 -1 -1 -1 -1 -1 -1 -1 -1 -1 -1 -1 -1 -1 -1 -1 -1 -1 -1 -1 -1 -1 -1 -1
-1 -1 -1 -1 -1 -1 -1 -1 -1 -1 -1 -1 -1 -1 -1 -1 -1 -1 -1 -1 -1 -1 -1 -1 -1 -1 -1 -1 -1 -1 -1 -1 -1 -1 -1 129 -1 -1 -1 -1 -1 -1 -1 -1 -1 -1 -1 -1 -1 -1 -1 -1 -1 -1 -1 -1 -1 -1 -1 -1 -1 -1 -1 -1 -1 -1 -1 -1 -1 -1 -1 -1 -1 -1 -1 -1 -1 -1 -1 -1 -1 -1 -1 -1 -1 -1 -1 -1 -1 -1 -1 -1 -1 -1 -1 -1
